Temperature (K)	Pressure (MPa)	Density (kg/m3)	Volume (m3/kg)	Internal Energy (kJ/kg)	Enthalpy (kJ/kg)	Entropy (J/g*K)	Cv (J/g*K)	Cp (J/g*K)	Sound Spd. (m/s)	Joule-Thomson (K/MPa)	Viscosity (uPa*s)	Therm. Cond. (W/m*K)	Phase
300.00	0.0000	0.0000	infinite	451.67	508.34	-2.2722e+05	0.65692	0.84585	270.14	undefined	14.994	0.016719	vapor
301.67	0.0000	0.0000	infinite	452.76	509.75	-2.2722e+05	0.65865	0.84757	270.81	undefined	15.073	0.016847	vapor
303.33	0.0000	0.0000	infinite	453.86	511.17	-2.2722e+05	0.66037	0.84930	271.48	undefined	15.153	0.016976	vapor
305.00	0.0000	0.0000	infinite	454.96	512.59	-2.2722e+05	0.66209	0.85101	272.15	undefined	15.232	0.017105	vapor
306.67	0.0000	0.0000	infinite	456.07	514.00	-2.2722e+05	0.66380	0.85272	272.81	undefined	15.312	0.017233	vapor
308.33	0.0000	0.0000	infinite	457.18	515.43	-2.2722e+05	0.66550	0.85443	273.47	undefined	15.391	0.017362	vapor
310.00	0.0000	0.0000	infinite	458.29	516.85	-2.2722e+05	0.66720	0.85613	274.14	undefined	15.470	0.017492	vapor
311.67	0.0000	0.0000	infinite	459.40	518.28	-2.2722e+05	0.66890	0.85782	274.79	undefined	15.549	0.017621	vapor
313.33	0.0000	0.0000	infinite	460.52	519.71	-2.2722e+05	0.67058	0.85951	275.45	undefined	15.628	0.017751	vapor
315.00	0.0000	0.0000	infinite	461.64	521.15	-2.2722e+05	0.67226	0.86119	276.11	undefined	15.707	0.017881	vapor
316.67	0.0000	0.0000	infinite	462.76	522.58	-2.2722e+05	0.67394	0.86286	276.76	undefined	15.786	0.018011	vapor
318.33	0.0000	0.0000	infinite	463.88	524.02	-2.2722e+05	0.67561	0.86453	277.41	undefined	15.865	0.018141	vapor
320.00	0.0000	0.0000	infinite	465.01	525.46	-2.2722e+05	0.67727	0.86620	278.06	undefined	15.944	0.018271	vapor
321.67	0.0000	0.0000	infinite	466.14	526.91	-2.2722e+05	0.67893	0.86785	278.71	undefined	16.022	0.018402	vapor
323.33	0.0000	0.0000	infinite	467.27	528.36	-2.2722e+05	0.68058	0.86951	279.36	undefined	16.101	0.018532	vapor
325.00	0.0000	0.0000	infinite	468.41	529.81	-2.2722e+05	0.68223	0.87115	280.01	undefined	16.179	0.018663	vapor
326.67	0.0000	0.0000	infinite	469.55	531.26	-2.2722e+05	0.68387	0.87279	280.65	undefined	16.258	0.018794	vapor
328.33	0.0000	0.0000	infinite	470.69	532.72	-2.2722e+05	0.68550	0.87442	281.29	undefined	16.336	0.018925	vapor
330.00	0.0000	0.0000	infinite	471.83	534.18	-2.2722e+05	0.68713	0.87605	281.93	undefined	16.414	0.019056	vapor
331.67	0.0000	0.0000	infinite	472.98	535.64	-2.2722e+05	0.68875	0.87767	282.57	undefined	16.492	0.019188	vapor
333.33	0.0000	0.0000	infinite	474.13	537.10	-2.2722e+05	0.69037	0.87929	283.21	undefined	16.571	0.019319	vapor
335.00	0.0000	0.0000	infinite	475.28	538.57	-2.2722e+05	0.69198	0.88090	283.85	undefined	16.649	0.019451	vapor
336.67	0.0000	0.0000	infinite	476.43	540.04	-2.2722e+05	0.69358	0.88250	284.48	undefined	16.726	0.019583	vapor
338.33	0.0000	0.0000	infinite	477.59	541.51	-2.2722e+05	0.69518	0.88410	285.11	undefined	16.804	0.019715	vapor
340.00	0.0000	0.0000	infinite	478.75	542.99	-2.2722e+05	0.69677	0.88569	285.75	undefined	16.882	0.019847	vapor
341.67	0.0000	0.0000	infinite	479.91	544.46	-2.2722e+05	0.69835	0.88728	286.38	undefined	16.960	0.019979	vapor
343.33	0.0000	0.0000	infinite	481.08	545.94	-2.2722e+05	0.69993	0.88886	287.00	undefined	17.037	0.020112	vapor
345.00	0.0000	0.0000	infinite	482.25	547.43	-2.2722e+05	0.70151	0.89043	287.63	undefined	17.115	0.020244	vapor
346.67	0.0000	0.0000	infinite	483.42	548.91	-2.2722e+05	0.70308	0.89200	288.26	undefined	17.192	0.020377	vapor
348.33	0.0000	0.0000	infinite	484.59	550.40	-2.2722e+05	0.70464	0.89356	288.88	undefined	17.270	0.020510	vapor
350.00	0.0000	0.0000	infinite	485.77	551.89	-2.2722e+05	0.70620	0.89512	289.50	undefined	17.347	0.020643	vapor
351.67	0.0000	0.0000	infinite	486.94	553.38	-2.2722e+05	0.70775	0.89667	290.13	undefined	17.424	0.020776	vapor
353.33	0.0000	0.0000	infinite	488.13	554.88	-2.2722e+05	0.70929	0.89822	290.75	undefined	17.501	0.020909	vapor
355.00	0.0000	0.0000	infinite	489.31	556.38	-2.2722e+05	0.71083	0.89976	291.36	undefined	17.578	0.021042	vapor
356.67	0.0000	0.0000	infinite	490.49	557.88	-2.2722e+05	0.71236	0.90129	291.98	undefined	17.655	0.021175	vapor
358.33	0.0000	0.0000	infinite	491.68	559.38	-2.2722e+05	0.71389	0.90282	292.60	undefined	17.732	0.021309	vapor
360.00	0.0000	0.0000	infinite	492.87	560.89	-2.2722e+05	0.71541	0.90434	293.21	undefined	17.808	0.021442	vapor
361.67	0.0000	0.0000	infinite	494.07	562.40	-2.2722e+05	0.71693	0.90585	293.82	undefined	17.885	0.021576	vapor
363.33	0.0000	0.0000	infinite	495.26	563.91	-2.2722e+05	0.71844	0.90737	294.44	undefined	17.961	0.021710	vapor
365.00	0.0000	0.0000	infinite	496.46	565.42	-2.2722e+05	0.71995	0.90887	295.05	undefined	18.038	0.021844	vapor
366.67	0.0000	0.0000	infinite	497.66	566.94	-2.2722e+05	0.72144	0.91037	295.66	undefined	18.114	0.021978	vapor
368.33	0.0000	0.0000	infinite	498.87	568.45	-2.2722e+05	0.72294	0.91186	296.26	undefined	18.190	0.022112	vapor
370.00	0.0000	0.0000	infinite	500.07	569.98	-2.2722e+05	0.72443	0.91335	296.87	undefined	18.267	0.022246	vapor
371.67	0.0000	0.0000	infinite	501.28	571.50	-2.2722e+05	0.72591	0.91483	297.47	undefined	18.343	0.022380	vapor
373.33	0.0000	0.0000	infinite	502.49	573.02	-2.2722e+05	0.72739	0.91631	298.08	undefined	18.419	0.022514	vapor
375.00	0.0000	0.0000	infinite	503.71	574.55	-2.2722e+05	0.72886	0.91778	298.68	undefined	18.495	0.022649	vapor
376.67	0.0000	0.0000	infinite	504.92	576.08	-2.2722e+05	0.73032	0.91925	299.28	undefined	18.570	0.022783	vapor
378.33	0.0000	0.0000	infinite	506.14	577.62	-2.2722e+05	0.73178	0.92071	299.88	undefined	18.646	0.022918	vapor
380.00	0.0000	0.0000	infinite	507.36	579.15	-2.2722e+05	0.73324	0.92216	300.48	undefined	18.722	0.023052	vapor
381.67	0.0000	0.0000	infinite	508.59	580.69	-2.2722e+05	0.73469	0.92361	301.08	undefined	18.797	0.023187	vapor
383.33	0.0000	0.0000	infinite	509.81	582.23	-2.2722e+05	0.73613	0.92505	301.67	undefined	18.873	0.023322	vapor
385.00	0.0000	0.0000	infinite	511.04	583.77	-2.2722e+05	0.73757	0.92649	302.27	undefined	18.948	0.023457	vapor
386.67	0.0000	0.0000	infinite	512.27	585.32	-2.2722e+05	0.73900	0.92792	302.86	undefined	19.023	0.023592	vapor
388.33	0.0000	0.0000	infinite	513.50	586.87	-2.2722e+05	0.74043	0.92935	303.46	undefined	19.098	0.023727	vapor
390.00	0.0000	0.0000	infinite	514.74	588.42	-2.2722e+05	0.74185	0.93077	304.05	undefined	19.173	0.023862	vapor
391.67	0.0000	0.0000	infinite	515.98	589.97	-2.2722e+05	0.74327	0.93219	304.64	undefined	19.248	0.023997	vapor
393.33	0.0000	0.0000	infinite	517.22	591.53	-2.2722e+05	0.74468	0.93360	305.23	undefined	19.323	0.024132	vapor
395.00	0.0000	0.0000	infinite	518.46	593.08	-2.2722e+05	0.74609	0.93501	305.81	undefined	19.398	0.024267	vapor
396.67	0.0000	0.0000	infinite	519.70	594.64	-2.2722e+05	0.74749	0.93641	306.40	undefined	19.472	0.024403	vapor
398.33	0.0000	0.0000	infinite	520.95	596.20	-2.2722e+05	0.74888	0.93781	306.98	undefined	19.547	0.024538	vapor
400.00	0.0000	0.0000	infinite	522.20	597.77	-2.2722e+05	0.75027	0.93920	307.57	undefined	19.621	0.024673	vapor
401.67	0.0000	0.0000	infinite	523.45	599.33	-2.2722e+05	0.75166	0.94058	308.15	undefined	19.696	0.024809	vapor
403.33	0.0000	0.0000	infinite	524.70	600.90	-2.2722e+05	0.75304	0.94196	308.73	undefined	19.770	0.024944	vapor
405.00	0.0000	0.0000	infinite	525.96	602.47	-2.2722e+05	0.75442	0.94334	309.31	undefined	19.844	0.025080	vapor
406.67	0.0000	0.0000	infinite	527.22	604.05	-2.2722e+05	0.75579	0.94471	309.89	undefined	19.918	0.025215	vapor
408.33	0.0000	0.0000	infinite	528.48	605.62	-2.2722e+05	0.75715	0.94608	310.47	undefined	19.992	0.025351	vapor
410.00	0.0000	0.0000	infinite	529.74	607.20	-2.2722e+05	0.75851	0.94744	311.05	undefined	20.066	0.025487	vapor
411.67	0.0000	0.0000	infinite	531.01	608.78	-2.2722e+05	0.75987	0.94879	311.63	undefined	20.140	0.025622	vapor
413.33	0.0000	0.0000	infinite	532.28	610.36	-2.2722e+05	0.76122	0.95014	312.20	undefined	20.213	0.025758	vapor
415.00	0.0000	0.0000	infinite	533.55	611.95	-2.2722e+05	0.76256	0.95149	312.77	undefined	20.287	0.025894	vapor
416.67	0.0000	0.0000	infinite	534.82	613.54	-2.2722e+05	0.76390	0.95283	313.35	undefined	20.360	0.026030	vapor
418.33	0.0000	0.0000	infinite	536.09	615.12	-2.2722e+05	0.76524	0.95416	313.92	undefined	20.434	0.026166	vapor
420.00	0.0000	0.0000	infinite	537.37	616.72	-2.2722e+05	0.76657	0.95549	314.49	undefined	20.507	0.026302	vapor
421.67	0.0000	0.0000	infinite	538.65	618.31	-2.2722e+05	0.76790	0.95682	315.06	undefined	20.580	0.026437	vapor
423.33	0.0000	0.0000	infinite	539.93	619.91	-2.2722e+05	0.76922	0.95814	315.63	undefined	20.653	0.026573	vapor
425.00	0.0000	0.0000	infinite	541.21	621.50	-2.2722e+05	0.77053	0.95946	316.20	undefined	20.726	0.026709	vapor
426.67	0.0000	0.0000	infinite	542.50	623.10	-2.2722e+05	0.77184	0.96077	316.76	undefined	20.799	0.026845	vapor
428.33	0.0000	0.0000	infinite	543.78	624.71	-2.2722e+05	0.77315	0.96208	317.33	undefined	20.872	0.026981	vapor
430.00	0.0000	0.0000	infinite	545.07	626.31	-2.2722e+05	0.77445	0.96338	317.89	undefined	20.945	0.027118	vapor
431.67	0.0000	0.0000	infinite	546.37	627.92	-2.2722e+05	0.77575	0.96468	318.45	undefined	21.017	0.027254	vapor
433.33	0.0000	0.0000	infinite	547.66	629.53	-2.2722e+05	0.77704	0.96597	319.02	undefined	21.090	0.027390	vapor
435.00	0.0000	0.0000	infinite	548.96	631.14	-2.2722e+05	0.77833	0.96726	319.58	undefined	21.162	0.027526	vapor
436.67	0.0000	0.0000	infinite	550.25	632.75	-2.2722e+05	0.77962	0.96854	320.14	undefined	21.235	0.027662	vapor
438.33	0.0000	0.0000	infinite	551.55	634.37	-2.2722e+05	0.78089	0.96982	320.70	undefined	21.307	0.027798	vapor
440.00	0.0000	0.0000	infinite	552.86	635.98	-2.2722e+05	0.78217	0.97109	321.26	undefined	21.379	0.027934	vapor
441.67	0.0000	0.0000	infinite	554.16	637.60	-2.2722e+05	0.78344	0.97236	321.81	undefined	21.451	0.028071	vapor
443.33	0.0000	0.0000	infinite	555.47	639.22	-2.2722e+05	0.78470	0.97363	322.37	undefined	21.523	0.028207	vapor
445.00	0.0000	0.0000	infinite	556.78	640.85	-2.2722e+05	0.78597	0.97489	322.92	undefined	21.595	0.028343	vapor
446.67	0.0000	0.0000	infinite	558.09	642.47	-2.2722e+05	0.78722	0.97615	323.48	undefined	21.666	0.028479	vapor
448.33	0.0000	0.0000	infinite	559.40	644.10	-2.2722e+05	0.78847	0.97740	324.03	undefined	21.738	0.028616	vapor
450.00	0.0000	0.0000	infinite	560.72	645.73	-2.2722e+05	0.78972	0.97865	324.58	undefined	21.809	0.028752	vapor
451.67	0.0000	0.0000	infinite	562.03	647.36	-2.2722e+05	0.79097	0.97989	325.13	undefined	21.881	0.028888	vapor
453.33	0.0000	0.0000	infinite	563.35	649.00	-2.2722e+05	0.79220	0.98113	325.68	undefined	21.952	0.029024	vapor
455.00	0.0000	0.0000	infinite	564.67	650.63	-2.2722e+05	0.79344	0.98236	326.23	undefined	22.023	0.029161	vapor
456.67	0.0000	0.0000	infinite	566.00	652.27	-2.2722e+05	0.79467	0.98359	326.78	undefined	22.095	0.029297	vapor
458.33	0.0000	0.0000	infinite	567.32	653.91	-2.2722e+05	0.79590	0.98482	327.33	undefined	22.166	0.029433	vapor
460.00	0.0000	0.0000	infinite	568.65	655.56	-2.2722e+05	0.79712	0.98604	327.88	undefined	22.237	0.029569	vapor
461.67	0.0000	0.0000	infinite	569.98	657.20	-2.2722e+05	0.79833	0.98726	328.42	undefined	22.307	0.029706	vapor
463.33	0.0000	0.0000	infinite	571.31	658.85	-2.2722e+05	0.79955	0.98847	328.97	undefined	22.378	0.029842	vapor
465.00	0.0000	0.0000	infinite	572.65	660.49	-2.2722e+05	0.80076	0.98968	329.51	undefined	22.449	0.029978	vapor
466.67	0.0000	0.0000	infinite	573.98	662.15	-2.2722e+05	0.80196	0.99089	330.05	undefined	22.519	0.030115	vapor
468.33	0.0000	0.0000	infinite	575.32	663.80	-2.2722e+05	0.80316	0.99209	330.59	undefined	22.590	0.030251	vapor
470.00	0.0000	0.0000	infinite	576.66	665.45	-2.2722e+05	0.80436	0.99328	331.13	undefined	22.660	0.030387	vapor
471.67	0.0000	0.0000	infinite	578.00	667.11	-2.2722e+05	0.80555	0.99448	331.67	undefined	22.730	0.030523	vapor
473.33	0.0000	0.0000	infinite	579.34	668.77	-2.2722e+05	0.80674	0.99566	332.21	undefined	22.801	0.030660	vapor
475.00	0.0000	0.0000	infinite	580.69	670.43	-2.2722e+05	0.80792	0.99685	332.75	undefined	22.871	0.030796	vapor
476.67	0.0000	0.0000	infinite	582.04	672.09	-2.2722e+05	0.80910	0.99803	333.29	undefined	22.941	0.030932	vapor
478.33	0.0000	0.0000	infinite	583.39	673.75	-2.2722e+05	0.81028	0.99921	333.82	undefined	23.011	0.031068	vapor
480.00	0.0000	0.0000	infinite	584.74	675.42	-2.2722e+05	0.81145	1.0004	334.36	undefined	23.080	0.031204	vapor
481.67	0.0000	0.0000	infinite	586.09	677.09	-2.2722e+05	0.81262	1.0015	334.89	undefined	23.150	0.031341	vapor
483.33	0.0000	0.0000	infinite	587.45	678.76	-2.2722e+05	0.81379	1.0027	335.43	undefined	23.220	0.031477	vapor
485.00	0.0000	0.0000	infinite	588.80	680.43	-2.2722e+05	0.81495	1.0039	335.96	undefined	23.289	0.031613	vapor
486.67	0.0000	0.0000	infinite	590.16	682.11	-2.2722e+05	0.81610	1.0050	336.49	undefined	23.358	0.031749	vapor
488.33	0.0000	0.0000	infinite	591.52	683.78	-2.2722e+05	0.81726	1.0062	337.02	undefined	23.428	0.031885	vapor
490.00	0.0000	0.0000	infinite	592.89	685.46	-2.2722e+05	0.81840	1.0073	337.55	undefined	23.497	0.032021	vapor
491.67	0.0000	0.0000	infinite	594.25	687.14	-2.2722e+05	0.81955	1.0085	338.08	undefined	23.566	0.032157	vapor
493.33	0.0000	0.0000	infinite	595.62	688.82	-2.2722e+05	0.82069	1.0096	338.61	undefined	23.635	0.032293	vapor
495.00	0.0000	0.0000	infinite	596.99	690.50	-2.2722e+05	0.82183	1.0108	339.14	undefined	23.704	0.032429	vapor
496.67	0.0000	0.0000	infinite	598.36	692.19	-2.2722e+05	0.82296	1.0119	339.67	undefined	23.773	0.032565	vapor
498.33	0.0000	0.0000	infinite	599.73	693.88	-2.2722e+05	0.82409	1.0130	340.19	undefined	23.842	0.032701	vapor
500.00	0.0000	0.0000	infinite	601.10	695.57	-2.2722e+05	0.82522	1.0141	340.72	undefined	23.910	0.032837	vapor
501.67	0.0000	0.0000	infinite	602.48	697.26	-2.2722e+05	0.82634	1.0153	341.24	undefined	23.979	0.032973	vapor
503.33	0.0000	0.0000	infinite	603.86	698.95	-2.2722e+05	0.82746	1.0164	341.76	undefined	24.047	0.033109	vapor
505.00	0.0000	0.0000	infinite	605.24	700.65	-2.2722e+05	0.82857	1.0175	342.29	undefined	24.116	0.033245	vapor
506.67	0.0000	0.0000	infinite	606.62	702.34	-2.2722e+05	0.82968	1.0186	342.81	undefined	24.184	0.033381	vapor
508.33	0.0000	0.0000	infinite	608.00	704.04	-2.2722e+05	0.83079	1.0197	343.33	undefined	24.252	0.033517	vapor
510.00	0.0000	0.0000	infinite	609.39	705.74	-2.2722e+05	0.83189	1.0208	343.85	undefined	24.320	0.033653	vapor
511.67	0.0000	0.0000	infinite	610.78	707.44	-2.2722e+05	0.83299	1.0219	344.37	undefined	24.388	0.033789	vapor
513.33	0.0000	0.0000	infinite	612.17	709.15	-2.2722e+05	0.83409	1.0230	344.89	undefined	24.456	0.033924	vapor
515.00	0.0000	0.0000	infinite	613.56	710.85	-2.2722e+05	0.83518	1.0241	345.41	undefined	24.524	0.034060	vapor
516.67	0.0000	0.0000	infinite	614.95	712.56	-2.2722e+05	0.83627	1.0252	345.92	undefined	24.592	0.034196	vapor
518.33	0.0000	0.0000	infinite	616.35	714.27	-2.2722e+05	0.83736	1.0263	346.44	undefined	24.659	0.034331	vapor
520.00	0.0000	0.0000	infinite	617.74	715.98	-2.2722e+05	0.83844	1.0274	346.95	undefined	24.727	0.034467	vapor
521.67	0.0000	0.0000	infinite	619.14	717.70	-2.2722e+05	0.83952	1.0284	347.47	undefined	24.794	0.034603	vapor
523.33	0.0000	0.0000	infinite	620.54	719.41	-2.2722e+05	0.84060	1.0295	347.98	undefined	24.862	0.034738	vapor
525.00	0.0000	0.0000	infinite	621.94	721.13	-2.2722e+05	0.84167	1.0306	348.49	undefined	24.929	0.034874	vapor
526.67	0.0000	0.0000	infinite	623.35	722.85	-2.2722e+05	0.84274	1.0317	349.01	undefined	24.996	0.035009	vapor
528.33	0.0000	0.0000	infinite	624.75	724.57	-2.2722e+05	0.84380	1.0327	349.52	undefined	25.063	0.035145	vapor
530.00	0.0000	0.0000	infinite	626.16	726.29	-2.2722e+05	0.84486	1.0338	350.03	undefined	25.130	0.035280	vapor
531.67	0.0000	0.0000	infinite	627.57	728.01	-2.2722e+05	0.84592	1.0348	350.54	undefined	25.197	0.035415	vapor
533.33	0.0000	0.0000	infinite	628.98	729.74	-2.2722e+05	0.84697	1.0359	351.05	undefined	25.264	0.035551	vapor
535.00	0.0000	0.0000	infinite	630.39	731.47	-2.2722e+05	0.84802	1.0369	351.56	undefined	25.330	0.035686	vapor
536.67	0.0000	0.0000	infinite	631.81	733.19	-2.2722e+05	0.84907	1.0380	352.06	undefined	25.397	0.035821	vapor
538.33	0.0000	0.0000	infinite	633.22	734.93	-2.2722e+05	0.85012	1.0390	352.57	undefined	25.464	0.035956	vapor
540.00	0.0000	0.0000	infinite	634.64	736.66	-2.2722e+05	0.85116	1.0401	353.08	undefined	25.530	0.036092	vapor
541.67	0.0000	0.0000	infinite	636.06	738.39	-2.2722e+05	0.85220	1.0411	353.58	undefined	25.596	0.036227	vapor
543.33	0.0000	0.0000	infinite	637.48	740.13	-2.2722e+05	0.85323	1.0422	354.09	undefined	25.663	0.036362	vapor
545.00	0.0000	0.0000	infinite	638.90	741.87	-2.2722e+05	0.85426	1.0432	354.59	undefined	25.729	0.036497	vapor
546.67	0.0000	0.0000	infinite	640.33	743.61	-2.2722e+05	0.85529	1.0442	355.09	undefined	25.795	0.036632	vapor
548.33	0.0000	0.0000	infinite	641.75	745.35	-2.2722e+05	0.85631	1.0452	355.60	undefined	25.861	0.036767	vapor
550.00	0.0000	0.0000	infinite	643.18	747.09	-2.2722e+05	0.85733	1.0463	356.10	undefined	25.927	0.036902	vapor
551.67	0.0000	0.0000	infinite	644.61	748.83	-2.2722e+05	0.85835	1.0473	356.60	undefined	25.993	0.037037	vapor
553.33	0.0000	0.0000	infinite	646.04	750.58	-2.2722e+05	0.85937	1.0483	357.10	undefined	26.058	0.037171	vapor
555.00	0.0000	0.0000	infinite	647.48	752.33	-2.2722e+05	0.86038	1.0493	357.60	undefined	26.124	0.037306	vapor
556.67	0.0000	0.0000	infinite	648.91	754.08	-2.2722e+05	0.86139	1.0503	358.10	undefined	26.189	0.037441	vapor
558.33	0.0000	0.0000	infinite	650.35	755.83	-2.2722e+05	0.86239	1.0513	358.60	undefined	26.255	0.037576	vapor
560.00	0.0000	0.0000	infinite	651.79	757.58	-2.2722e+05	0.86340	1.0523	359.09	undefined	26.320	0.037710	vapor
561.67	0.0000	0.0000	infinite	653.23	759.34	-2.2722e+05	0.86439	1.0533	359.59	undefined	26.386	0.037845	vapor
563.33	0.0000	0.0000	infinite	654.67	761.09	-2.2722e+05	0.86539	1.0543	360.09	undefined	26.451	0.037979	vapor
565.00	0.0000	0.0000	infinite	656.11	762.85	-2.2722e+05	0.86638	1.0553	360.58	undefined	26.516	0.038114	vapor
566.67	0.0000	0.0000	infinite	657.55	764.61	-2.2722e+05	0.86737	1.0563	361.08	undefined	26.581	0.038248	vapor
568.33	0.0000	0.0000	infinite	659.00	766.37	-2.2722e+05	0.86836	1.0573	361.57	undefined	26.646	0.038382	vapor
570.00	0.0000	0.0000	infinite	660.45	768.14	-2.2722e+05	0.86934	1.0583	362.06	undefined	26.711	0.038517	vapor
571.67	0.0000	0.0000	infinite	661.90	769.90	-2.2722e+05	0.87032	1.0592	362.55	undefined	26.776	0.038651	vapor
573.33	0.0000	0.0000	infinite	663.35	771.67	-2.2722e+05	0.87130	1.0602	363.05	undefined	26.840	0.038785	vapor
575.00	0.0000	0.0000	infinite	664.80	773.43	-2.2722e+05	0.87227	1.0612	363.54	undefined	26.905	0.038919	vapor
576.67	0.0000	0.0000	infinite	666.26	775.20	-2.2722e+05	0.87324	1.0622	364.03	undefined	26.969	0.039054	vapor
578.33	0.0000	0.0000	infinite	667.71	776.98	-2.2722e+05	0.87421	1.0631	364.52	undefined	27.034	0.039188	vapor
580.00	0.0000	0.0000	infinite	669.17	778.75	-2.2722e+05	0.87518	1.0641	365.01	undefined	27.098	0.039322	vapor
581.67	0.0000	0.0000	infinite	670.63	780.52	-2.2722e+05	0.87614	1.0651	365.50	undefined	27.162	0.039456	vapor
583.33	0.0000	0.0000	infinite	672.09	782.30	-2.2722e+05	0.87710	1.0660	365.98	undefined	27.227	0.039589	vapor
585.00	0.0000	0.0000	infinite	673.55	784.08	-2.2722e+05	0.87805	1.0670	366.47	undefined	27.291	0.039723	vapor
586.67	0.0000	0.0000	infinite	675.02	785.85	-2.2722e+05	0.87901	1.0679	366.96	undefined	27.355	0.039857	vapor
588.33	0.0000	0.0000	infinite	676.48	787.64	-2.2722e+05	0.87996	1.0689	367.44	undefined	27.419	0.039991	vapor
590.00	0.0000	0.0000	infinite	677.95	789.42	-2.2722e+05	0.88090	1.0698	367.93	undefined	27.482	0.040124	vapor
591.67	0.0000	0.0000	infinite	679.42	791.20	-2.2722e+05	0.88185	1.0708	368.41	undefined	27.546	0.040258	vapor
593.33	0.0000	0.0000	infinite	680.89	792.99	-2.2722e+05	0.88279	1.0717	368.90	undefined	27.610	0.040391	vapor
595.00	0.0000	0.0000	infinite	682.36	794.77	-2.2722e+05	0.88373	1.0727	369.38	undefined	27.673	0.040525	vapor
596.67	0.0000	0.0000	infinite	683.84	796.56	-2.2722e+05	0.88466	1.0736	369.86	undefined	27.737	0.040658	vapor
598.33	0.0000	0.0000	infinite	685.31	798.35	-2.2722e+05	0.88560	1.0745	370.34	undefined	27.800	0.040792	vapor
600.00	0.0000	0.0000	infinite	686.79	800.14	-2.2722e+05	0.88653	1.0755	370.82	undefined	27.864	0.040925	vapor
601.67	0.0000	0.0000	infinite	688.27	801.94	-2.2722e+05	0.88745	1.0764	371.31	undefined	27.927	0.041058	vapor
603.33	0.0000	0.0000	infinite	689.75	803.73	-2.2722e+05	0.88838	1.0773	371.79	undefined	27.990	0.041191	vapor
605.00	0.0000	0.0000	infinite	691.23	805.53	-2.2722e+05	0.88930	1.0782	372.26	undefined	28.053	0.041325	vapor
606.67	0.0000	0.0000	infinite	692.71	807.33	-2.2722e+05	0.89022	1.0791	372.74	undefined	28.116	0.041458	vapor
608.33	0.0000	0.0000	infinite	694.20	809.13	-2.2722e+05	0.89113	1.0801	373.22	undefined	28.179	0.041591	vapor
610.00	0.0000	0.0000	infinite	695.68	810.93	-2.2722e+05	0.89204	1.0810	373.70	undefined	28.242	0.041724	vapor
611.67	0.0000	0.0000	infinite	697.17	812.73	-2.2722e+05	0.89295	1.0819	374.18	undefined	28.305	0.041856	vapor
613.33	0.0000	0.0000	infinite	698.66	814.53	-2.2722e+05	0.89386	1.0828	374.65	undefined	28.368	0.041989	vapor
615.00	0.0000	0.0000	infinite	700.15	816.34	-2.2722e+05	0.89477	1.0837	375.13	undefined	28.430	0.042122	vapor
616.67	0.0000	0.0000	infinite	701.64	818.14	-2.2722e+05	0.89567	1.0846	375.60	undefined	28.493	0.042255	vapor
618.33	0.0000	0.0000	infinite	703.14	819.95	-2.2722e+05	0.89657	1.0855	376.08	undefined	28.555	0.042387	vapor
620.00	0.0000	0.0000	infinite	704.63	821.76	-2.2722e+05	0.89746	1.0864	376.55	undefined	28.618	0.042520	vapor
621.67	0.0000	0.0000	infinite	706.13	823.57	-2.2722e+05	0.89836	1.0873	377.02	undefined	28.680	0.042652	vapor
623.33	0.0000	0.0000	infinite	707.62	825.39	-2.2722e+05	0.89925	1.0882	377.50	undefined	28.742	0.042785	vapor
625.00	0.0000	0.0000	infinite	709.12	827.20	-2.2722e+05	0.90013	1.0891	377.97	undefined	28.804	0.042917	vapor
626.67	0.0000	0.0000	infinite	710.63	829.02	-2.2722e+05	0.90102	1.0899	378.44	undefined	28.866	0.043049	vapor
628.33	0.0000	0.0000	infinite	712.13	830.83	-2.2722e+05	0.90190	1.0908	378.91	undefined	28.928	0.043182	vapor
630.00	0.0000	0.0000	infinite	713.63	832.65	-2.2722e+05	0.90278	1.0917	379.38	undefined	28.990	0.043314	vapor
631.67	0.0000	0.0000	infinite	715.14	834.47	-2.2722e+05	0.90366	1.0926	379.85	undefined	29.052	0.043446	vapor
633.33	0.0000	0.0000	infinite	716.64	836.30	-2.2722e+05	0.90453	1.0935	380.32	undefined	29.114	0.043578	vapor
635.00	0.0000	0.0000	infinite	718.15	838.12	-2.2722e+05	0.90541	1.0943	380.79	undefined	29.175	0.043710	vapor
636.67	0.0000	0.0000	infinite	719.66	839.94	-2.2722e+05	0.90627	1.0952	381.26	undefined	29.237	0.043842	vapor
638.33	0.0000	0.0000	infinite	721.17	841.77	-2.2722e+05	0.90714	1.0961	381.72	undefined	29.299	0.043973	vapor
640.00	0.0000	0.0000	infinite	722.69	843.60	-2.2722e+05	0.90800	1.0969	382.19	undefined	29.360	0.044105	vapor
641.67	0.0000	0.0000	infinite	724.20	845.43	-2.2722e+05	0.90887	1.0978	382.66	undefined	29.421	0.044237	vapor
643.33	0.0000	0.0000	infinite	725.71	847.26	-2.2722e+05	0.90972	1.0986	383.12	undefined	29.483	0.044369	vapor
645.00	0.0000	0.0000	infinite	727.23	849.09	-2.2722e+05	0.91058	1.0995	383.59	undefined	29.544	0.044500	vapor
646.67	0.0000	0.0000	infinite	728.75	850.92	-2.2722e+05	0.91143	1.1004	384.05	undefined	29.605	0.044632	vapor
648.33	0.0000	0.0000	infinite	730.27	852.76	-2.2722e+05	0.91228	1.1012	384.51	undefined	29.666	0.044763	vapor
650.00	0.0000	0.0000	infinite	731.79	854.59	-2.2722e+05	0.91313	1.1021	384.98	undefined	29.727	0.044894	vapor
651.67	0.0000	0.0000	infinite	733.31	856.43	-2.2722e+05	0.91398	1.1029	385.44	undefined	29.788	0.045026	vapor
653.33	0.0000	0.0000	infinite	734.84	858.27	-2.2722e+05	0.91482	1.1037	385.90	undefined	29.849	0.045157	vapor
655.00	0.0000	0.0000	infinite	736.36	860.11	-2.2722e+05	0.91566	1.1046	386.36	undefined	29.910	0.045288	vapor
656.67	0.0000	0.0000	infinite	737.89	861.95	-2.2722e+05	0.91650	1.1054	386.82	undefined	29.970	0.045419	vapor
658.33	0.0000	0.0000	infinite	739.42	863.79	-2.2722e+05	0.91734	1.1063	387.29	undefined	30.031	0.045550	vapor
660.00	0.0000	0.0000	infinite	740.95	865.64	-2.2722e+05	0.91817	1.1071	387.75	undefined	30.091	0.045681	vapor
661.67	0.0000	0.0000	infinite	742.48	867.48	-2.2722e+05	0.91900	1.1079	388.20	undefined	30.152	0.045812	vapor
663.33	0.0000	0.0000	infinite	744.01	869.33	-2.2722e+05	0.91983	1.1088	388.66	undefined	30.212	0.045942	vapor
665.00	0.0000	0.0000	infinite	745.54	871.18	-2.2722e+05	0.92065	1.1096	389.12	undefined	30.273	0.046073	vapor
666.67	0.0000	0.0000	infinite	747.08	873.03	-2.2722e+05	0.92148	1.1104	389.58	undefined	30.333	0.046204	vapor
668.33	0.0000	0.0000	infinite	748.62	874.88	-2.2722e+05	0.92230	1.1112	390.04	undefined	30.393	0.046334	vapor
670.00	0.0000	0.0000	infinite	750.15	876.73	-2.2722e+05	0.92311	1.1120	390.49	undefined	30.453	0.046465	vapor
671.67	0.0000	0.0000	infinite	751.69	878.59	-2.2722e+05	0.92393	1.1129	390.95	undefined	30.513	0.046595	vapor
673.33	0.0000	0.0000	infinite	753.23	880.44	-2.2722e+05	0.92474	1.1137	391.40	undefined	30.573	0.046726	vapor
675.00	0.0000	0.0000	infinite	754.78	882.30	-2.2722e+05	0.92555	1.1145	391.86	undefined	30.633	0.046856	vapor
676.67	0.0000	0.0000	infinite	756.32	884.16	-2.2722e+05	0.92636	1.1153	392.31	undefined	30.693	0.046986	vapor
678.33	0.0000	0.0000	infinite	757.86	886.02	-2.2722e+05	0.92717	1.1161	392.77	undefined	30.753	0.047116	vapor
680.00	0.0000	0.0000	infinite	759.41	887.88	-2.2722e+05	0.92797	1.1169	393.22	undefined	30.812	0.047246	vapor
681.67	0.0000	0.0000	infinite	760.96	889.74	-2.2722e+05	0.92877	1.1177	393.67	undefined	30.872	0.047376	vapor
683.33	0.0000	0.0000	infinite	762.51	891.60	-2.2722e+05	0.92957	1.1185	394.13	undefined	30.931	0.047506	vapor
685.00	0.0000	0.0000	infinite	764.06	893.47	-2.2722e+05	0.93037	1.1193	394.58	undefined	30.991	0.047636	vapor
686.67	0.0000	0.0000	infinite	765.61	895.33	-2.2722e+05	0.93116	1.1201	395.03	undefined	31.050	0.047766	vapor
688.33	0.0000	0.0000	infinite	767.16	897.20	-2.2722e+05	0.93195	1.1209	395.48	undefined	31.110	0.047895	vapor
690.00	0.0000	0.0000	infinite	768.71	899.07	-2.2722e+05	0.93274	1.1217	395.93	undefined	31.169	0.048025	vapor
691.67	0.0000	0.0000	infinite	770.27	900.94	-2.2722e+05	0.93353	1.1225	396.38	undefined	31.228	0.048154	vapor
693.33	0.0000	0.0000	infinite	771.83	902.81	-2.2722e+05	0.93431	1.1232	396.83	undefined	31.287	0.048284	vapor
695.00	0.0000	0.0000	infinite	773.38	904.69	-2.2722e+05	0.93509	1.1240	397.28	undefined	31.346	0.048413	vapor
696.67	0.0000	0.0000	infinite	774.94	906.56	-2.2722e+05	0.93587	1.1248	397.73	undefined	31.405	0.048542	vapor
698.33	0.0000	0.0000	infinite	776.50	908.43	-2.2722e+05	0.93665	1.1256	398.17	undefined	31.464	0.048672	vapor
700.00	0.0000	0.0000	infinite	778.06	910.31	-2.2722e+05	0.93742	1.1263	398.62	undefined	31.523	0.048801	vapor
701.67	0.0000	0.0000	infinite	779.63	912.19	-2.2722e+05	0.93820	1.1271	399.07	undefined	31.582	0.048930	vapor
703.33	0.0000	0.0000	infinite	781.19	914.07	-2.2722e+05	0.93897	1.1279	399.51	undefined	31.640	0.049059	vapor
705.00	0.0000	0.0000	infinite	782.76	915.95	-2.2722e+05	0.93973	1.1287	399.96	undefined	31.699	0.049188	vapor
706.67	0.0000	0.0000	infinite	784.32	917.83	-2.2722e+05	0.94050	1.1294	400.41	undefined	31.757	0.049317	vapor
708.33	0.0000	0.0000	infinite	785.89	919.71	-2.2722e+05	0.94126	1.1302	400.85	undefined	31.816	0.049445	vapor
710.00	0.0000	0.0000	infinite	787.46	921.60	-2.2722e+05	0.94202	1.1309	401.29	undefined	31.874	0.049574	vapor
711.67	0.0000	0.0000	infinite	789.03	923.48	-2.2722e+05	0.94278	1.1317	401.74	undefined	31.933	0.049703	vapor
713.33	0.0000	0.0000	infinite	790.60	925.37	-2.2722e+05	0.94354	1.1325	402.18	undefined	31.991	0.049831	vapor
715.00	0.0000	0.0000	infinite	792.18	927.26	-2.2722e+05	0.94429	1.1332	402.62	undefined	32.049	0.049960	vapor
716.67	0.0000	0.0000	infinite	793.75	929.15	-2.2722e+05	0.94505	1.1340	403.07	undefined	32.107	0.050088	vapor
718.33	0.0000	0.0000	infinite	795.33	931.04	-2.2722e+05	0.94579	1.1347	403.51	undefined	32.166	0.050216	vapor
720.00	0.0000	0.0000	infinite	796.90	932.93	-2.2722e+05	0.94654	1.1355	403.95	undefined	32.224	0.050345	vapor
721.67	0.0000	0.0000	infinite	798.48	934.82	-2.2722e+05	0.94729	1.1362	404.39	undefined	32.282	0.050473	vapor
723.33	0.0000	0.0000	infinite	800.06	936.72	-2.2722e+05	0.94803	1.1370	404.83	undefined	32.339	0.050601	vapor
725.00	0.0000	0.0000	infinite	801.64	938.61	-2.2722e+05	0.94877	1.1377	405.27	undefined	32.397	0.050729	vapor
726.67	0.0000	0.0000	infinite	803.22	940.51	-2.2722e+05	0.94951	1.1384	405.71	undefined	32.455	0.050857	vapor
728.33	0.0000	0.0000	infinite	804.81	942.41	-2.2722e+05	0.95025	1.1392	406.15	undefined	32.513	0.050984	vapor
730.00	0.0000	0.0000	infinite	806.39	944.31	-2.2722e+05	0.95098	1.1399	406.59	undefined	32.570	0.051112	vapor
731.67	0.0000	0.0000	infinite	807.98	946.21	-2.2722e+05	0.95171	1.1406	407.02	undefined	32.628	0.051240	vapor
733.33	0.0000	0.0000	infinite	809.56	948.11	-2.2722e+05	0.95244	1.1414	407.46	undefined	32.685	0.051368	vapor
735.00	0.0000	0.0000	infinite	811.15	950.01	-2.2722e+05	0.95317	1.1421	407.90	undefined	32.743	0.051495	vapor
736.67	0.0000	0.0000	infinite	812.74	951.92	-2.2722e+05	0.95389	1.1428	408.34	undefined	32.800	0.051622	vapor
738.33	0.0000	0.0000	infinite	814.33	953.82	-2.2722e+05	0.95462	1.1435	408.77	undefined	32.858	0.051750	vapor
740.00	0.0000	0.0000	infinite	815.92	955.73	-2.2722e+05	0.95534	1.1443	409.21	undefined	32.915	0.051877	vapor
741.67	0.0000	0.0000	infinite	817.52	957.64	-2.2722e+05	0.95606	1.1450	409.64	undefined	32.972	0.052004	vapor
743.33	0.0000	0.0000	infinite	819.11	959.54	-2.2722e+05	0.95677	1.1457	410.08	undefined	33.029	0.052131	vapor
745.00	0.0000	0.0000	infinite	820.71	961.45	-2.2722e+05	0.95749	1.1464	410.51	undefined	33.086	0.052259	vapor
746.67	0.0000	0.0000	infinite	822.30	963.37	-2.2722e+05	0.95820	1.1471	410.95	undefined	33.143	0.052385	vapor
748.33	0.0000	0.0000	infinite	823.90	965.28	-2.2722e+05	0.95891	1.1478	411.38	undefined	33.200	0.052512	vapor
750.00	0.0000	0.0000	infinite	825.50	967.19	-2.2722e+05	0.95962	1.1485	411.81	undefined	33.257	0.052639	vapor
751.67	0.0000	0.0000	infinite	827.10	969.11	-2.2722e+05	0.96032	1.1492	412.24	undefined	33.314	0.052766	vapor
753.33	0.0000	0.0000	infinite	828.70	971.02	-2.2722e+05	0.96103	1.1500	412.68	undefined	33.370	0.052893	vapor
755.00	0.0000	0.0000	infinite	830.30	972.94	-2.2722e+05	0.96173	1.1507	413.11	undefined	33.427	0.053019	vapor
756.67	0.0000	0.0000	infinite	831.91	974.86	-2.2722e+05	0.96243	1.1514	413.54	undefined	33.484	0.053146	vapor
758.33	0.0000	0.0000	infinite	833.51	976.78	-2.2722e+05	0.96313	1.1521	413.97	undefined	33.540	0.053272	vapor
760.00	0.0000	0.0000	infinite	835.12	978.70	-2.2722e+05	0.96382	1.1527	414.40	undefined	33.597	0.053398	vapor
761.67	0.0000	0.0000	infinite	836.72	980.62	-2.2722e+05	0.96452	1.1534	414.83	undefined	33.653	0.053525	vapor
763.33	0.0000	0.0000	infinite	838.33	982.54	-2.2722e+05	0.96521	1.1541	415.26	undefined	33.710	0.053651	vapor
765.00	0.0000	0.0000	infinite	839.94	984.47	-2.2722e+05	0.96590	1.1548	415.69	undefined	33.766	0.053777	vapor
766.67	0.0000	0.0000	infinite	841.55	986.39	-2.2722e+05	0.96658	1.1555	416.12	undefined	33.822	0.053903	vapor
768.33	0.0000	0.0000	infinite	843.16	988.32	-2.2722e+05	0.96727	1.1562	416.54	undefined	33.878	0.054029	vapor
770.00	0.0000	0.0000	infinite	844.77	990.25	-2.2722e+05	0.96795	1.1569	416.97	undefined	33.934	0.054155	vapor
771.67	0.0000	0.0000	infinite	846.39	992.18	-2.2722e+05	0.96863	1.1576	417.40	undefined	33.991	0.054280	vapor
773.33	0.0000	0.0000	infinite	848.00	994.10	-2.2722e+05	0.96931	1.1582	417.82	undefined	34.047	0.054406	vapor
775.00	0.0000	0.0000	infinite	849.62	996.04	-2.2722e+05	0.96999	1.1589	418.25	undefined	34.102	0.054532	vapor
776.67	0.0000	0.0000	infinite	851.24	997.97	-2.2722e+05	0.97067	1.1596	418.68	undefined	34.158	0.054657	vapor
778.33	0.0000	0.0000	infinite	852.86	999.90	-2.2722e+05	0.97134	1.1603	419.10	undefined	34.214	0.054783	vapor
780.00	0.0000	0.0000	infinite	854.47	1001.8	-2.2722e+05	0.97201	1.1609	419.53	undefined	34.270	0.054908	vapor
781.67	0.0000	0.0000	infinite	856.10	1003.8	-2.2722e+05	0.97268	1.1616	419.95	undefined	34.326	0.055033	vapor
783.33	0.0000	0.0000	infinite	857.72	1005.7	-2.2722e+05	0.97335	1.1623	420.37	undefined	34.381	0.055159	vapor
785.00	0.0000	0.0000	infinite	859.34	1007.6	-2.2722e+05	0.97401	1.1629	420.80	undefined	34.437	0.055284	vapor
786.67	0.0000	0.0000	infinite	860.96	1009.6	-2.2722e+05	0.97467	1.1636	421.22	undefined	34.492	0.055409	vapor
788.33	0.0000	0.0000	infinite	862.59	1011.5	-2.2722e+05	0.97533	1.1643	421.64	undefined	34.548	0.055534	vapor
790.00	0.0000	0.0000	infinite	864.21	1013.5	-2.2722e+05	0.97599	1.1649	422.07	undefined	34.603	0.055659	vapor
791.67	0.0000	0.0000	infinite	865.84	1015.4	-2.2722e+05	0.97665	1.1656	422.49	undefined	34.659	0.055784	vapor
793.33	0.0000	0.0000	infinite	867.47	1017.4	-2.2722e+05	0.97731	1.1662	422.91	undefined	34.714	0.055908	vapor
795.00	0.0000	0.0000	infinite	869.10	1019.3	-2.2722e+05	0.97796	1.1669	423.33	undefined	34.769	0.056033	vapor
796.67	0.0000	0.0000	infinite	870.73	1021.2	-2.2722e+05	0.97861	1.1675	423.75	undefined	34.824	0.056158	vapor
798.33	0.0000	0.0000	infinite	872.36	1023.2	-2.2722e+05	0.97926	1.1682	424.17	undefined	34.880	0.056282	vapor
800.00	0.0000	0.0000	infinite	873.99	1025.1	-2.2722e+05	0.97991	1.1688	424.59	undefined	34.935	0.056406	vapor
801.67	0.0000	0.0000	infinite	875.63	1027.1	-2.2722e+05	0.98055	1.1695	425.01	undefined	34.990	0.056531	vapor
803.33	0.0000	0.0000	infinite	877.26	1029.0	-2.2722e+05	0.98120	1.1701	425.43	undefined	35.045	0.056655	vapor
805.00	0.0000	0.0000	infinite	878.90	1031.0	-2.2722e+05	0.98184	1.1708	425.85	undefined	35.100	0.056779	vapor
806.67	0.0000	0.0000	infinite	880.54	1032.9	-2.2722e+05	0.98248	1.1714	426.27	undefined	35.154	0.056903	vapor
808.33	0.0000	0.0000	infinite	882.17	1034.9	-2.2722e+05	0.98312	1.1720	426.69	undefined	35.209	0.057027	vapor
810.00	0.0000	0.0000	infinite	883.81	1036.8	-2.2722e+05	0.98375	1.1727	427.10	undefined	35.264	0.057151	vapor
811.67	0.0000	0.0000	infinite	885.45	1038.8	-2.2722e+05	0.98439	1.1733	427.52	undefined	35.319	0.057275	vapor
813.33	0.0000	0.0000	infinite	887.09	1040.8	-2.2722e+05	0.98502	1.1739	427.94	undefined	35.373	0.057399	vapor
815.00	0.0000	0.0000	infinite	888.74	1042.7	-2.2722e+05	0.98565	1.1746	428.35	undefined	35.428	0.057522	vapor
816.67	0.0000	0.0000	infinite	890.38	1044.7	-2.2722e+05	0.98628	1.1752	428.77	undefined	35.482	0.057646	vapor
818.33	0.0000	0.0000	infinite	892.02	1046.6	-2.2722e+05	0.98690	1.1758	429.18	undefined	35.537	0.057770	vapor
820.00	0.0000	0.0000	infinite	893.67	1048.6	-2.2722e+05	0.98753	1.1765	429.60	undefined	35.591	0.057893	vapor
821.67	0.0000	0.0000	infinite	895.32	1050.5	-2.2722e+05	0.98815	1.1771	430.01	undefined	35.645	0.058016	vapor
823.33	0.0000	0.0000	infinite	896.96	1052.5	-2.2722e+05	0.98877	1.1777	430.43	undefined	35.700	0.058140	vapor
825.00	0.0000	0.0000	infinite	898.61	1054.5	-2.2722e+05	0.98939	1.1783	430.84	undefined	35.754	0.058263	vapor
826.67	0.0000	0.0000	infinite	900.26	1056.4	-2.2722e+05	0.99001	1.1789	431.25	undefined	35.808	0.058386	vapor
828.33	0.0000	0.0000	infinite	901.91	1058.4	-2.2722e+05	0.99062	1.1795	431.67	undefined	35.862	0.058509	vapor
830.00	0.0000	0.0000	infinite	903.56	1060.4	-2.2722e+05	0.99124	1.1802	432.08	undefined	35.916	0.058632	vapor
831.67	0.0000	0.0000	infinite	905.22	1062.3	-2.2722e+05	0.99185	1.1808	432.49	undefined	35.970	0.058755	vapor
833.33	0.0000	0.0000	infinite	906.87	1064.3	-2.2722e+05	0.99246	1.1814	432.90	undefined	36.024	0.058878	vapor
835.00	0.0000	0.0000	infinite	908.52	1066.3	-2.2722e+05	0.99307	1.1820	433.32	undefined	36.078	0.059000	vapor
836.67	0.0000	0.0000	infinite	910.18	1068.2	-2.2722e+05	0.99367	1.1826	433.73	undefined	36.132	0.059123	vapor
838.33	0.0000	0.0000	infinite	911.84	1070.2	-2.2722e+05	0.99428	1.1832	434.14	undefined	36.186	0.059246	vapor
840.00	0.0000	0.0000	infinite	913.49	1072.2	-2.2722e+05	0.99488	1.1838	434.55	undefined	36.240	0.059368	vapor
841.67	0.0000	0.0000	infinite	915.15	1074.2	-2.2722e+05	0.99548	1.1844	434.96	undefined	36.293	0.059490	vapor
843.33	0.0000	0.0000	infinite	916.81	1076.1	-2.2722e+05	0.99608	1.1850	435.37	undefined	36.347	0.059613	vapor
845.00	0.0000	0.0000	infinite	918.47	1078.1	-2.2722e+05	0.99668	1.1856	435.78	undefined	36.401	0.059735	vapor
846.67	0.0000	0.0000	infinite	920.13	1080.1	-2.2722e+05	0.99727	1.1862	436.19	undefined	36.454	0.059857	vapor
848.33	0.0000	0.0000	infinite	921.80	1082.1	-2.2722e+05	0.99787	1.1868	436.59	undefined	36.508	0.059979	vapor
850.00	0.0000	0.0000	infinite	923.46	1084.0	-2.2722e+05	0.99846	1.1874	437.00	undefined	36.561	0.060101	vapor
851.67	0.0000	0.0000	infinite	925.13	1086.0	-2.2722e+05	0.99905	1.1880	437.41	undefined	36.615	0.060223	vapor
853.33	0.0000	0.0000	infinite	926.79	1088.0	-2.2722e+05	0.99964	1.1886	437.82	undefined	36.668	0.060345	vapor
855.00	0.0000	0.0000	infinite	928.46	1090.0	-2.2722e+05	1.0002	1.1891	438.22	undefined	36.721	0.060467	vapor
856.67	0.0000	0.0000	infinite	930.12	1092.0	-2.2722e+05	1.0008	1.1897	438.63	undefined	36.774	0.060588	vapor
858.33	0.0000	0.0000	infinite	931.79	1094.0	-2.2722e+05	1.0014	1.1903	439.04	undefined	36.828	0.060710	vapor
860.00	0.0000	0.0000	infinite	933.46	1095.9	-2.2722e+05	1.0020	1.1909	439.44	undefined	36.881	0.060831	vapor
861.67	0.0000	0.0000	infinite	935.13	1097.9	-2.2722e+05	1.0026	1.1915	439.85	undefined	36.934	0.060953	vapor
863.33	0.0000	0.0000	infinite	936.80	1099.9	-2.2722e+05	1.0031	1.1921	440.25	undefined	36.987	0.061074	vapor
865.00	0.0000	0.0000	infinite	938.48	1101.9	-2.2722e+05	1.0037	1.1926	440.66	undefined	37.040	0.061195	vapor
866.67	0.0000	0.0000	infinite	940.15	1103.9	-2.2722e+05	1.0043	1.1932	441.06	undefined	37.093	0.061317	vapor
868.33	0.0000	0.0000	infinite	941.82	1105.9	-2.2722e+05	1.0049	1.1938	441.47	undefined	37.146	0.061438	vapor
870.00	0.0000	0.0000	infinite	943.50	1107.9	-2.2722e+05	1.0054	1.1944	441.87	undefined	37.198	0.061559	vapor
871.67	0.0000	0.0000	infinite	945.18	1109.9	-2.2722e+05	1.0060	1.1949	442.27	undefined	37.251	0.061680	vapor
873.33	0.0000	0.0000	infinite	946.85	1111.8	-2.2722e+05	1.0066	1.1955	442.68	undefined	37.304	0.061800	vapor
875.00	0.0000	0.0000	infinite	948.53	1113.8	-2.2722e+05	1.0071	1.1961	443.08	undefined	37.357	0.061921	vapor
876.67	0.0000	0.0000	infinite	950.21	1115.8	-2.2722e+05	1.0077	1.1966	443.48	undefined	37.409	0.062042	vapor
878.33	0.0000	0.0000	infinite	951.89	1117.8	-2.2722e+05	1.0083	1.1972	443.88	undefined	37.462	0.062162	vapor
880.00	0.0000	0.0000	infinite	953.57	1119.8	-2.2722e+05	1.0088	1.1977	444.28	undefined	37.514	0.062283	vapor
881.67	0.0000	0.0000	infinite	955.25	1121.8	-2.2722e+05	1.0094	1.1983	444.68	undefined	37.567	0.062403	vapor
883.33	0.0000	0.0000	infinite	956.94	1123.8	-2.2722e+05	1.0099	1.1989	445.09	undefined	37.619	0.062524	vapor
885.00	0.0000	0.0000	infinite	958.62	1125.8	-2.2722e+05	1.0105	1.1994	445.49	undefined	37.672	0.062644	vapor
886.67	0.0000	0.0000	infinite	960.30	1127.8	-2.2722e+05	1.0111	1.2000	445.89	undefined	37.724	0.062764	vapor
888.33	0.0000	0.0000	infinite	961.99	1129.8	-2.2722e+05	1.0116	1.2005	446.29	undefined	37.776	0.062884	vapor
890.00	0.0000	0.0000	infinite	963.68	1131.8	-2.2722e+05	1.0122	1.2011	446.68	undefined	37.829	0.063005	vapor
891.67	0.0000	0.0000	infinite	965.36	1133.8	-2.2722e+05	1.0127	1.2016	447.08	undefined	37.881	0.063124	vapor
893.33	0.0000	0.0000	infinite	967.05	1135.8	-2.2722e+05	1.0133	1.2022	447.48	undefined	37.933	0.063244	vapor
895.00	0.0000	0.0000	infinite	968.74	1137.8	-2.2722e+05	1.0138	1.2027	447.88	undefined	37.985	0.063364	vapor
896.67	0.0000	0.0000	infinite	970.43	1139.8	-2.2722e+05	1.0143	1.2033	448.28	undefined	38.037	0.063484	vapor
898.33	0.0000	0.0000	infinite	972.12	1141.8	-2.2722e+05	1.0149	1.2038	448.68	undefined	38.089	0.063604	vapor
900.00	0.0000	0.0000	infinite	973.81	1143.8	-2.2722e+05	1.0154	1.2044	449.07	undefined	38.141	0.063723	vapor
901.67	0.0000	0.0000	infinite	975.51	1145.9	-2.2722e+05	1.0160	1.2049	449.47	undefined	38.193	0.063843	vapor
903.33	0.0000	0.0000	infinite	977.20	1147.9	-2.2722e+05	1.0165	1.2054	449.87	undefined	38.245	0.063962	vapor
905.00	0.0000	0.0000	infinite	978.90	1149.9	-2.2722e+05	1.0170	1.2060	450.26	undefined	38.297	0.064081	vapor
906.67	0.0000	0.0000	infinite	980.59	1151.9	-2.2722e+05	1.0176	1.2065	450.66	undefined	38.348	0.064201	vapor
908.33	0.0000	0.0000	infinite	982.29	1153.9	-2.2722e+05	1.0181	1.2070	451.05	undefined	38.400	0.064320	vapor
910.00	0.0000	0.0000	infinite	983.98	1155.9	-2.2722e+05	1.0186	1.2076	451.45	undefined	38.452	0.064439	vapor
911.67	0.0000	0.0000	infinite	985.68	1157.9	-2.2722e+05	1.0192	1.2081	451.84	undefined	38.503	0.064558	vapor
913.33	0.0000	0.0000	infinite	987.38	1159.9	-2.2722e+05	1.0197	1.2086	452.24	undefined	38.555	0.064677	vapor
915.00	0.0000	0.0000	infinite	989.08	1161.9	-2.2722e+05	1.0202	1.2092	452.63	undefined	38.606	0.064796	vapor
916.67	0.0000	0.0000	infinite	990.78	1164.0	-2.2722e+05	1.0208	1.2097	453.03	undefined	38.658	0.064914	vapor
918.33	0.0000	0.0000	infinite	992.48	1166.0	-2.2722e+05	1.0213	1.2102	453.42	undefined	38.709	0.065033	vapor
920.00	0.0000	0.0000	infinite	994.19	1168.0	-2.2722e+05	1.0218	1.2107	453.81	undefined	38.761	0.065152	vapor
921.67	0.0000	0.0000	infinite	995.89	1170.0	-2.2722e+05	1.0223	1.2113	454.21	undefined	38.812	0.065270	vapor
923.33	0.0000	0.0000	infinite	997.59	1172.0	-2.2722e+05	1.0228	1.2118	454.60	undefined	38.863	0.065389	vapor
925.00	0.0000	0.0000	infinite	999.30	1174.1	-2.2722e+05	1.0234	1.2123	454.99	undefined	38.915	0.065507	vapor
926.67	0.0000	0.0000	infinite	1001.0	1176.1	-2.2722e+05	1.0239	1.2128	455.38	undefined	38.966	0.065625	vapor
928.33	0.0000	0.0000	infinite	1002.7	1178.1	-2.2722e+05	1.0244	1.2133	455.77	undefined	39.017	0.065744	vapor
930.00	0.0000	0.0000	infinite	1004.4	1180.1	-2.2722e+05	1.0249	1.2138	456.16	undefined	39.068	0.065862	vapor
931.67	0.0000	0.0000	infinite	1006.1	1182.1	-2.2722e+05	1.0254	1.2143	456.56	undefined	39.119	0.065980	vapor
933.33	0.0000	0.0000	infinite	1007.8	1184.2	-2.2722e+05	1.0259	1.2149	456.95	undefined	39.170	0.066098	vapor
935.00	0.0000	0.0000	infinite	1009.5	1186.2	-2.2722e+05	1.0264	1.2154	457.34	undefined	39.221	0.066216	vapor
936.67	0.0000	0.0000	infinite	1011.3	1188.2	-2.2722e+05	1.0270	1.2159	457.73	undefined	39.272	0.066333	vapor
938.33	0.0000	0.0000	infinite	1013.0	1190.2	-2.2722e+05	1.0275	1.2164	458.12	undefined	39.323	0.066451	vapor
940.00	0.0000	0.0000	infinite	1014.7	1192.3	-2.2722e+05	1.0280	1.2169	458.50	undefined	39.374	0.066569	vapor
941.67	0.0000	0.0000	infinite	1016.4	1194.3	-2.2722e+05	1.0285	1.2174	458.89	undefined	39.425	0.066686	vapor
943.33	0.0000	0.0000	infinite	1018.1	1196.3	-2.2722e+05	1.0290	1.2179	459.28	undefined	39.475	0.066804	vapor
945.00	0.0000	0.0000	infinite	1019.8	1198.4	-2.2722e+05	1.0295	1.2184	459.67	undefined	39.526	0.066921	vapor
946.67	0.0000	0.0000	infinite	1021.5	1200.4	-2.2722e+05	1.0300	1.2189	460.06	undefined	39.577	0.067039	vapor
948.33	0.0000	0.0000	infinite	1023.3	1202.4	-2.2722e+05	1.0305	1.2194	460.45	undefined	39.628	0.067156	vapor
950.00	0.0000	0.0000	infinite	1025.0	1204.5	-2.2722e+05	1.0310	1.2199	460.83	undefined	39.678	0.067273	vapor
951.67	0.0000	0.0000	infinite	1026.7	1206.5	-2.2722e+05	1.0315	1.2204	461.22	undefined	39.729	0.067390	vapor
953.33	0.0000	0.0000	infinite	1028.4	1208.5	-2.2722e+05	1.0319	1.2209	461.61	undefined	39.779	0.067507	vapor
955.00	0.0000	0.0000	infinite	1030.1	1210.6	-2.2722e+05	1.0324	1.2214	461.99	undefined	39.830	0.067624	vapor
956.67	0.0000	0.0000	infinite	1031.9	1212.6	-2.2722e+05	1.0329	1.2219	462.38	undefined	39.880	0.067741	vapor
958.33	0.0000	0.0000	infinite	1033.6	1214.6	-2.2722e+05	1.0334	1.2223	462.76	undefined	39.930	0.067858	vapor
960.00	0.0000	0.0000	infinite	1035.3	1216.7	-2.2722e+05	1.0339	1.2228	463.15	undefined	39.981	0.067975	vapor
961.67	0.0000	0.0000	infinite	1037.0	1218.7	-2.2722e+05	1.0344	1.2233	463.54	undefined	40.031	0.068091	vapor
963.33	0.0000	0.0000	infinite	1038.8	1220.7	-2.2722e+05	1.0349	1.2238	463.92	undefined	40.081	0.068208	vapor
965.00	0.0000	0.0000	infinite	1040.5	1222.8	-2.2722e+05	1.0354	1.2243	464.30	undefined	40.131	0.068324	vapor
966.67	0.0000	0.0000	infinite	1042.2	1224.8	-2.2722e+05	1.0358	1.2248	464.69	undefined	40.182	0.068441	vapor
968.33	0.0000	0.0000	infinite	1043.9	1226.9	-2.2722e+05	1.0363	1.2252	465.07	undefined	40.232	0.068557	vapor
970.00	0.0000	0.0000	infinite	1045.7	1228.9	-2.2722e+05	1.0368	1.2257	465.46	undefined	40.282	0.068673	vapor
971.67	0.0000	0.0000	infinite	1047.4	1231.0	-2.2722e+05	1.0373	1.2262	465.84	undefined	40.332	0.068789	vapor
973.33	0.0000	0.0000	infinite	1049.1	1233.0	-2.2722e+05	1.0377	1.2267	466.22	undefined	40.382	0.068905	vapor
975.00	0.0000	0.0000	infinite	1050.8	1235.0	-2.2722e+05	1.0382	1.2271	466.60	undefined	40.432	0.069021	vapor
976.67	0.0000	0.0000	infinite	1052.6	1237.1	-2.2722e+05	1.0387	1.2276	466.99	undefined	40.482	0.069137	vapor
978.33	0.0000	0.0000	infinite	1054.3	1239.1	-2.2722e+05	1.0392	1.2281	467.37	undefined	40.532	0.069253	vapor
980.00	0.0000	0.0000	infinite	1056.0	1241.2	-2.2722e+05	1.0396	1.2286	467.75	undefined	40.581	0.069369	vapor
981.67	0.0000	0.0000	infinite	1057.8	1243.2	-2.2722e+05	1.0401	1.2290	468.13	undefined	40.631	0.069485	vapor
983.33	0.0000	0.0000	infinite	1059.5	1245.3	-2.2722e+05	1.0406	1.2295	468.51	undefined	40.681	0.069600	vapor
985.00	0.0000	0.0000	infinite	1061.2	1247.3	-2.2722e+05	1.0410	1.2300	468.89	undefined	40.731	0.069716	vapor
986.67	0.0000	0.0000	infinite	1063.0	1249.4	-2.2722e+05	1.0415	1.2304	469.27	undefined	40.780	0.069831	vapor
988.33	0.0000	0.0000	infinite	1064.7	1251.4	-2.2722e+05	1.0420	1.2309	469.65	undefined	40.830	0.069947	vapor
990.00	0.0000	0.0000	infinite	1066.4	1253.5	-2.2722e+05	1.0424	1.2314	470.03	undefined	40.880	0.070062	vapor
991.67	0.0000	0.0000	infinite	1068.2	1255.5	-2.2722e+05	1.0429	1.2318	470.41	undefined	40.929	0.070177	vapor
993.33	0.0000	0.0000	infinite	1069.9	1257.6	-2.2722e+05	1.0434	1.2323	470.79	undefined	40.979	0.070292	vapor
995.00	0.0000	0.0000	infinite	1071.7	1259.6	-2.2722e+05	1.0438	1.2327	471.17	undefined	41.028	0.070407	vapor
996.67	0.0000	0.0000	infinite	1073.4	1261.7	-2.2722e+05	1.0443	1.2332	471.55	undefined	41.077	0.070522	vapor
998.33	0.0000	0.0000	infinite	1075.1	1263.8	-2.2722e+05	1.0447	1.2336	471.93	undefined	41.127	0.070637	vapor
1000.0	0.0000	0.0000	infinite	1076.9	1265.8	-2.2722e+05	1.0452	1.2341	472.31	undefined	41.176	0.070752	vapor
1001.7	0.0000	0.0000	infinite	1078.6	1267.9	-2.2722e+05	1.0456	1.2346	472.68	undefined	41.225	0.070867	vapor
1003.3	0.0000	0.0000	infinite	1080.4	1269.9	-2.2722e+05	1.0461	1.2350	473.06	undefined	41.275	0.070982	vapor
1005.0	0.0000	0.0000	infinite	1082.1	1272.0	-2.2722e+05	1.0465	1.2355	473.44	undefined	41.324	0.071096	vapor
1006.7	0.0000	0.0000	infinite	1083.9	1274.0	-2.2722e+05	1.0470	1.2359	473.82	undefined	41.373	0.071211	vapor
1008.3	0.0000	0.0000	infinite	1085.6	1276.1	-2.2722e+05	1.0474	1.2364	474.19	undefined	41.422	0.071325	vapor
1010.0	0.0000	0.0000	infinite	1087.4	1278.2	-2.2722e+05	1.0479	1.2368	474.57	undefined	41.471	0.071440	vapor
1011.7	0.0000	0.0000	infinite	1089.1	1280.2	-2.2722e+05	1.0483	1.2372	474.94	undefined	41.520	0.071554	vapor
1013.3	0.0000	0.0000	infinite	1090.8	1282.3	-2.2722e+05	1.0488	1.2377	475.32	undefined	41.569	0.071668	vapor
1015.0	0.0000	0.0000	infinite	1092.6	1284.4	-2.2722e+05	1.0492	1.2381	475.70	undefined	41.618	0.071782	vapor
1016.7	0.0000	0.0000	infinite	1094.3	1286.4	-2.2722e+05	1.0496	1.2386	476.07	undefined	41.667	0.071897	vapor
1018.3	0.0000	0.0000	infinite	1096.1	1288.5	-2.2722e+05	1.0501	1.2390	476.45	undefined	41.716	0.072011	vapor
1020.0	0.0000	0.0000	infinite	1097.8	1290.5	-2.2722e+05	1.0505	1.2395	476.82	undefined	41.765	0.072124	vapor
1021.7	0.0000	0.0000	infinite	1099.6	1292.6	-2.2722e+05	1.0510	1.2399	477.19	undefined	41.814	0.072238	vapor
1023.3	0.0000	0.0000	infinite	1101.3	1294.7	-2.2722e+05	1.0514	1.2403	477.57	undefined	41.863	0.072352	vapor
1025.0	0.0000	0.0000	infinite	1103.1	1296.7	-2.2722e+05	1.0518	1.2408	477.94	undefined	41.912	0.072466	vapor
1026.7	0.0000	0.0000	infinite	1104.9	1298.8	-2.2722e+05	1.0523	1.2412	478.32	undefined	41.960	0.072579	vapor
1028.3	0.0000	0.0000	infinite	1106.6	1300.9	-2.2722e+05	1.0527	1.2416	478.69	undefined	42.009	0.072693	vapor
1030.0	0.0000	0.0000	infinite	1108.4	1303.0	-2.2722e+05	1.0531	1.2421	479.06	undefined	42.058	0.072806	vapor
1031.7	0.0000	0.0000	infinite	1110.1	1305.0	-2.2722e+05	1.0536	1.2425	479.43	undefined	42.106	0.072920	vapor
1033.3	0.0000	0.0000	infinite	1111.9	1307.1	-2.2722e+05	1.0540	1.2429	479.81	undefined	42.155	0.073033	vapor
1035.0	0.0000	0.0000	infinite	1113.6	1309.2	-2.2722e+05	1.0544	1.2433	480.18	undefined	42.203	0.073146	vapor
1036.7	0.0000	0.0000	infinite	1115.4	1311.2	-2.2722e+05	1.0548	1.2438	480.55	undefined	42.252	0.073260	vapor
1038.3	0.0000	0.0000	infinite	1117.1	1313.3	-2.2722e+05	1.0553	1.2442	480.92	undefined	42.300	0.073373	vapor
1040.0	0.0000	0.0000	infinite	1118.9	1315.4	-2.2722e+05	1.0557	1.2446	481.29	undefined	42.349	0.073486	vapor
1041.7	0.0000	0.0000	infinite	1120.7	1317.5	-2.2722e+05	1.0561	1.2450	481.66	undefined	42.397	0.073599	vapor
1043.3	0.0000	0.0000	infinite	1122.4	1319.5	-2.2722e+05	1.0565	1.2455	482.03	undefined	42.445	0.073712	vapor
1045.0	0.0000	0.0000	infinite	1124.2	1321.6	-2.2722e+05	1.0570	1.2459	482.40	undefined	42.494	0.073824	vapor
1046.7	0.0000	0.0000	infinite	1126.0	1323.7	-2.2722e+05	1.0574	1.2463	482.77	undefined	42.542	0.073937	vapor
1048.3	0.0000	0.0000	infinite	1127.7	1325.8	-2.2722e+05	1.0578	1.2467	483.14	undefined	42.590	0.074050	vapor
1050.0	0.0000	0.0000	infinite	1129.5	1327.8	-2.2722e+05	1.0582	1.2471	483.51	undefined	42.638	0.074162	vapor
1051.7	0.0000	0.0000	infinite	1131.2	1329.9	-2.2722e+05	1.0586	1.2476	483.88	undefined	42.687	0.074275	vapor
1053.3	0.0000	0.0000	infinite	1133.0	1332.0	-2.2722e+05	1.0590	1.2480	484.25	undefined	42.735	0.074387	vapor
1055.0	0.0000	0.0000	infinite	1134.8	1334.1	-2.2722e+05	1.0595	1.2484	484.62	undefined	42.783	0.074500	vapor
1056.7	0.0000	0.0000	infinite	1136.5	1336.2	-2.2722e+05	1.0599	1.2488	484.99	undefined	42.831	0.074612	vapor
1058.3	0.0000	0.0000	infinite	1138.3	1338.2	-2.2722e+05	1.0603	1.2492	485.36	undefined	42.879	0.074724	vapor
1060.0	0.0000	0.0000	infinite	1140.1	1340.3	-2.2722e+05	1.0607	1.2496	485.72	undefined	42.927	0.074836	vapor
1061.7	0.0000	0.0000	infinite	1141.8	1342.4	-2.2722e+05	1.0611	1.2500	486.09	undefined	42.975	0.074948	vapor
1063.3	0.0000	0.0000	infinite	1143.6	1344.5	-2.2722e+05	1.0615	1.2504	486.46	undefined	43.023	0.075060	vapor
1065.0	0.0000	0.0000	infinite	1145.4	1346.6	-2.2722e+05	1.0619	1.2508	486.83	undefined	43.071	0.075172	vapor
1066.7	0.0000	0.0000	infinite	1147.1	1348.7	-2.2722e+05	1.0623	1.2512	487.19	undefined	43.118	0.075284	vapor
1068.3	0.0000	0.0000	infinite	1148.9	1350.8	-2.2722e+05	1.0627	1.2516	487.56	undefined	43.166	0.075396	vapor
1070.0	0.0000	0.0000	infinite	1150.7	1352.8	-2.2722e+05	1.0631	1.2520	487.93	undefined	43.214	0.075507	vapor
1071.7	0.0000	0.0000	infinite	1152.5	1354.9	-2.2722e+05	1.0635	1.2524	488.29	undefined	43.262	0.075619	vapor
1073.3	0.0000	0.0000	infinite	1154.2	1357.0	-2.2722e+05	1.0639	1.2528	488.66	undefined	43.309	0.075730	vapor
1075.0	0.0000	0.0000	infinite	1156.0	1359.1	-2.2722e+05	1.0643	1.2532	489.02	undefined	43.357	0.075842	vapor
1076.7	0.0000	0.0000	infinite	1157.8	1361.2	-2.2722e+05	1.0647	1.2536	489.39	undefined	43.405	0.075953	vapor
1078.3	0.0000	0.0000	infinite	1159.6	1363.3	-2.2722e+05	1.0651	1.2540	489.75	undefined	43.452	0.076065	vapor
1080.0	0.0000	0.0000	infinite	1161.3	1365.4	-2.2722e+05	1.0655	1.2544	490.12	undefined	43.500	0.076176	vapor
1081.7	0.0000	0.0000	infinite	1163.1	1367.5	-2.2722e+05	1.0659	1.2548	490.48	undefined	43.547	0.076287	vapor
1083.3	0.0000	0.0000	infinite	1164.9	1369.6	-2.2722e+05	1.0663	1.2552	490.85	undefined	43.595	0.076398	vapor
1085.0	0.0000	0.0000	infinite	1166.7	1371.6	-2.2722e+05	1.0667	1.2556	491.21	undefined	43.642	0.076509	vapor
1086.7	0.0000	0.0000	infinite	1168.4	1373.7	-2.2722e+05	1.0671	1.2560	491.57	undefined	43.690	0.076620	vapor
1088.3	0.0000	0.0000	infinite	1170.2	1375.8	-2.2722e+05	1.0675	1.2564	491.94	undefined	43.737	0.076731	vapor
1090.0	0.0000	0.0000	infinite	1172.0	1377.9	-2.2722e+05	1.0679	1.2568	492.30	undefined	43.784	0.076842	vapor
1091.7	0.0000	0.0000	infinite	1173.8	1380.0	-2.2722e+05	1.0682	1.2572	492.66	undefined	43.832	0.076952	vapor
1093.3	0.0000	0.0000	infinite	1175.6	1382.1	-2.2722e+05	1.0686	1.2576	493.03	undefined	43.879	0.077063	vapor
1095.0	0.0000	0.0000	infinite	1177.3	1384.2	-2.2722e+05	1.0690	1.2579	493.39	undefined	43.926	0.077174	vapor
1096.7	0.0000	0.0000	infinite	1179.1	1386.3	-2.2722e+05	1.0694	1.2583	493.75	undefined	43.973	0.077284	vapor
1098.3	0.0000	0.0000	infinite	1180.9	1388.4	-2.2722e+05	1.0698	1.2587	494.11	undefined	44.020	0.077395	vapor
1100.0	0.0000	0.0000	infinite	1182.7	1390.5	-2.2722e+05	1.0702	1.2591	494.47	undefined	44.068	0.077505	vapor
1101.7	0.0000	0.0000	infinite	1184.5	1392.6	-2.2722e+05	1.0706	1.2595	494.83	undefined	44.115	0.077615	vapor
1103.3	0.0000	0.0000	infinite	1186.3	1394.7	-2.2722e+05	1.0709	1.2599	495.20	undefined	44.162	0.077726	vapor
1105.0	0.0000	0.0000	infinite	1188.0	1396.8	-2.2722e+05	1.0713	1.2602	495.56	undefined	44.209	0.077836	vapor
1106.7	0.0000	0.0000	infinite	1189.8	1398.9	-2.2722e+05	1.0717	1.2606	495.92	undefined	44.256	0.077946	vapor
1108.3	0.0000	0.0000	infinite	1191.6	1401.0	-2.2722e+05	1.0721	1.2610	496.28	undefined	44.303	0.078056	vapor
1110.0	0.0000	0.0000	infinite	1193.4	1403.1	-2.2722e+05	1.0724	1.2614	496.64	undefined	44.350	0.078166	vapor
1111.7	0.0000	0.0000	infinite	1195.2	1405.2	-2.2722e+05	1.0728	1.2617	497.00	undefined	44.397	0.078276	vapor
1113.3	0.0000	0.0000	infinite	1197.0	1407.3	-2.2722e+05	1.0732	1.2621	497.36	undefined	44.443	0.078385	vapor
1115.0	0.0000	0.0000	infinite	1198.8	1409.4	-2.2722e+05	1.0736	1.2625	497.72	undefined	44.490	0.078495	vapor
1116.7	0.0000	0.0000	infinite	1200.6	1411.5	-2.2722e+05	1.0739	1.2629	498.07	undefined	44.537	0.078605	vapor
1118.3	0.0000	0.0000	infinite	1202.3	1413.6	-2.2722e+05	1.0743	1.2632	498.43	undefined	44.584	0.078714	vapor
1120.0	0.0000	0.0000	infinite	1204.1	1415.7	-2.2722e+05	1.0747	1.2636	498.79	undefined	44.631	0.078824	vapor
1121.7	0.0000	0.0000	infinite	1205.9	1417.8	-2.2722e+05	1.0750	1.2640	499.15	undefined	44.677	0.078933	vapor
1123.3	0.0000	0.0000	infinite	1207.7	1419.9	-2.2722e+05	1.0754	1.2643	499.51	undefined	44.724	0.079043	vapor
1125.0	0.0000	0.0000	infinite	1209.5	1422.1	-2.2722e+05	1.0758	1.2647	499.86	undefined	44.771	0.079152	vapor
1126.7	0.0000	0.0000	infinite	1211.3	1424.2	-2.2722e+05	1.0761	1.2651	500.22	undefined	44.817	0.079261	vapor
1128.3	0.0000	0.0000	infinite	1213.1	1426.3	-2.2722e+05	1.0765	1.2654	500.58	undefined	44.864	0.079370	vapor
1130.0	0.0000	0.0000	infinite	1214.9	1428.4	-2.2722e+05	1.0769	1.2658	500.94	undefined	44.910	0.079479	vapor
1131.7	0.0000	0.0000	infinite	1216.7	1430.5	-2.2722e+05	1.0772	1.2662	501.29	undefined	44.957	0.079588	vapor
1133.3	0.0000	0.0000	infinite	1218.5	1432.6	-2.2722e+05	1.0776	1.2665	501.65	undefined	45.003	0.079697	vapor
1135.0	0.0000	0.0000	infinite	1220.3	1434.7	-2.2722e+05	1.0780	1.2669	502.01	undefined	45.050	0.079806	vapor
1136.7	0.0000	0.0000	infinite	1222.1	1436.8	-2.2722e+05	1.0783	1.2672	502.36	undefined	45.096	0.079915	vapor
1138.3	0.0000	0.0000	infinite	1223.9	1438.9	-2.2722e+05	1.0787	1.2676	502.72	undefined	45.143	0.080024	vapor
1140.0	0.0000	0.0000	infinite	1225.7	1441.1	-2.2722e+05	1.0790	1.2680	503.07	undefined	45.189	0.080132	vapor
1141.7	0.0000	0.0000	infinite	1227.5	1443.2	-2.2722e+05	1.0794	1.2683	503.43	undefined	45.235	0.080241	vapor
1143.3	0.0000	0.0000	infinite	1229.3	1445.3	-2.2722e+05	1.0797	1.2687	503.78	undefined	45.282	0.080349	vapor
1145.0	0.0000	0.0000	infinite	1231.1	1447.4	-2.2722e+05	1.0801	1.2690	504.14	undefined	45.328	0.080458	vapor
1146.7	0.0000	0.0000	infinite	1232.9	1449.5	-2.2722e+05	1.0804	1.2694	504.49	undefined	45.374	0.080566	vapor
1148.3	0.0000	0.0000	infinite	1234.7	1451.6	-2.2722e+05	1.0808	1.2697	504.85	undefined	45.420	0.080674	vapor
1150.0	0.0000	0.0000	infinite	1236.5	1453.7	-2.2722e+05	1.0812	1.2701	505.20	undefined	45.466	0.080783	vapor
1151.7	0.0000	0.0000	infinite	1238.3	1455.9	-2.2722e+05	1.0815	1.2704	505.55	undefined	45.512	0.080891	vapor
1153.3	0.0000	0.0000	infinite	1240.1	1458.0	-2.2722e+05	1.0819	1.2708	505.91	undefined	45.559	0.080999	vapor
1155.0	0.0000	0.0000	infinite	1241.9	1460.1	-2.2722e+05	1.0822	1.2711	506.26	undefined	45.605	0.081107	vapor
1156.7	0.0000	0.0000	infinite	1243.7	1462.2	-2.2722e+05	1.0825	1.2715	506.61	undefined	45.651	0.081215	vapor
1158.3	0.0000	0.0000	infinite	1245.5	1464.3	-2.2722e+05	1.0829	1.2718	506.97	undefined	45.697	0.081323	vapor
1160.0	0.0000	0.0000	infinite	1247.3	1466.5	-2.2722e+05	1.0832	1.2722	507.32	undefined	45.743	0.081430	vapor
1161.7	0.0000	0.0000	infinite	1249.1	1468.6	-2.2722e+05	1.0836	1.2725	507.67	undefined	45.789	0.081538	vapor
1163.3	0.0000	0.0000	infinite	1250.9	1470.7	-2.2722e+05	1.0839	1.2729	508.02	undefined	45.835	0.081646	vapor
1165.0	0.0000	0.0000	infinite	1252.7	1472.8	-2.2722e+05	1.0843	1.2732	508.38	undefined	45.880	0.081753	vapor
1166.7	0.0000	0.0000	infinite	1254.5	1474.9	-2.2722e+05	1.0846	1.2735	508.73	undefined	45.926	0.081861	vapor
1168.3	0.0000	0.0000	infinite	1256.3	1477.1	-2.2722e+05	1.0850	1.2739	509.08	undefined	45.972	0.081968	vapor
1170.0	0.0000	0.0000	infinite	1258.1	1479.2	-2.2722e+05	1.0853	1.2742	509.43	undefined	46.018	0.082076	vapor
1171.7	0.0000	0.0000	infinite	1260.0	1481.3	-2.2722e+05	1.0856	1.2746	509.78	undefined	46.064	0.082183	vapor
1173.3	0.0000	0.0000	infinite	1261.8	1483.4	-2.2722e+05	1.0860	1.2749	510.13	undefined	46.109	0.082290	vapor
1175.0	0.0000	0.0000	infinite	1263.6	1485.6	-2.2722e+05	1.0863	1.2752	510.48	undefined	46.155	0.082398	vapor
1176.7	0.0000	0.0000	infinite	1265.4	1487.7	-2.2722e+05	1.0866	1.2756	510.83	undefined	46.201	0.082505	vapor
1178.3	0.0000	0.0000	infinite	1267.2	1489.8	-2.2722e+05	1.0870	1.2759	511.18	undefined	46.246	0.082612	vapor
1180.0	0.0000	0.0000	infinite	1269.0	1491.9	-2.2722e+05	1.0873	1.2762	511.53	undefined	46.292	0.082719	vapor
1181.7	0.0000	0.0000	infinite	1270.8	1494.1	-2.2722e+05	1.0876	1.2766	511.88	undefined	46.338	0.082826	vapor
1183.3	0.0000	0.0000	infinite	1272.6	1496.2	-2.2722e+05	1.0880	1.2769	512.23	undefined	46.383	0.082932	vapor
1185.0	0.0000	0.0000	infinite	1274.4	1498.3	-2.2722e+05	1.0883	1.2772	512.58	undefined	46.429	0.083039	vapor
1186.7	0.0000	0.0000	infinite	1276.3	1500.4	-2.2722e+05	1.0886	1.2776	512.93	undefined	46.474	0.083146	vapor
1188.3	0.0000	0.0000	infinite	1278.1	1502.6	-2.2722e+05	1.0890	1.2779	513.28	undefined	46.520	0.083252	vapor
1190.0	0.0000	0.0000	infinite	1279.9	1504.7	-2.2722e+05	1.0893	1.2782	513.63	undefined	46.565	0.083359	vapor
1191.7	0.0000	0.0000	infinite	1281.7	1506.8	-2.2722e+05	1.0896	1.2786	513.97	undefined	46.610	0.083466	vapor
1193.3	0.0000	0.0000	infinite	1283.5	1509.0	-2.2722e+05	1.0900	1.2789	514.32	undefined	46.656	0.083572	vapor
1195.0	0.0000	0.0000	infinite	1285.3	1511.1	-2.2722e+05	1.0903	1.2792	514.67	undefined	46.701	0.083678	vapor
1196.7	0.0000	0.0000	infinite	1287.2	1513.2	-2.2722e+05	1.0906	1.2795	515.02	undefined	46.746	0.083785	vapor
1198.3	0.0000	0.0000	infinite	1289.0	1515.4	-2.2722e+05	1.0909	1.2799	515.36	undefined	46.792	0.083891	vapor
1200.0	0.0000	0.0000	infinite	1290.8	1517.5	-2.2722e+05	1.0913	1.2802	515.71	undefined	46.837	0.083997	vapor
1201.7	0.0000	0.0000	infinite	1292.6	1519.6	-2.2722e+05	1.0916	1.2805	516.06	undefined	46.882	0.084103	vapor
1203.3	0.0000	0.0000	infinite	1294.4	1521.8	-2.2722e+05	1.0919	1.2808	516.40	undefined	46.927	0.084209	vapor
1205.0	0.0000	0.0000	infinite	1296.3	1523.9	-2.2722e+05	1.0922	1.2811	516.75	undefined	46.972	0.084315	vapor
1206.7	0.0000	0.0000	infinite	1298.1	1526.0	-2.2722e+05	1.0925	1.2815	517.10	undefined	47.018	0.084421	vapor
1208.3	0.0000	0.0000	infinite	1299.9	1528.2	-2.2722e+05	1.0929	1.2818	517.44	undefined	47.063	0.084527	vapor
1210.0	0.0000	0.0000	infinite	1301.7	1530.3	-2.2722e+05	1.0932	1.2821	517.79	undefined	47.108	0.084633	vapor
1211.7	0.0000	0.0000	infinite	1303.5	1532.4	-2.2722e+05	1.0935	1.2824	518.13	undefined	47.153	0.084738	vapor
1213.3	0.0000	0.0000	infinite	1305.4	1534.6	-2.2722e+05	1.0938	1.2827	518.48	undefined	47.198	0.084844	vapor
1215.0	0.0000	0.0000	infinite	1307.2	1536.7	-2.2722e+05	1.0941	1.2831	518.82	undefined	47.243	0.084949	vapor
1216.7	0.0000	0.0000	infinite	1309.0	1538.9	-2.2722e+05	1.0944	1.2834	519.17	undefined	47.288	0.085055	vapor
1218.3	0.0000	0.0000	infinite	1310.8	1541.0	-2.2722e+05	1.0948	1.2837	519.51	undefined	47.333	0.085160	vapor
1220.0	0.0000	0.0000	infinite	1312.7	1543.1	-2.2722e+05	1.0951	1.2840	519.86	undefined	47.378	0.085266	vapor
1221.7	0.0000	0.0000	infinite	1314.5	1545.3	-2.2722e+05	1.0954	1.2843	520.20	undefined	47.423	0.085371	vapor
1223.3	0.0000	0.0000	infinite	1316.3	1547.4	-2.2722e+05	1.0957	1.2846	520.55	undefined	47.467	0.085476	vapor
1225.0	0.0000	0.0000	infinite	1318.1	1549.6	-2.2722e+05	1.0960	1.2849	520.89	undefined	47.512	0.085581	vapor
1226.7	0.0000	0.0000	infinite	1320.0	1551.7	-2.2722e+05	1.0963	1.2852	521.23	undefined	47.557	0.085686	vapor
1228.3	0.0000	0.0000	infinite	1321.8	1553.8	-2.2722e+05	1.0966	1.2855	521.58	undefined	47.602	0.085791	vapor
1230.0	0.0000	0.0000	infinite	1323.6	1556.0	-2.2722e+05	1.0969	1.2859	521.92	undefined	47.647	0.085896	vapor
1231.7	0.0000	0.0000	infinite	1325.4	1558.1	-2.2722e+05	1.0972	1.2862	522.26	undefined	47.691	0.086001	vapor
1233.3	0.0000	0.0000	infinite	1327.3	1560.3	-2.2722e+05	1.0975	1.2865	522.60	undefined	47.736	0.086106	vapor
1235.0	0.0000	0.0000	infinite	1329.1	1562.4	-2.2722e+05	1.0978	1.2868	522.95	undefined	47.781	0.086211	vapor
1236.7	0.0000	0.0000	infinite	1330.9	1564.6	-2.2722e+05	1.0982	1.2871	523.29	undefined	47.825	0.086315	vapor
1238.3	0.0000	0.0000	infinite	1332.8	1566.7	-2.2722e+05	1.0985	1.2874	523.63	undefined	47.870	0.086420	vapor
1240.0	0.0000	0.0000	infinite	1334.6	1568.9	-2.2722e+05	1.0988	1.2877	523.97	undefined	47.914	0.086525	vapor
1241.7	0.0000	0.0000	infinite	1336.4	1571.0	-2.2722e+05	1.0991	1.2880	524.31	undefined	47.959	0.086629	vapor
1243.3	0.0000	0.0000	infinite	1338.3	1573.2	-2.2722e+05	1.0994	1.2883	524.65	undefined	48.003	0.086734	vapor
1245.0	0.0000	0.0000	infinite	1340.1	1575.3	-2.2722e+05	1.0997	1.2886	525.00	undefined	48.048	0.086838	vapor
1246.7	0.0000	0.0000	infinite	1341.9	1577.4	-2.2722e+05	1.1000	1.2889	525.34	undefined	48.092	0.086942	vapor
1248.3	0.0000	0.0000	infinite	1343.8	1579.6	-2.2722e+05	1.1003	1.2892	525.68	undefined	48.137	0.087046	vapor
1250.0	0.0000	0.0000	infinite	1345.6	1581.7	-2.2722e+05	1.1006	1.2895	526.02	undefined	48.181	0.087151	vapor
1251.7	0.0000	0.0000	infinite	1347.4	1583.9	-2.2722e+05	1.1009	1.2898	526.36	undefined	48.226	0.087255	vapor
1253.3	0.0000	0.0000	infinite	1349.3	1586.0	-2.2722e+05	1.1012	1.2901	526.70	undefined	48.270	0.087359	vapor
1255.0	0.0000	0.0000	infinite	1351.1	1588.2	-2.2722e+05	1.1014	1.2904	527.04	undefined	48.314	0.087463	vapor
1256.7	0.0000	0.0000	infinite	1352.9	1590.3	-2.2722e+05	1.1017	1.2907	527.38	undefined	48.359	0.087567	vapor
1258.3	0.0000	0.0000	infinite	1354.8	1592.5	-2.2722e+05	1.1020	1.2910	527.72	undefined	48.403	0.087670	vapor
1260.0	0.0000	0.0000	infinite	1356.6	1594.6	-2.2722e+05	1.1023	1.2913	528.05	undefined	48.447	0.087774	vapor
1261.7	0.0000	0.0000	infinite	1358.4	1596.8	-2.2722e+05	1.1026	1.2915	528.39	undefined	48.491	0.087878	vapor
1263.3	0.0000	0.0000	infinite	1360.3	1599.0	-2.2722e+05	1.1029	1.2918	528.73	undefined	48.536	0.087982	vapor
1265.0	0.0000	0.0000	infinite	1362.1	1601.1	-2.2722e+05	1.1032	1.2921	529.07	undefined	48.580	0.088085	vapor
1266.7	0.0000	0.0000	infinite	1364.0	1603.3	-2.2722e+05	1.1035	1.2924	529.41	undefined	48.624	0.088189	vapor
1268.3	0.0000	0.0000	infinite	1365.8	1605.4	-2.2722e+05	1.1038	1.2927	529.75	undefined	48.668	0.088292	vapor
1270.0	0.0000	0.0000	infinite	1367.6	1607.6	-2.2722e+05	1.1041	1.2930	530.08	undefined	48.712	0.088395	vapor
1271.7	0.0000	0.0000	infinite	1369.5	1609.7	-2.2722e+05	1.1044	1.2933	530.42	undefined	48.756	0.088499	vapor
1273.3	0.0000	0.0000	infinite	1371.3	1611.9	-2.2722e+05	1.1046	1.2936	530.76	undefined	48.800	0.088602	vapor
1275.0	0.0000	0.0000	infinite	1373.2	1614.0	-2.2722e+05	1.1049	1.2939	531.10	undefined	48.844	0.088705	vapor
1276.7	0.0000	0.0000	infinite	1375.0	1616.2	-2.2722e+05	1.1052	1.2941	531.43	undefined	48.888	0.088808	vapor
1278.3	0.0000	0.0000	infinite	1376.8	1618.4	-2.2722e+05	1.1055	1.2944	531.77	undefined	48.932	0.088911	vapor
1280.0	0.0000	0.0000	infinite	1378.7	1620.5	-2.2722e+05	1.1058	1.2947	532.11	undefined	48.976	0.089014	vapor
1281.7	0.0000	0.0000	infinite	1380.5	1622.7	-2.2722e+05	1.1061	1.2950	532.44	undefined	49.020	0.089117	vapor
1283.3	0.0000	0.0000	infinite	1382.4	1624.8	-2.2722e+05	1.1064	1.2953	532.78	undefined	49.064	0.089220	vapor
1285.0	0.0000	0.0000	infinite	1384.2	1627.0	-2.2722e+05	1.1066	1.2956	533.12	undefined	49.108	0.089323	vapor
1286.7	0.0000	0.0000	infinite	1386.1	1629.1	-2.2722e+05	1.1069	1.2958	533.45	undefined	49.151	0.089426	vapor
1288.3	0.0000	0.0000	infinite	1387.9	1631.3	-2.2722e+05	1.1072	1.2961	533.79	undefined	49.195	0.089528	vapor
1290.0	0.0000	0.0000	infinite	1389.8	1633.5	-2.2722e+05	1.1075	1.2964	534.12	undefined	49.239	0.089631	vapor
1291.7	0.0000	0.0000	infinite	1391.6	1635.6	-2.2722e+05	1.1078	1.2967	534.46	undefined	49.283	0.089734	vapor
1293.3	0.0000	0.0000	infinite	1393.4	1637.8	-2.2722e+05	1.1080	1.2970	534.79	undefined	49.326	0.089836	vapor
1295.0	0.0000	0.0000	infinite	1395.3	1639.9	-2.2722e+05	1.1083	1.2972	535.13	undefined	49.370	0.089939	vapor
1296.7	0.0000	0.0000	infinite	1397.1	1642.1	-2.2722e+05	1.1086	1.2975	535.46	undefined	49.414	0.090041	vapor
1298.3	0.0000	0.0000	infinite	1399.0	1644.3	-2.2722e+05	1.1089	1.2978	535.80	undefined	49.457	0.090143	vapor
1300.0	0.0000	0.0000	infinite	1400.8	1646.4	-2.2722e+05	1.1091	1.2981	536.13	undefined	49.501	0.090245	vapor