Temperature (K)	Pressure (MPa)	Density (kg/m3)	Volume (m3/kg)	Internal Energy (kJ/kg)	Enthalpy (kJ/kg)	Entropy (J/g*K)	Cv (J/g*K)	Cp (J/g*K)	Sound Spd. (m/s)	Joule-Thomson (K/MPa)	Viscosity (uPa*s)	Therm. Cond. (W/m*K)	Phase
300.00	1.0000	18.579	0.053823	445.01	498.84	2.2894	0.68217	0.92089	262.43	10.802	15.108	0.017335	vapor
301.67	1.0000	18.458	0.054177	446.20	500.37	2.2945	0.68325	0.92095	263.24	10.648	15.189	0.017459	vapor
303.33	1.0000	18.338	0.054530	447.38	501.91	2.2995	0.68435	0.92105	264.04	10.498	15.270	0.017583	vapor
305.00	1.0000	18.221	0.054883	448.56	503.44	2.3046	0.68547	0.92121	264.83	10.351	15.351	0.017708	vapor
306.67	1.0000	18.105	0.055234	449.74	504.98	2.3096	0.68660	0.92140	265.63	10.208	15.431	0.017833	vapor
308.33	1.0000	17.990	0.055585	450.93	506.51	2.3146	0.68774	0.92164	266.41	10.067	15.512	0.017958	vapor
310.00	1.0000	17.878	0.055935	452.12	508.05	2.3196	0.68890	0.92192	267.20	9.9291	15.592	0.018084	vapor
311.67	1.0000	17.767	0.056285	453.30	509.59	2.3245	0.69006	0.92224	267.97	9.7941	15.672	0.018210	vapor
313.33	1.0000	17.657	0.056634	454.49	511.12	2.3294	0.69124	0.92259	268.75	9.6619	15.753	0.018336	vapor
315.00	1.0000	17.549	0.056982	455.68	512.66	2.3343	0.69243	0.92297	269.52	9.5323	15.833	0.018462	vapor
316.67	1.0000	17.443	0.057330	456.87	514.20	2.3392	0.69362	0.92339	270.28	9.4053	15.912	0.018589	vapor
318.33	1.0000	17.338	0.057677	458.06	515.74	2.3441	0.69483	0.92385	271.05	9.2809	15.992	0.018715	vapor
320.00	1.0000	17.234	0.058024	459.26	517.28	2.3489	0.69605	0.92433	271.80	9.1590	16.072	0.018842	vapor
321.67	1.0000	17.132	0.058370	460.45	518.82	2.3537	0.69727	0.92484	272.56	9.0395	16.152	0.018970	vapor
323.33	1.0000	17.031	0.058715	461.65	520.36	2.3585	0.69850	0.92537	273.31	8.9223	16.231	0.019097	vapor
325.00	1.0000	16.932	0.059060	462.85	521.91	2.3632	0.69974	0.92594	274.06	8.8073	16.310	0.019225	vapor
326.67	1.0000	16.834	0.059405	464.05	523.45	2.3680	0.70098	0.92653	274.80	8.6946	16.390	0.019353	vapor
328.33	1.0000	16.737	0.059749	465.25	524.99	2.3727	0.70223	0.92714	275.54	8.5841	16.469	0.019481	vapor
330.00	1.0000	16.641	0.060092	466.45	526.54	2.3774	0.70349	0.92777	276.28	8.4756	16.548	0.019609	vapor
331.67	1.0000	16.547	0.060435	467.65	528.09	2.3820	0.70475	0.92843	277.01	8.3692	16.627	0.019738	vapor
333.33	1.0000	16.453	0.060778	468.86	529.64	2.3867	0.70602	0.92911	277.74	8.2648	16.705	0.019867	vapor
335.00	1.0000	16.361	0.061120	470.06	531.18	2.3913	0.70729	0.92980	278.46	8.1624	16.784	0.019996	vapor
336.67	1.0000	16.270	0.061461	471.27	532.73	2.3960	0.70856	0.93052	279.19	8.0618	16.863	0.020125	vapor
338.33	1.0000	16.181	0.061802	472.48	534.29	2.4006	0.70984	0.93125	279.91	7.9631	16.941	0.020254	vapor
340.00	1.0000	16.092	0.062143	473.70	535.84	2.4051	0.71112	0.93200	280.62	7.8662	17.019	0.020383	vapor
341.67	1.0000	16.004	0.062484	474.91	537.39	2.4097	0.71240	0.93277	281.34	7.7711	17.098	0.020513	vapor
343.33	1.0000	15.918	0.062824	476.12	538.95	2.4142	0.71369	0.93355	282.05	7.6777	17.176	0.020643	vapor
345.00	1.0000	15.832	0.063163	477.34	540.50	2.4188	0.71498	0.93435	282.76	7.5859	17.254	0.020773	vapor
346.67	1.0000	15.747	0.063502	478.56	542.06	2.4233	0.71627	0.93515	283.46	7.4958	17.332	0.020903	vapor
348.33	1.0000	15.664	0.063841	479.78	543.62	2.4277	0.71756	0.93598	284.16	7.4073	17.410	0.021033	vapor
350.00	1.0000	15.581	0.064180	481.00	545.18	2.4322	0.71885	0.93681	284.86	7.3204	17.487	0.021164	vapor
351.67	1.0000	15.500	0.064518	482.23	546.74	2.4367	0.72015	0.93766	285.56	7.2350	17.565	0.021294	vapor
353.33	1.0000	15.419	0.064855	483.45	548.31	2.4411	0.72145	0.93852	286.25	7.1510	17.642	0.021425	vapor
355.00	1.0000	15.339	0.065193	484.68	549.87	2.4455	0.72274	0.93939	286.94	7.0685	17.720	0.021556	vapor
356.67	1.0000	15.260	0.065530	485.91	551.44	2.4499	0.72404	0.94027	287.63	6.9875	17.797	0.021687	vapor
358.33	1.0000	15.182	0.065867	487.14	553.01	2.4543	0.72534	0.94116	288.32	6.9078	17.874	0.021818	vapor
360.00	1.0000	15.105	0.066203	488.37	554.58	2.4587	0.72663	0.94206	289.00	6.8295	17.951	0.021950	vapor
361.67	1.0000	15.029	0.066539	489.61	556.15	2.4630	0.72793	0.94297	289.68	6.7525	18.028	0.022081	vapor
363.33	1.0000	14.953	0.066875	490.84	557.72	2.4674	0.72923	0.94389	290.36	6.6768	18.105	0.022213	vapor
365.00	1.0000	14.879	0.067211	492.08	559.29	2.4717	0.73053	0.94481	291.04	6.6023	18.181	0.022345	vapor
366.67	1.0000	14.805	0.067546	493.32	560.87	2.4760	0.73183	0.94575	291.71	6.5291	18.258	0.022476	vapor
368.33	1.0000	14.732	0.067881	494.57	562.45	2.4803	0.73312	0.94669	292.38	6.4571	18.335	0.022608	vapor
370.00	1.0000	14.659	0.068215	495.81	564.02	2.4846	0.73442	0.94763	293.05	6.3863	18.411	0.022740	vapor
371.67	1.0000	14.588	0.068550	497.06	565.61	2.4888	0.73571	0.94859	293.72	6.3166	18.487	0.022873	vapor
373.33	1.0000	14.517	0.068884	498.30	567.19	2.4931	0.73701	0.94955	294.38	6.2480	18.563	0.023005	vapor
375.00	1.0000	14.447	0.069218	499.55	568.77	2.4973	0.73830	0.95052	295.04	6.1806	18.639	0.023137	vapor
376.67	1.0000	14.378	0.069551	500.80	570.36	2.5015	0.73959	0.95149	295.70	6.1142	18.715	0.023270	vapor
378.33	1.0000	14.309	0.069885	502.06	571.94	2.5057	0.74088	0.95247	296.36	6.0489	18.791	0.023403	vapor
380.00	1.0000	14.241	0.070218	503.31	573.53	2.5099	0.74217	0.95345	297.02	5.9847	18.867	0.023535	vapor
381.67	1.0000	14.174	0.070551	504.57	575.12	2.5141	0.74346	0.95444	297.67	5.9214	18.943	0.023668	vapor
383.33	1.0000	14.108	0.070883	505.83	576.71	2.5182	0.74475	0.95543	298.32	5.8591	19.018	0.023801	vapor
385.00	1.0000	14.042	0.071216	507.09	578.30	2.5224	0.74603	0.95642	298.97	5.7978	19.093	0.023934	vapor
386.67	1.0000	13.977	0.071548	508.35	579.90	2.5265	0.74731	0.95743	299.62	5.7375	19.169	0.024067	vapor
388.33	1.0000	13.912	0.071880	509.62	581.50	2.5307	0.74860	0.95843	300.26	5.6780	19.244	0.024200	vapor
390.00	1.0000	13.848	0.072212	510.88	583.09	2.5348	0.74988	0.95944	300.91	5.6195	19.319	0.024334	vapor
391.67	1.0000	13.785	0.072543	512.15	584.69	2.5389	0.75115	0.96045	301.55	5.5619	19.394	0.024467	vapor
393.33	1.0000	13.722	0.072875	513.42	586.30	2.5429	0.75243	0.96146	302.19	5.5051	19.469	0.024600	vapor
395.00	1.0000	13.660	0.073206	514.69	587.90	2.5470	0.75370	0.96248	302.82	5.4492	19.544	0.024734	vapor
396.67	1.0000	13.599	0.073537	515.97	589.50	2.5511	0.75497	0.96350	303.46	5.3941	19.618	0.024868	vapor
398.33	1.0000	13.538	0.073867	517.24	591.11	2.5551	0.75624	0.96452	304.09	5.3399	19.693	0.025001	vapor
400.00	1.0000	13.477	0.074198	518.52	592.72	2.5591	0.75751	0.96555	304.72	5.2864	19.767	0.025135	vapor
401.67	1.0000	13.418	0.074528	519.80	594.33	2.5631	0.75877	0.96657	305.35	5.2337	19.842	0.025269	vapor
403.33	1.0000	13.359	0.074858	521.08	595.94	2.5671	0.76003	0.96760	305.98	5.1819	19.916	0.025403	vapor
405.00	1.0000	13.300	0.075188	522.37	597.55	2.5711	0.76129	0.96864	306.61	5.1307	19.990	0.025537	vapor
406.67	1.0000	13.242	0.075518	523.65	599.17	2.5751	0.76255	0.96967	307.23	5.0803	20.064	0.025671	vapor
408.33	1.0000	13.184	0.075848	524.94	600.79	2.5791	0.76380	0.97070	307.85	5.0306	20.138	0.025805	vapor
410.00	1.0000	13.127	0.076177	526.23	602.41	2.5830	0.76505	0.97174	308.47	4.9817	20.212	0.025939	vapor
411.67	1.0000	13.071	0.076506	527.52	604.03	2.5870	0.76630	0.97278	309.09	4.9334	20.285	0.026073	vapor
413.33	1.0000	13.015	0.076835	528.81	605.65	2.5909	0.76755	0.97381	309.71	4.8858	20.359	0.026207	vapor
415.00	1.0000	12.959	0.077164	530.11	607.27	2.5948	0.76879	0.97485	310.33	4.8389	20.433	0.026342	vapor
416.67	1.0000	12.904	0.077493	531.40	608.90	2.5987	0.77003	0.97589	310.94	4.7926	20.506	0.026476	vapor
418.33	1.0000	12.850	0.077822	532.70	610.53	2.6026	0.77127	0.97693	311.55	4.7470	20.579	0.026611	vapor
420.00	1.0000	12.796	0.078150	534.00	612.15	2.6065	0.77251	0.97798	312.16	4.7020	20.652	0.026745	vapor
421.67	1.0000	12.742	0.078479	535.31	613.79	2.6104	0.77374	0.97902	312.77	4.6577	20.726	0.026880	vapor
423.33	1.0000	12.689	0.078807	536.61	615.42	2.6143	0.77497	0.98006	313.38	4.6139	20.799	0.027014	vapor
425.00	1.0000	12.637	0.079135	537.92	617.05	2.6181	0.77619	0.98110	313.99	4.5707	20.871	0.027149	vapor
426.67	1.0000	12.585	0.079462	539.23	618.69	2.6220	0.77742	0.98215	314.59	4.5282	20.944	0.027283	vapor
428.33	1.0000	12.533	0.079790	540.54	620.33	2.6258	0.77864	0.98319	315.19	4.4862	21.017	0.027418	vapor
430.00	1.0000	12.482	0.080118	541.85	621.97	2.6296	0.77986	0.98423	315.79	4.4447	21.089	0.027553	vapor
431.67	1.0000	12.431	0.080445	543.16	623.61	2.6334	0.78107	0.98528	316.39	4.4039	21.162	0.027687	vapor
433.33	1.0000	12.380	0.080772	544.48	625.25	2.6372	0.78228	0.98632	316.99	4.3635	21.234	0.027822	vapor
435.00	1.0000	12.331	0.081100	545.79	626.89	2.6410	0.78349	0.98736	317.59	4.3237	21.306	0.027957	vapor
436.67	1.0000	12.281	0.081427	547.11	628.54	2.6448	0.78470	0.98841	318.18	4.2844	21.379	0.028092	vapor
438.33	1.0000	12.232	0.081754	548.44	630.19	2.6486	0.78590	0.98945	318.78	4.2457	21.451	0.028227	vapor
440.00	1.0000	12.183	0.082080	549.76	631.84	2.6523	0.78710	0.99049	319.37	4.2074	21.523	0.028362	vapor
441.67	1.0000	12.135	0.082407	551.08	633.49	2.6561	0.78830	0.99153	319.96	4.1697	21.594	0.028497	vapor
443.33	1.0000	12.087	0.082733	552.41	635.14	2.6598	0.78949	0.99258	320.55	4.1324	21.666	0.028632	vapor
445.00	1.0000	12.040	0.083060	553.74	636.80	2.6635	0.79068	0.99362	321.14	4.0956	21.738	0.028767	vapor
446.67	1.0000	11.992	0.083386	555.07	638.46	2.6672	0.79187	0.99466	321.72	4.0592	21.809	0.028902	vapor
448.33	1.0000	11.946	0.083712	556.40	640.11	2.6710	0.79306	0.99569	322.31	4.0234	21.881	0.029037	vapor
450.00	1.0000	11.899	0.084038	557.74	641.78	2.6746	0.79424	0.99673	322.89	3.9880	21.952	0.029172	vapor
451.67	1.0000	11.853	0.084364	559.07	643.44	2.6783	0.79542	0.99777	323.47	3.9530	22.023	0.029307	vapor
453.33	1.0000	11.808	0.084690	560.41	645.10	2.6820	0.79659	0.99881	324.06	3.9185	22.094	0.029442	vapor
455.00	1.0000	11.763	0.085016	561.75	646.77	2.6857	0.79776	0.99984	324.63	3.8844	22.165	0.029577	vapor
456.67	1.0000	11.718	0.085341	563.09	648.43	2.6893	0.79893	1.0009	325.21	3.8507	22.236	0.029712	vapor
458.33	1.0000	11.673	0.085667	564.44	650.10	2.6930	0.80010	1.0019	325.79	3.8174	22.307	0.029847	vapor
460.00	1.0000	11.629	0.085992	565.78	651.77	2.6966	0.80126	1.0029	326.37	3.7846	22.378	0.029982	vapor
461.67	1.0000	11.585	0.086317	567.13	653.45	2.7003	0.80242	1.0040	326.94	3.7521	22.449	0.030117	vapor
463.33	1.0000	11.542	0.086643	568.48	655.12	2.7039	0.80358	1.0050	327.51	3.7201	22.519	0.030252	vapor
465.00	1.0000	11.499	0.086968	569.83	656.80	2.7075	0.80473	1.0060	328.09	3.6884	22.590	0.030388	vapor
466.67	1.0000	11.456	0.087293	571.18	658.47	2.7111	0.80588	1.0071	328.66	3.6571	22.660	0.030523	vapor
468.33	1.0000	11.413	0.087617	572.54	660.15	2.7147	0.80703	1.0081	329.22	3.6262	22.730	0.030658	vapor
470.00	1.0000	11.371	0.087942	573.89	661.83	2.7183	0.80817	1.0091	329.79	3.5957	22.800	0.030793	vapor
471.67	1.0000	11.329	0.088267	575.25	663.52	2.7218	0.80931	1.0101	330.36	3.5655	22.870	0.030928	vapor
473.33	1.0000	11.288	0.088591	576.61	665.20	2.7254	0.81045	1.0112	330.93	3.5357	22.940	0.031064	vapor
475.00	1.0000	11.247	0.088916	577.97	666.89	2.7290	0.81159	1.0122	331.49	3.5062	23.010	0.031199	vapor
476.67	1.0000	11.206	0.089240	579.33	668.57	2.7325	0.81272	1.0132	332.05	3.4771	23.080	0.031334	vapor
478.33	1.0000	11.165	0.089565	580.70	670.26	2.7360	0.81385	1.0142	332.61	3.4483	23.149	0.031469	vapor
480.00	1.0000	11.125	0.089889	582.07	671.96	2.7396	0.81497	1.0152	333.18	3.4198	23.219	0.031604	vapor
481.67	1.0000	11.085	0.090213	583.44	673.65	2.7431	0.81609	1.0162	333.73	3.3917	23.288	0.031740	vapor
483.33	1.0000	11.045	0.090537	584.81	675.34	2.7466	0.81721	1.0173	334.29	3.3639	23.358	0.031875	vapor
485.00	1.0000	11.006	0.090861	586.18	677.04	2.7501	0.81833	1.0183	334.85	3.3364	23.427	0.032010	vapor
486.67	1.0000	10.967	0.091185	587.55	678.74	2.7536	0.81944	1.0193	335.41	3.3093	23.496	0.032145	vapor
488.33	1.0000	10.928	0.091509	588.93	680.44	2.7571	0.82055	1.0203	335.96	3.2824	23.565	0.032280	vapor
490.00	1.0000	10.889	0.091832	590.31	682.14	2.7606	0.82166	1.0213	336.52	3.2559	23.634	0.032415	vapor
491.67	1.0000	10.851	0.092156	591.69	683.84	2.7640	0.82276	1.0223	337.07	3.2296	23.703	0.032551	vapor
493.33	1.0000	10.813	0.092479	593.07	685.55	2.7675	0.82386	1.0233	337.62	3.2037	23.772	0.032686	vapor
495.00	1.0000	10.776	0.092803	594.45	687.25	2.7709	0.82496	1.0243	338.17	3.1780	23.840	0.032821	vapor
496.67	1.0000	10.738	0.093126	595.83	688.96	2.7744	0.82605	1.0253	338.72	3.1526	23.909	0.032956	vapor
498.33	1.0000	10.701	0.093450	597.22	690.67	2.7778	0.82714	1.0263	339.27	3.1275	23.977	0.033091	vapor
500.00	1.0000	10.664	0.093773	598.61	692.38	2.7813	0.82823	1.0273	339.81	3.1027	24.046	0.033226	vapor
501.67	1.0000	10.627	0.094096	600.00	694.09	2.7847	0.82932	1.0283	340.36	3.0781	24.114	0.033361	vapor
503.33	1.0000	10.591	0.094419	601.39	695.81	2.7881	0.83040	1.0293	340.91	3.0538	24.182	0.033496	vapor
505.00	1.0000	10.555	0.094742	602.78	697.53	2.7915	0.83148	1.0303	341.45	3.0298	24.250	0.033631	vapor
506.67	1.0000	10.519	0.095065	604.18	699.24	2.7949	0.83255	1.0313	341.99	3.0060	24.318	0.033766	vapor
508.33	1.0000	10.484	0.095388	605.57	700.96	2.7983	0.83362	1.0322	342.53	2.9825	24.386	0.033901	vapor
510.00	1.0000	10.448	0.095711	606.97	702.68	2.8017	0.83469	1.0332	343.07	2.9593	24.454	0.034036	vapor
511.67	1.0000	10.413	0.096034	608.37	704.41	2.8050	0.83576	1.0342	343.61	2.9363	24.522	0.034171	vapor
513.33	1.0000	10.378	0.096356	609.78	706.13	2.8084	0.83682	1.0352	344.15	2.9135	24.589	0.034306	vapor
515.00	1.0000	10.344	0.096679	611.18	707.86	2.8118	0.83788	1.0362	344.69	2.8910	24.657	0.034441	vapor
516.67	1.0000	10.309	0.097001	612.58	709.59	2.8151	0.83894	1.0372	345.23	2.8687	24.724	0.034576	vapor
518.33	1.0000	10.275	0.097324	613.99	711.31	2.8184	0.83999	1.0381	345.76	2.8467	24.791	0.034711	vapor
520.00	1.0000	10.241	0.097646	615.40	713.05	2.8218	0.84104	1.0391	346.30	2.8248	24.859	0.034845	vapor
521.67	1.0000	10.207	0.097969	616.81	714.78	2.8251	0.84209	1.0401	346.83	2.8032	24.926	0.034980	vapor
523.33	1.0000	10.174	0.098291	618.22	716.51	2.8284	0.84314	1.0410	347.36	2.7819	24.993	0.035115	vapor
525.00	1.0000	10.141	0.098613	619.64	718.25	2.8317	0.84418	1.0420	347.90	2.7607	25.060	0.035250	vapor
526.67	1.0000	10.108	0.098935	621.05	719.99	2.8350	0.84522	1.0430	348.43	2.7398	25.127	0.035384	vapor
528.33	1.0000	10.075	0.099257	622.47	721.73	2.8383	0.84626	1.0439	348.96	2.7191	25.194	0.035519	vapor
530.00	1.0000	10.042	0.099579	623.89	723.47	2.8416	0.84729	1.0449	349.48	2.6986	25.260	0.035654	vapor
531.67	1.0000	10.010	0.099901	625.31	725.21	2.8449	0.84832	1.0458	350.01	2.6783	25.327	0.035788	vapor
533.33	1.0000	9.9777	0.10022	626.73	726.95	2.8482	0.84935	1.0468	350.54	2.6582	25.393	0.035923	vapor
535.00	1.0000	9.9458	0.10055	628.15	728.70	2.8515	0.85037	1.0478	351.06	2.6383	25.460	0.036057	vapor
536.67	1.0000	9.9141	0.10087	629.58	730.44	2.8547	0.85139	1.0487	351.59	2.6186	25.526	0.036192	vapor
538.33	1.0000	9.8825	0.10119	631.00	732.19	2.8580	0.85241	1.0497	352.11	2.5991	25.592	0.036326	vapor
540.00	1.0000	9.8512	0.10151	632.43	733.94	2.8612	0.85342	1.0506	352.64	2.5798	25.658	0.036461	vapor
541.67	1.0000	9.8201	0.10183	633.86	735.70	2.8645	0.85444	1.0516	353.16	2.5607	25.724	0.036595	vapor
543.33	1.0000	9.7892	0.10215	635.29	737.45	2.8677	0.85545	1.0525	353.68	2.5418	25.790	0.036729	vapor
545.00	1.0000	9.7585	0.10248	636.73	739.20	2.8709	0.85645	1.0534	354.20	2.5231	25.856	0.036864	vapor
546.67	1.0000	9.7279	0.10280	638.16	740.96	2.8741	0.85746	1.0544	354.72	2.5046	25.922	0.036998	vapor
548.33	1.0000	9.6976	0.10312	639.60	742.72	2.8773	0.85846	1.0553	355.24	2.4862	25.988	0.037132	vapor
550.00	1.0000	9.6675	0.10344	641.04	744.48	2.8805	0.85946	1.0563	355.76	2.4680	26.053	0.037266	vapor
551.67	1.0000	9.6376	0.10376	642.48	746.24	2.8837	0.86045	1.0572	356.27	2.4500	26.119	0.037401	vapor
553.33	1.0000	9.6078	0.10408	643.92	748.00	2.8869	0.86144	1.0581	356.79	2.4322	26.184	0.037535	vapor
555.00	1.0000	9.5782	0.10440	645.36	749.77	2.8901	0.86243	1.0590	357.30	2.4145	26.250	0.037669	vapor
556.67	1.0000	9.5489	0.10472	646.81	751.53	2.8933	0.86342	1.0600	357.82	2.3970	26.315	0.037803	vapor
558.33	1.0000	9.5197	0.10505	648.25	753.30	2.8965	0.86440	1.0609	358.33	2.3797	26.380	0.037937	vapor
560.00	1.0000	9.4907	0.10537	649.70	755.07	2.8996	0.86538	1.0618	358.84	2.3625	26.445	0.038071	vapor
561.67	1.0000	9.4618	0.10569	651.15	756.84	2.9028	0.86636	1.0627	359.36	2.3455	26.510	0.038204	vapor
563.33	1.0000	9.4332	0.10601	652.60	758.61	2.9059	0.86733	1.0637	359.87	2.3287	26.575	0.038338	vapor
565.00	1.0000	9.4047	0.10633	654.05	760.38	2.9091	0.86831	1.0646	360.38	2.3120	26.640	0.038472	vapor
566.67	1.0000	9.3764	0.10665	655.51	762.16	2.9122	0.86928	1.0655	360.88	2.2955	26.704	0.038606	vapor
568.33	1.0000	9.3483	0.10697	656.96	763.94	2.9153	0.87024	1.0664	361.39	2.2791	26.769	0.038740	vapor
570.00	1.0000	9.3203	0.10729	658.42	765.71	2.9185	0.87121	1.0673	361.90	2.2629	26.834	0.038873	vapor
571.67	1.0000	9.2926	0.10761	659.88	767.49	2.9216	0.87217	1.0682	362.41	2.2468	26.898	0.039007	vapor
573.33	1.0000	9.2650	0.10793	661.34	769.27	2.9247	0.87313	1.0691	362.91	2.2309	26.963	0.039140	vapor
575.00	1.0000	9.2375	0.10825	662.80	771.06	2.9278	0.87408	1.0700	363.42	2.2151	27.027	0.039274	vapor
576.67	1.0000	9.2102	0.10857	664.27	772.84	2.9309	0.87503	1.0709	363.92	2.1995	27.091	0.039407	vapor
578.33	1.0000	9.1831	0.10890	665.73	774.63	2.9340	0.87598	1.0718	364.42	2.1840	27.155	0.039541	vapor
580.00	1.0000	9.1562	0.10922	667.20	776.41	2.9371	0.87693	1.0727	364.93	2.1687	27.219	0.039674	vapor
581.67	1.0000	9.1294	0.10954	668.67	778.20	2.9402	0.87787	1.0736	365.43	2.1535	27.283	0.039807	vapor
583.33	1.0000	9.1027	0.10986	670.14	779.99	2.9432	0.87882	1.0745	365.93	2.1384	27.347	0.039941	vapor
585.00	1.0000	9.0763	0.11018	671.61	781.78	2.9463	0.87976	1.0754	366.43	2.1235	27.411	0.040074	vapor
586.67	1.0000	9.0500	0.11050	673.08	783.58	2.9494	0.88069	1.0763	366.93	2.1087	27.474	0.040207	vapor
588.33	1.0000	9.0238	0.11082	674.55	785.37	2.9524	0.88162	1.0772	367.43	2.0940	27.538	0.040340	vapor
590.00	1.0000	8.9978	0.11114	676.03	787.17	2.9555	0.88256	1.0780	367.93	2.0795	27.602	0.040473	vapor
591.67	1.0000	8.9719	0.11146	677.51	788.97	2.9585	0.88348	1.0789	368.42	2.0651	27.665	0.040606	vapor
593.33	1.0000	8.9462	0.11178	678.99	790.76	2.9615	0.88441	1.0798	368.92	2.0508	27.728	0.040739	vapor
595.00	1.0000	8.9207	0.11210	680.47	792.56	2.9646	0.88533	1.0807	369.41	2.0366	27.792	0.040872	vapor
596.67	1.0000	8.8953	0.11242	681.95	794.37	2.9676	0.88625	1.0816	369.91	2.0226	27.855	0.041005	vapor
598.33	1.0000	8.8700	0.11274	683.43	796.17	2.9706	0.88717	1.0824	370.40	2.0087	27.918	0.041138	vapor
600.00	1.0000	8.8449	0.11306	684.91	797.97	2.9736	0.88808	1.0833	370.90	1.9949	27.981	0.041270	vapor
601.67	1.0000	8.8199	0.11338	686.40	799.78	2.9766	0.88900	1.0842	371.39	1.9813	28.044	0.041403	vapor
603.33	1.0000	8.7951	0.11370	687.89	801.59	2.9796	0.88990	1.0850	371.88	1.9677	28.107	0.041536	vapor
605.00	1.0000	8.7704	0.11402	689.38	803.40	2.9826	0.89081	1.0859	372.37	1.9543	28.170	0.041668	vapor
606.67	1.0000	8.7459	0.11434	690.87	805.21	2.9856	0.89171	1.0868	372.86	1.9410	28.232	0.041801	vapor
608.33	1.0000	8.7215	0.11466	692.36	807.02	2.9886	0.89262	1.0876	373.35	1.9278	28.295	0.041933	vapor
610.00	1.0000	8.6972	0.11498	693.85	808.83	2.9916	0.89352	1.0885	373.84	1.9147	28.358	0.042065	vapor
611.67	1.0000	8.6731	0.11530	695.35	810.65	2.9945	0.89441	1.0893	374.33	1.9017	28.420	0.042198	vapor
613.33	1.0000	8.6491	0.11562	696.85	812.46	2.9975	0.89530	1.0902	374.81	1.8888	28.483	0.042330	vapor
615.00	1.0000	8.6253	0.11594	698.34	814.28	3.0005	0.89620	1.0910	375.30	1.8761	28.545	0.042462	vapor
616.67	1.0000	8.6015	0.11626	699.84	816.10	3.0034	0.89708	1.0919	375.79	1.8634	28.607	0.042594	vapor
618.33	1.0000	8.5779	0.11658	701.34	817.92	3.0064	0.89797	1.0927	376.27	1.8509	28.669	0.042726	vapor
620.00	1.0000	8.5545	0.11690	702.85	819.74	3.0093	0.89885	1.0936	376.76	1.8384	28.731	0.042858	vapor
621.67	1.0000	8.5312	0.11722	704.35	821.57	3.0122	0.89973	1.0944	377.24	1.8261	28.793	0.042990	vapor
623.33	1.0000	8.5080	0.11754	705.85	823.39	3.0152	0.90061	1.0952	377.72	1.8139	28.855	0.043122	vapor
625.00	1.0000	8.4849	0.11786	707.36	825.22	3.0181	0.90149	1.0961	378.20	1.8017	28.917	0.043254	vapor
626.67	1.0000	8.4620	0.11818	708.87	827.05	3.0210	0.90236	1.0969	378.69	1.7897	28.979	0.043386	vapor
628.33	1.0000	8.4391	0.11850	710.38	828.87	3.0239	0.90323	1.0977	379.17	1.7778	29.041	0.043517	vapor
630.00	1.0000	8.4164	0.11881	711.89	830.70	3.0268	0.90410	1.0986	379.65	1.7659	29.102	0.043649	vapor
631.67	1.0000	8.3939	0.11913	713.40	832.54	3.0298	0.90496	1.0994	380.13	1.7542	29.164	0.043781	vapor
633.33	1.0000	8.3714	0.11945	714.92	834.37	3.0326	0.90583	1.1002	380.61	1.7425	29.225	0.043912	vapor
635.00	1.0000	8.3491	0.11977	716.43	836.20	3.0355	0.90669	1.1011	381.08	1.7310	29.287	0.044044	vapor
636.67	1.0000	8.3269	0.12009	717.95	838.04	3.0384	0.90754	1.1019	381.56	1.7195	29.348	0.044175	vapor
638.33	1.0000	8.3048	0.12041	719.46	839.88	3.0413	0.90840	1.1027	382.04	1.7082	29.409	0.044306	vapor
640.00	1.0000	8.2829	0.12073	720.98	841.71	3.0442	0.90925	1.1035	382.51	1.6969	29.470	0.044437	vapor
641.67	1.0000	8.2610	0.12105	722.50	843.55	3.0471	0.91010	1.1043	382.99	1.6857	29.531	0.044569	vapor
643.33	1.0000	8.2393	0.12137	724.03	845.40	3.0499	0.91095	1.1051	383.46	1.6746	29.592	0.044700	vapor
645.00	1.0000	8.2177	0.12169	725.55	847.24	3.0528	0.91180	1.1060	383.94	1.6636	29.653	0.044831	vapor
646.67	1.0000	8.1962	0.12201	727.07	849.08	3.0556	0.91264	1.1068	384.41	1.6527	29.714	0.044962	vapor
648.33	1.0000	8.1748	0.12233	728.60	850.93	3.0585	0.91348	1.1076	384.89	1.6419	29.775	0.045093	vapor
650.00	1.0000	8.1535	0.12265	730.13	852.77	3.0613	0.91432	1.1084	385.36	1.6311	29.835	0.045224	vapor
651.67	1.0000	8.1324	0.12297	731.66	854.62	3.0642	0.91515	1.1092	385.83	1.6205	29.896	0.045354	vapor
653.33	1.0000	8.1113	0.12328	733.19	856.47	3.0670	0.91599	1.1100	386.30	1.6099	29.957	0.045485	vapor
655.00	1.0000	8.0904	0.12360	734.72	858.32	3.0698	0.91682	1.1108	386.77	1.5994	30.017	0.045616	vapor
656.67	1.0000	8.0696	0.12392	736.25	860.17	3.0727	0.91765	1.1116	387.24	1.5890	30.078	0.045746	vapor
658.33	1.0000	8.0488	0.12424	737.79	862.03	3.0755	0.91847	1.1124	387.71	1.5787	30.138	0.045877	vapor
660.00	1.0000	8.0282	0.12456	739.32	863.88	3.0783	0.91930	1.1132	388.18	1.5684	30.198	0.046007	vapor
661.67	1.0000	8.0077	0.12488	740.86	865.74	3.0811	0.92012	1.1140	388.65	1.5582	30.258	0.046138	vapor
663.33	1.0000	7.9873	0.12520	742.40	867.60	3.0839	0.92093	1.1147	389.11	1.5481	30.318	0.046268	vapor
665.00	1.0000	7.9670	0.12552	743.94	869.45	3.0867	0.92175	1.1155	389.58	1.5381	30.378	0.046398	vapor
666.67	1.0000	7.9468	0.12584	745.48	871.31	3.0895	0.92257	1.1163	390.05	1.5282	30.438	0.046528	vapor
668.33	1.0000	7.9268	0.12616	747.02	873.17	3.0923	0.92338	1.1171	390.51	1.5183	30.498	0.046658	vapor
670.00	1.0000	7.9068	0.12647	748.56	875.04	3.0951	0.92419	1.1179	390.98	1.5085	30.558	0.046788	vapor
671.67	1.0000	7.8869	0.12679	750.11	876.90	3.0978	0.92499	1.1186	391.44	1.4988	30.618	0.046918	vapor
673.33	1.0000	7.8671	0.12711	751.65	878.77	3.1006	0.92580	1.1194	391.90	1.4892	30.678	0.047048	vapor
675.00	1.0000	7.8474	0.12743	753.20	880.63	3.1034	0.92660	1.1202	392.37	1.4796	30.737	0.047178	vapor
676.67	1.0000	7.8279	0.12775	754.75	882.50	3.1062	0.92740	1.1210	392.83	1.4701	30.797	0.047308	vapor
678.33	1.0000	7.8084	0.12807	756.30	884.37	3.1089	0.92820	1.1217	393.29	1.4607	30.856	0.047437	vapor
680.00	1.0000	7.7890	0.12839	757.85	886.24	3.1117	0.92899	1.1225	393.75	1.4513	30.916	0.047567	vapor
681.67	1.0000	7.7697	0.12870	759.41	888.11	3.1144	0.92978	1.1233	394.21	1.4420	30.975	0.047697	vapor
683.33	1.0000	7.7505	0.12902	760.96	889.98	3.1172	0.93057	1.1240	394.67	1.4328	31.034	0.047826	vapor
685.00	1.0000	7.7314	0.12934	762.52	891.86	3.1199	0.93136	1.1248	395.13	1.4237	31.093	0.047955	vapor
686.67	1.0000	7.7124	0.12966	764.07	893.73	3.1226	0.93215	1.1256	395.59	1.4146	31.152	0.048085	vapor
688.33	1.0000	7.6935	0.12998	765.63	895.61	3.1254	0.93293	1.1263	396.05	1.4056	31.211	0.048214	vapor
690.00	1.0000	7.6747	0.13030	767.19	897.49	3.1281	0.93371	1.1271	396.51	1.3966	31.270	0.048343	vapor
691.67	1.0000	7.6560	0.13062	768.75	899.37	3.1308	0.93449	1.1278	396.96	1.3877	31.329	0.048472	vapor
693.33	1.0000	7.6374	0.13093	770.31	901.25	3.1335	0.93527	1.1286	397.42	1.3789	31.388	0.048601	vapor
695.00	1.0000	7.6189	0.13125	771.87	903.13	3.1362	0.93604	1.1293	397.87	1.3701	31.447	0.048730	vapor
696.67	1.0000	7.6004	0.13157	773.44	905.01	3.1389	0.93682	1.1301	398.33	1.3614	31.506	0.048859	vapor
698.33	1.0000	7.5821	0.13189	775.00	906.90	3.1416	0.93759	1.1308	398.78	1.3528	31.564	0.048988	vapor
700.00	1.0000	7.5638	0.13221	776.57	908.78	3.1443	0.93835	1.1315	399.24	1.3443	31.623	0.049117	vapor
701.67	1.0000	7.5456	0.13253	778.14	910.67	3.1470	0.93912	1.1323	399.69	1.3357	31.681	0.049245	vapor
703.33	1.0000	7.5275	0.13285	779.71	912.55	3.1497	0.93988	1.1330	400.15	1.3273	31.740	0.049374	vapor
705.00	1.0000	7.5096	0.13316	781.28	914.44	3.1524	0.94064	1.1338	400.60	1.3189	31.798	0.049502	vapor
706.67	1.0000	7.4916	0.13348	782.85	916.33	3.1551	0.94140	1.1345	401.05	1.3106	31.856	0.049631	vapor
708.33	1.0000	7.4738	0.13380	784.42	918.23	3.1577	0.94216	1.1352	401.50	1.3023	31.915	0.049759	vapor
710.00	1.0000	7.4561	0.13412	786.00	920.12	3.1604	0.94291	1.1360	401.95	1.2941	31.973	0.049887	vapor
711.67	1.0000	7.4384	0.13444	787.57	922.01	3.1631	0.94367	1.1367	402.40	1.2860	32.031	0.050016	vapor
713.33	1.0000	7.4209	0.13476	789.15	923.91	3.1657	0.94441	1.1374	402.85	1.2779	32.089	0.050144	vapor
715.00	1.0000	7.4034	0.13507	790.73	925.80	3.1684	0.94516	1.1381	403.30	1.2698	32.147	0.050272	vapor
716.67	1.0000	7.3860	0.13539	792.31	927.70	3.1710	0.94591	1.1389	403.75	1.2618	32.205	0.050400	vapor
718.33	1.0000	7.3687	0.13571	793.89	929.60	3.1737	0.94665	1.1396	404.20	1.2539	32.262	0.050528	vapor
720.00	1.0000	7.3514	0.13603	795.47	931.50	3.1763	0.94739	1.1403	404.65	1.2461	32.320	0.050655	vapor
721.67	1.0000	7.3343	0.13635	797.05	933.40	3.1790	0.94813	1.1410	405.09	1.2382	32.378	0.050783	vapor
723.33	1.0000	7.3172	0.13666	798.64	935.30	3.1816	0.94887	1.1417	405.54	1.2305	32.436	0.050911	vapor
725.00	1.0000	7.3002	0.13698	800.22	937.21	3.1842	0.94960	1.1424	405.98	1.2228	32.493	0.051039	vapor
726.67	1.0000	7.2833	0.13730	801.81	939.11	3.1869	0.95034	1.1432	406.43	1.2151	32.551	0.051166	vapor
728.33	1.0000	7.2665	0.13762	803.40	941.02	3.1895	0.95107	1.1439	406.88	1.2075	32.608	0.051294	vapor
730.00	1.0000	7.2497	0.13794	804.99	942.92	3.1921	0.95179	1.1446	407.32	1.2000	32.665	0.051421	vapor
731.67	1.0000	7.2330	0.13825	806.58	944.83	3.1947	0.95252	1.1453	407.76	1.1925	32.723	0.051548	vapor
733.33	1.0000	7.2164	0.13857	808.17	946.74	3.1973	0.95324	1.1460	408.21	1.1850	32.780	0.051675	vapor
735.00	1.0000	7.1999	0.13889	809.76	948.65	3.1999	0.95397	1.1467	408.65	1.1776	32.837	0.051803	vapor
736.67	1.0000	7.1835	0.13921	811.35	950.56	3.2025	0.95469	1.1474	409.09	1.1703	32.894	0.051930	vapor
738.33	1.0000	7.1671	0.13953	812.95	952.48	3.2051	0.95540	1.1481	409.53	1.1630	32.951	0.052057	vapor
740.00	1.0000	7.1508	0.13984	814.55	954.39	3.2077	0.95612	1.1488	409.97	1.1557	33.008	0.052184	vapor
741.67	1.0000	7.1346	0.14016	816.14	956.31	3.2103	0.95683	1.1495	410.42	1.1485	33.065	0.052310	vapor
743.33	1.0000	7.1184	0.14048	817.74	958.22	3.2129	0.95754	1.1502	410.86	1.1414	33.122	0.052437	vapor
745.00	1.0000	7.1023	0.14080	819.34	960.14	3.2154	0.95825	1.1508	411.30	1.1343	33.179	0.052564	vapor
746.67	1.0000	7.0863	0.14112	820.94	962.06	3.2180	0.95896	1.1515	411.74	1.1272	33.236	0.052690	vapor
748.33	1.0000	7.0704	0.14143	822.54	963.98	3.2206	0.95967	1.1522	412.17	1.1202	33.292	0.052817	vapor
750.00	1.0000	7.0546	0.14175	824.15	965.90	3.2231	0.96037	1.1529	412.61	1.1132	33.349	0.052943	vapor
751.67	1.0000	7.0388	0.14207	825.75	967.82	3.2257	0.96107	1.1536	413.05	1.1063	33.405	0.053070	vapor
753.33	1.0000	7.0231	0.14239	827.36	969.74	3.2283	0.96177	1.1543	413.49	1.0994	33.462	0.053196	vapor
755.00	1.0000	7.0074	0.14271	828.96	971.67	3.2308	0.96246	1.1549	413.92	1.0926	33.518	0.053322	vapor
756.67	1.0000	6.9919	0.14302	830.57	973.59	3.2334	0.96316	1.1556	414.36	1.0858	33.575	0.053448	vapor
758.33	1.0000	6.9764	0.14334	832.18	975.52	3.2359	0.96385	1.1563	414.80	1.0791	33.631	0.053575	vapor
760.00	1.0000	6.9609	0.14366	833.79	977.45	3.2384	0.96454	1.1570	415.23	1.0724	33.687	0.053701	vapor
761.67	1.0000	6.9456	0.14398	835.40	979.38	3.2410	0.96523	1.1576	415.67	1.0657	33.743	0.053826	vapor
763.33	1.0000	6.9303	0.14429	837.01	981.31	3.2435	0.96592	1.1583	416.10	1.0591	33.800	0.053952	vapor
765.00	1.0000	6.9150	0.14461	838.63	983.24	3.2460	0.96660	1.1590	416.53	1.0526	33.856	0.054078	vapor
766.67	1.0000	6.8999	0.14493	840.24	985.17	3.2486	0.96729	1.1596	416.97	1.0460	33.912	0.054204	vapor
768.33	1.0000	6.8848	0.14525	841.86	987.10	3.2511	0.96797	1.1603	417.40	1.0396	33.968	0.054329	vapor
770.00	1.0000	6.8698	0.14557	843.47	989.04	3.2536	0.96864	1.1610	417.83	1.0331	34.023	0.054455	vapor
771.67	1.0000	6.8548	0.14588	845.09	990.97	3.2561	0.96932	1.1616	418.26	1.0267	34.079	0.054580	vapor
773.33	1.0000	6.8399	0.14620	846.71	992.91	3.2586	0.97000	1.1623	418.70	1.0204	34.135	0.054706	vapor
775.00	1.0000	6.8251	0.14652	848.33	994.85	3.2611	0.97067	1.1629	419.13	1.0140	34.191	0.054831	vapor
776.67	1.0000	6.8103	0.14684	849.95	996.79	3.2636	0.97134	1.1636	419.56	1.0078	34.246	0.054956	vapor
778.33	1.0000	6.7956	0.14715	851.57	998.73	3.2661	0.97201	1.1642	419.99	1.0015	34.302	0.055081	vapor
780.00	1.0000	6.7810	0.14747	853.20	1000.7	3.2686	0.97268	1.1649	420.42	0.99533	34.357	0.055206	vapor
781.67	1.0000	6.7664	0.14779	854.82	1002.6	3.2711	0.97334	1.1655	420.85	0.98917	34.413	0.055331	vapor
783.33	1.0000	6.7519	0.14811	856.45	1004.6	3.2736	0.97400	1.1662	421.28	0.98305	34.468	0.055456	vapor
785.00	1.0000	6.7375	0.14842	858.07	1006.5	3.2760	0.97466	1.1668	421.70	0.97696	34.524	0.055581	vapor
786.67	1.0000	6.7231	0.14874	859.70	1008.4	3.2785	0.97532	1.1675	422.13	0.97092	34.579	0.055706	vapor
788.33	1.0000	6.7088	0.14906	861.33	1010.4	3.2810	0.97598	1.1681	422.56	0.96491	34.634	0.055830	vapor
790.00	1.0000	6.6945	0.14938	862.96	1012.3	3.2835	0.97663	1.1687	422.99	0.95894	34.689	0.055955	vapor
791.67	1.0000	6.6803	0.14969	864.59	1014.3	3.2859	0.97729	1.1694	423.41	0.95301	34.744	0.056079	vapor
793.33	1.0000	6.6662	0.15001	866.22	1016.2	3.2884	0.97794	1.1700	423.84	0.94711	34.800	0.056204	vapor
795.00	1.0000	6.6521	0.15033	867.85	1018.2	3.2908	0.97859	1.1706	424.26	0.94125	34.855	0.056328	vapor
796.67	1.0000	6.6381	0.15065	869.49	1020.1	3.2933	0.97924	1.1713	424.69	0.93542	34.910	0.056452	vapor
798.33	1.0000	6.6241	0.15096	871.12	1022.1	3.2957	0.97988	1.1719	425.11	0.92963	34.964	0.056577	vapor
800.00	1.0000	6.6102	0.15128	872.76	1024.0	3.2982	0.98052	1.1725	425.54	0.92388	35.019	0.056701	vapor
801.67	1.0000	6.5964	0.15160	874.40	1026.0	3.3006	0.98117	1.1732	425.96	0.91816	35.074	0.056825	vapor
803.33	1.0000	6.5826	0.15192	876.04	1028.0	3.3031	0.98181	1.1738	426.38	0.91248	35.129	0.056949	vapor
805.00	1.0000	6.5689	0.15223	877.68	1029.9	3.3055	0.98244	1.1744	426.81	0.90683	35.183	0.057073	vapor
806.67	1.0000	6.5552	0.15255	879.32	1031.9	3.3079	0.98308	1.1750	427.23	0.90121	35.238	0.057196	vapor
808.33	1.0000	6.5416	0.15287	880.96	1033.8	3.3103	0.98371	1.1756	427.65	0.89563	35.293	0.057320	vapor
810.00	1.0000	6.5280	0.15319	882.60	1035.8	3.3128	0.98435	1.1763	428.07	0.89009	35.347	0.057444	vapor
811.67	1.0000	6.5145	0.15350	884.24	1037.7	3.3152	0.98498	1.1769	428.49	0.88457	35.402	0.057567	vapor
813.33	1.0000	6.5011	0.15382	885.89	1039.7	3.3176	0.98561	1.1775	428.91	0.87909	35.456	0.057691	vapor
815.00	1.0000	6.4877	0.15414	887.53	1041.7	3.3200	0.98623	1.1781	429.33	0.87364	35.510	0.057814	vapor
816.67	1.0000	6.4744	0.15445	889.18	1043.6	3.3224	0.98686	1.1787	429.75	0.86823	35.565	0.057937	vapor
818.33	1.0000	6.4611	0.15477	890.83	1045.6	3.3248	0.98748	1.1793	430.17	0.86284	35.619	0.058061	vapor
820.00	1.0000	6.4479	0.15509	892.48	1047.6	3.3272	0.98810	1.1799	430.59	0.85749	35.673	0.058184	vapor
821.67	1.0000	6.4347	0.15541	894.13	1049.5	3.3296	0.98872	1.1805	431.01	0.85217	35.727	0.058307	vapor
823.33	1.0000	6.4216	0.15572	895.78	1051.5	3.3320	0.98934	1.1811	431.43	0.84688	35.781	0.058430	vapor
825.00	1.0000	6.4086	0.15604	897.43	1053.5	3.3344	0.98996	1.1817	431.85	0.84162	35.835	0.058553	vapor
826.67	1.0000	6.3956	0.15636	899.08	1055.4	3.3368	0.99057	1.1823	432.26	0.83640	35.889	0.058676	vapor
828.33	1.0000	6.3826	0.15668	900.74	1057.4	3.3392	0.99118	1.1829	432.68	0.83120	35.943	0.058798	vapor
830.00	1.0000	6.3697	0.15699	902.39	1059.4	3.3416	0.99179	1.1835	433.10	0.82603	35.997	0.058921	vapor
831.67	1.0000	6.3569	0.15731	904.05	1061.4	3.3439	0.99240	1.1841	433.51	0.82090	36.051	0.059044	vapor
833.33	1.0000	6.3441	0.15763	905.70	1063.3	3.3463	0.99301	1.1847	433.93	0.81579	36.104	0.059166	vapor
835.00	1.0000	6.3313	0.15794	907.36	1065.3	3.3487	0.99361	1.1853	434.34	0.81072	36.158	0.059289	vapor
836.67	1.0000	6.3187	0.15826	909.02	1067.3	3.3510	0.99422	1.1859	434.76	0.80567	36.212	0.059411	vapor
838.33	1.0000	6.3060	0.15858	910.68	1069.3	3.3534	0.99482	1.1865	435.17	0.80065	36.265	0.059533	vapor
840.00	1.0000	6.2934	0.15890	912.34	1071.2	3.3557	0.99542	1.1871	435.59	0.79566	36.319	0.059655	vapor
841.67	1.0000	6.2809	0.15921	914.00	1073.2	3.3581	0.99601	1.1877	436.00	0.79070	36.372	0.059777	vapor
843.33	1.0000	6.2684	0.15953	915.67	1075.2	3.3605	0.99661	1.1882	436.41	0.78577	36.426	0.059900	vapor
845.00	1.0000	6.2560	0.15985	917.33	1077.2	3.3628	0.99721	1.1888	436.83	0.78087	36.479	0.060021	vapor
846.67	1.0000	6.2436	0.16016	918.99	1079.2	3.3651	0.99780	1.1894	437.24	0.77599	36.533	0.060143	vapor
848.33	1.0000	6.2312	0.16048	920.66	1081.1	3.3675	0.99839	1.1900	437.65	0.77114	36.586	0.060265	vapor
850.00	1.0000	6.2190	0.16080	922.33	1083.1	3.3698	0.99898	1.1906	438.06	0.76632	36.639	0.060387	vapor
851.67	1.0000	6.2067	0.16112	923.99	1085.1	3.3721	0.99957	1.1911	438.47	0.76153	36.692	0.060508	vapor
853.33	1.0000	6.1945	0.16143	925.66	1087.1	3.3745	1.0002	1.1917	438.88	0.75676	36.745	0.060630	vapor
855.00	1.0000	6.1824	0.16175	927.33	1089.1	3.3768	1.0007	1.1923	439.29	0.75202	36.798	0.060752	vapor
856.67	1.0000	6.1703	0.16207	929.00	1091.1	3.3791	1.0013	1.1929	439.70	0.74731	36.851	0.060873	vapor
858.33	1.0000	6.1582	0.16238	930.67	1093.1	3.3814	1.0019	1.1934	440.11	0.74263	36.904	0.060994	vapor
860.00	1.0000	6.1462	0.16270	932.35	1095.0	3.3838	1.0025	1.1940	440.52	0.73797	36.957	0.061115	vapor
861.67	1.0000	6.1343	0.16302	934.02	1097.0	3.3861	1.0031	1.1946	440.93	0.73333	37.010	0.061237	vapor
863.33	1.0000	6.1224	0.16333	935.70	1099.0	3.3884	1.0036	1.1951	441.34	0.72872	37.063	0.061358	vapor
865.00	1.0000	6.1105	0.16365	937.37	1101.0	3.3907	1.0042	1.1957	441.75	0.72414	37.116	0.061479	vapor
866.67	1.0000	6.0987	0.16397	939.05	1103.0	3.3930	1.0048	1.1962	442.15	0.71959	37.168	0.061600	vapor
868.33	1.0000	6.0869	0.16429	940.72	1105.0	3.3953	1.0053	1.1968	442.56	0.71505	37.221	0.061720	vapor
870.00	1.0000	6.0752	0.16460	942.40	1107.0	3.3976	1.0059	1.1974	442.97	0.71055	37.274	0.061841	vapor
871.67	1.0000	6.0636	0.16492	944.08	1109.0	3.3999	1.0065	1.1979	443.37	0.70606	37.326	0.061962	vapor
873.33	1.0000	6.0519	0.16524	945.76	1111.0	3.4022	1.0070	1.1985	443.78	0.70161	37.379	0.062083	vapor
875.00	1.0000	6.0403	0.16555	947.44	1113.0	3.4045	1.0076	1.1990	444.19	0.69717	37.431	0.062203	vapor
876.67	1.0000	6.0288	0.16587	949.12	1115.0	3.4067	1.0082	1.1996	444.59	0.69277	37.484	0.062323	vapor
878.33	1.0000	6.0173	0.16619	950.81	1117.0	3.4090	1.0087	1.2001	444.99	0.68838	37.536	0.062444	vapor
880.00	1.0000	6.0058	0.16650	952.49	1119.0	3.4113	1.0093	1.2007	445.40	0.68402	37.588	0.062564	vapor
881.67	1.0000	5.9944	0.16682	954.18	1121.0	3.4136	1.0098	1.2012	445.80	0.67968	37.641	0.062684	vapor
883.33	1.0000	5.9831	0.16714	955.86	1123.0	3.4158	1.0104	1.2018	446.21	0.67537	37.693	0.062804	vapor
885.00	1.0000	5.9717	0.16746	957.55	1125.0	3.4181	1.0110	1.2023	446.61	0.67108	37.745	0.062924	vapor
886.67	1.0000	5.9605	0.16777	959.23	1127.0	3.4204	1.0115	1.2028	447.01	0.66681	37.797	0.063044	vapor
888.33	1.0000	5.9492	0.16809	960.92	1129.0	3.4226	1.0121	1.2034	447.42	0.66257	37.849	0.063164	vapor
890.00	1.0000	5.9380	0.16841	962.61	1131.0	3.4249	1.0126	1.2039	447.82	0.65835	37.901	0.063284	vapor
891.67	1.0000	5.9269	0.16872	964.30	1133.0	3.4271	1.0132	1.2045	448.22	0.65415	37.953	0.063404	vapor
893.33	1.0000	5.9158	0.16904	965.99	1135.0	3.4294	1.0137	1.2050	448.62	0.64997	38.005	0.063523	vapor
895.00	1.0000	5.9047	0.16936	967.69	1137.0	3.4316	1.0142	1.2055	449.02	0.64582	38.057	0.063643	vapor
896.67	1.0000	5.8937	0.16967	969.38	1139.1	3.4339	1.0148	1.2061	449.42	0.64169	38.109	0.063763	vapor
898.33	1.0000	5.8827	0.16999	971.07	1141.1	3.4361	1.0153	1.2066	449.82	0.63758	38.161	0.063882	vapor
900.00	1.0000	5.8718	0.17031	972.77	1143.1	3.4383	1.0159	1.2071	450.22	0.63349	38.213	0.064001	vapor
901.67	1.0000	5.8609	0.17062	974.46	1145.1	3.4406	1.0164	1.2076	450.62	0.62942	38.264	0.064121	vapor
903.33	1.0000	5.8500	0.17094	976.16	1147.1	3.4428	1.0169	1.2082	451.02	0.62538	38.316	0.064240	vapor
905.00	1.0000	5.8392	0.17126	977.86	1149.1	3.4450	1.0175	1.2087	451.42	0.62135	38.368	0.064359	vapor
906.67	1.0000	5.8284	0.17157	979.55	1151.1	3.4473	1.0180	1.2092	451.82	0.61735	38.419	0.064478	vapor
908.33	1.0000	5.8177	0.17189	981.25	1153.1	3.4495	1.0185	1.2097	452.22	0.61337	38.471	0.064597	vapor
910.00	1.0000	5.8070	0.17221	982.95	1155.2	3.4517	1.0191	1.2103	452.61	0.60941	38.522	0.064716	vapor
911.67	1.0000	5.7963	0.17252	984.65	1157.2	3.4539	1.0196	1.2108	453.01	0.60547	38.574	0.064834	vapor
913.33	1.0000	5.7857	0.17284	986.36	1159.2	3.4561	1.0201	1.2113	453.41	0.60155	38.625	0.064953	vapor
915.00	1.0000	5.7751	0.17316	988.06	1161.2	3.4583	1.0207	1.2118	453.81	0.59765	38.676	0.065072	vapor
916.67	1.0000	5.7645	0.17347	989.76	1163.2	3.4605	1.0212	1.2123	454.20	0.59377	38.728	0.065190	vapor
918.33	1.0000	5.7540	0.17379	991.47	1165.3	3.4627	1.0217	1.2128	454.60	0.58991	38.779	0.065309	vapor
920.00	1.0000	5.7436	0.17411	993.17	1167.3	3.4649	1.0222	1.2134	454.99	0.58607	38.830	0.065427	vapor
921.67	1.0000	5.7331	0.17442	994.88	1169.3	3.4671	1.0227	1.2139	455.39	0.58225	38.881	0.065545	vapor
923.33	1.0000	5.7228	0.17474	996.58	1171.3	3.4693	1.0233	1.2144	455.78	0.57845	38.932	0.065664	vapor
925.00	1.0000	5.7124	0.17506	998.29	1173.3	3.4715	1.0238	1.2149	456.18	0.57467	38.983	0.065782	vapor
926.67	1.0000	5.7021	0.17537	1000.0	1175.4	3.4737	1.0243	1.2154	456.57	0.57091	39.034	0.065900	vapor
928.33	1.0000	5.6918	0.17569	1001.7	1177.4	3.4759	1.0248	1.2159	456.97	0.56717	39.085	0.066018	vapor
930.00	1.0000	5.6816	0.17601	1003.4	1179.4	3.4781	1.0253	1.2164	457.36	0.56344	39.136	0.066136	vapor
931.67	1.0000	5.6714	0.17632	1005.1	1181.5	3.4803	1.0258	1.2169	457.75	0.55974	39.187	0.066254	vapor
933.33	1.0000	5.6612	0.17664	1006.8	1183.5	3.4824	1.0263	1.2174	458.15	0.55605	39.238	0.066371	vapor
935.00	1.0000	5.6511	0.17696	1008.6	1185.5	3.4846	1.0268	1.2179	458.54	0.55239	39.289	0.066489	vapor
936.67	1.0000	5.6410	0.17727	1010.3	1187.5	3.4868	1.0273	1.2184	458.93	0.54874	39.340	0.066607	vapor
938.33	1.0000	5.6309	0.17759	1012.0	1189.6	3.4889	1.0279	1.2189	459.32	0.54511	39.390	0.066724	vapor
940.00	1.0000	5.6209	0.17791	1013.7	1191.6	3.4911	1.0284	1.2194	459.71	0.54150	39.441	0.066842	vapor
941.67	1.0000	5.6109	0.17822	1015.4	1193.6	3.4933	1.0289	1.2199	460.11	0.53791	39.492	0.066959	vapor
943.33	1.0000	5.6010	0.17854	1017.1	1195.7	3.4954	1.0294	1.2204	460.50	0.53433	39.542	0.067076	vapor
945.00	1.0000	5.5910	0.17886	1018.8	1197.7	3.4976	1.0299	1.2208	460.89	0.53077	39.593	0.067193	vapor
946.67	1.0000	5.5812	0.17917	1020.6	1199.7	3.4997	1.0304	1.2213	461.28	0.52723	39.643	0.067311	vapor
948.33	1.0000	5.5713	0.17949	1022.3	1201.8	3.5019	1.0308	1.2218	461.67	0.52371	39.694	0.067428	vapor
950.00	1.0000	5.5615	0.17981	1024.0	1203.8	3.5040	1.0313	1.2223	462.06	0.52020	39.744	0.067545	vapor
951.67	1.0000	5.5517	0.18012	1025.7	1205.9	3.5062	1.0318	1.2228	462.45	0.51672	39.794	0.067661	vapor
953.33	1.0000	5.5420	0.18044	1027.5	1207.9	3.5083	1.0323	1.2233	462.83	0.51325	39.845	0.067778	vapor
955.00	1.0000	5.5323	0.18076	1029.2	1209.9	3.5104	1.0328	1.2238	463.22	0.50979	39.895	0.067895	vapor
956.67	1.0000	5.5226	0.18107	1030.9	1212.0	3.5126	1.0333	1.2242	463.61	0.50636	39.945	0.068012	vapor
958.33	1.0000	5.5130	0.18139	1032.6	1214.0	3.5147	1.0338	1.2247	464.00	0.50294	39.996	0.068128	vapor
960.00	1.0000	5.5034	0.18171	1034.3	1216.1	3.5168	1.0343	1.2252	464.39	0.49954	40.046	0.068245	vapor
961.67	1.0000	5.4938	0.18202	1036.1	1218.1	3.5190	1.0348	1.2257	464.77	0.49615	40.096	0.068361	vapor
963.33	1.0000	5.4843	0.18234	1037.8	1220.1	3.5211	1.0352	1.2261	465.16	0.49278	40.146	0.068478	vapor
965.00	1.0000	5.4748	0.18266	1039.5	1222.2	3.5232	1.0357	1.2266	465.55	0.48943	40.196	0.068594	vapor
966.67	1.0000	5.4653	0.18297	1041.3	1224.2	3.5253	1.0362	1.2271	465.93	0.48609	40.246	0.068710	vapor
968.33	1.0000	5.4559	0.18329	1043.0	1226.3	3.5274	1.0367	1.2276	466.32	0.48277	40.296	0.068826	vapor
970.00	1.0000	5.4465	0.18361	1044.7	1228.3	3.5295	1.0372	1.2280	466.70	0.47947	40.346	0.068942	vapor
971.67	1.0000	5.4371	0.18392	1046.4	1230.4	3.5317	1.0376	1.2285	467.09	0.47618	40.396	0.069058	vapor
973.33	1.0000	5.4278	0.18424	1048.2	1232.4	3.5338	1.0381	1.2290	467.47	0.47290	40.445	0.069174	vapor
975.00	1.0000	5.4184	0.18455	1049.9	1234.5	3.5359	1.0386	1.2294	467.86	0.46965	40.495	0.069290	vapor
976.67	1.0000	5.4092	0.18487	1051.6	1236.5	3.5380	1.0391	1.2299	468.24	0.46641	40.545	0.069406	vapor
978.33	1.0000	5.3999	0.18519	1053.4	1238.6	3.5401	1.0395	1.2304	468.63	0.46318	40.595	0.069521	vapor
980.00	1.0000	5.3907	0.18550	1055.1	1240.6	3.5422	1.0400	1.2308	469.01	0.45997	40.644	0.069637	vapor
981.67	1.0000	5.3815	0.18582	1056.8	1242.7	3.5442	1.0405	1.2313	469.39	0.45678	40.694	0.069752	vapor
983.33	1.0000	5.3724	0.18614	1058.6	1244.7	3.5463	1.0409	1.2317	469.78	0.45360	40.743	0.069868	vapor
985.00	1.0000	5.3633	0.18645	1060.3	1246.8	3.5484	1.0414	1.2322	470.16	0.45043	40.793	0.069983	vapor
986.67	1.0000	5.3542	0.18677	1062.1	1248.8	3.5505	1.0419	1.2326	470.54	0.44728	40.843	0.070098	vapor
988.33	1.0000	5.3451	0.18709	1063.8	1250.9	3.5526	1.0423	1.2331	470.92	0.44415	40.892	0.070214	vapor
990.00	1.0000	5.3361	0.18740	1065.5	1252.9	3.5547	1.0428	1.2336	471.30	0.44103	40.941	0.070329	vapor
991.67	1.0000	5.3271	0.18772	1067.3	1255.0	3.5567	1.0432	1.2340	471.69	0.43792	40.991	0.070444	vapor
993.33	1.0000	5.3181	0.18804	1069.0	1257.0	3.5588	1.0437	1.2345	472.07	0.43483	41.040	0.070559	vapor
995.00	1.0000	5.3092	0.18835	1070.8	1259.1	3.5609	1.0442	1.2349	472.45	0.43175	41.089	0.070674	vapor
996.67	1.0000	5.3003	0.18867	1072.5	1261.2	3.5629	1.0446	1.2354	472.83	0.42869	41.139	0.070788	vapor
998.33	1.0000	5.2914	0.18898	1074.2	1263.2	3.5650	1.0451	1.2358	473.21	0.42564	41.188	0.070903	vapor
1000.0	1.0000	5.2826	0.18930	1076.0	1265.3	3.5671	1.0455	1.2362	473.59	0.42261	41.237	0.071018	vapor
1001.7	1.0000	5.2738	0.18962	1077.7	1267.3	3.5691	1.0460	1.2367	473.97	0.41959	41.286	0.071132	vapor
1003.3	1.0000	5.2650	0.18993	1079.5	1269.4	3.5712	1.0464	1.2371	474.35	0.41658	41.335	0.071247	vapor
1005.0	1.0000	5.2562	0.19025	1081.2	1271.5	3.5732	1.0469	1.2376	474.73	0.41359	41.384	0.071361	vapor
1006.7	1.0000	5.2475	0.19057	1083.0	1273.5	3.5753	1.0473	1.2380	475.10	0.41062	41.433	0.071476	vapor
1008.3	1.0000	5.2388	0.19088	1084.7	1275.6	3.5773	1.0478	1.2385	475.48	0.40765	41.482	0.071590	vapor
1010.0	1.0000	5.2301	0.19120	1086.5	1277.7	3.5794	1.0482	1.2389	475.86	0.40470	41.531	0.071704	vapor
1011.7	1.0000	5.2215	0.19152	1088.2	1279.7	3.5814	1.0487	1.2393	476.24	0.40176	41.580	0.071818	vapor
1013.3	1.0000	5.2129	0.19183	1090.0	1281.8	3.5835	1.0491	1.2398	476.61	0.39884	41.629	0.071932	vapor
1015.0	1.0000	5.2043	0.19215	1091.7	1283.9	3.5855	1.0495	1.2402	476.99	0.39593	41.678	0.072046	vapor
1016.7	1.0000	5.1958	0.19246	1093.5	1285.9	3.5875	1.0500	1.2406	477.37	0.39304	41.727	0.072160	vapor
1018.3	1.0000	5.1872	0.19278	1095.2	1288.0	3.5896	1.0504	1.2411	477.75	0.39015	41.775	0.072274	vapor
1020.0	1.0000	5.1787	0.19310	1097.0	1290.1	3.5916	1.0508	1.2415	478.12	0.38728	41.824	0.072388	vapor
1021.7	1.0000	5.1703	0.19341	1098.7	1292.1	3.5936	1.0513	1.2419	478.50	0.38442	41.873	0.072501	vapor
1023.3	1.0000	5.1618	0.19373	1100.5	1294.2	3.5957	1.0517	1.2424	478.87	0.38158	41.921	0.072615	vapor
1025.0	1.0000	5.1534	0.19405	1102.2	1296.3	3.5977	1.0522	1.2428	479.25	0.37875	41.970	0.072728	vapor
1026.7	1.0000	5.1450	0.19436	1104.0	1298.3	3.5997	1.0526	1.2432	479.62	0.37593	42.019	0.072842	vapor
1028.3	1.0000	5.1367	0.19468	1105.7	1300.4	3.6017	1.0530	1.2436	480.00	0.37312	42.067	0.072955	vapor
1030.0	1.0000	5.1283	0.19499	1107.5	1302.5	3.6037	1.0534	1.2441	480.37	0.37033	42.116	0.073069	vapor
1031.7	1.0000	5.1200	0.19531	1109.3	1304.6	3.6057	1.0539	1.2445	480.75	0.36755	42.164	0.073182	vapor
1033.3	1.0000	5.1118	0.19563	1111.0	1306.6	3.6078	1.0543	1.2449	481.12	0.36478	42.212	0.073295	vapor
1035.0	1.0000	5.1035	0.19594	1112.8	1308.7	3.6098	1.0547	1.2453	481.49	0.36203	42.261	0.073408	vapor
1036.7	1.0000	5.0953	0.19626	1114.5	1310.8	3.6118	1.0552	1.2457	481.87	0.35928	42.309	0.073521	vapor
1038.3	1.0000	5.0871	0.19658	1116.3	1312.9	3.6138	1.0556	1.2462	482.24	0.35655	42.357	0.073634	vapor
1040.0	1.0000	5.0789	0.19689	1118.0	1314.9	3.6158	1.0560	1.2466	482.61	0.35383	42.406	0.073747	vapor
1041.7	1.0000	5.0708	0.19721	1119.8	1317.0	3.6178	1.0564	1.2470	482.98	0.35112	42.454	0.073860	vapor
1043.3	1.0000	5.0627	0.19752	1121.6	1319.1	3.6198	1.0568	1.2474	483.36	0.34843	42.502	0.073972	vapor
1045.0	1.0000	5.0546	0.19784	1123.3	1321.2	3.6217	1.0573	1.2478	483.73	0.34575	42.550	0.074085	vapor
1046.7	1.0000	5.0465	0.19816	1125.1	1323.3	3.6237	1.0577	1.2482	484.10	0.34307	42.598	0.074197	vapor
1048.3	1.0000	5.0385	0.19847	1126.9	1325.3	3.6257	1.0581	1.2486	484.47	0.34041	42.646	0.074310	vapor
1050.0	1.0000	5.0304	0.19879	1128.6	1327.4	3.6277	1.0585	1.2490	484.84	0.33777	42.694	0.074422	vapor
1051.7	1.0000	5.0225	0.19911	1130.4	1329.5	3.6297	1.0589	1.2495	485.21	0.33513	42.742	0.074535	vapor
1053.3	1.0000	5.0145	0.19942	1132.2	1331.6	3.6317	1.0593	1.2499	485.58	0.33251	42.790	0.074647	vapor
1055.0	1.0000	5.0066	0.19974	1133.9	1333.7	3.6336	1.0598	1.2503	485.95	0.32989	42.838	0.074759	vapor
1056.7	1.0000	4.9986	0.20005	1135.7	1335.8	3.6356	1.0602	1.2507	486.32	0.32729	42.886	0.074871	vapor
1058.3	1.0000	4.9907	0.20037	1137.5	1337.8	3.6376	1.0606	1.2511	486.69	0.32470	42.934	0.074983	vapor
1060.0	1.0000	4.9829	0.20069	1139.2	1339.9	3.6396	1.0610	1.2515	487.06	0.32212	42.982	0.075095	vapor
1061.7	1.0000	4.9750	0.20100	1141.0	1342.0	3.6415	1.0614	1.2519	487.43	0.31955	43.030	0.075207	vapor
1063.3	1.0000	4.9672	0.20132	1142.8	1344.1	3.6435	1.0618	1.2523	487.80	0.31699	43.078	0.075319	vapor
1065.0	1.0000	4.9594	0.20164	1144.5	1346.2	3.6454	1.0622	1.2527	488.17	0.31445	43.125	0.075431	vapor
1066.7	1.0000	4.9517	0.20195	1146.3	1348.3	3.6474	1.0626	1.2531	488.53	0.31191	43.173	0.075542	vapor
1068.3	1.0000	4.9439	0.20227	1148.1	1350.4	3.6494	1.0630	1.2535	488.90	0.30939	43.221	0.075654	vapor
1070.0	1.0000	4.9362	0.20258	1149.9	1352.4	3.6513	1.0634	1.2539	489.27	0.30688	43.268	0.075765	vapor
1071.7	1.0000	4.9285	0.20290	1151.6	1354.5	3.6533	1.0638	1.2543	489.64	0.30437	43.316	0.075877	vapor
1073.3	1.0000	4.9209	0.20322	1153.4	1356.6	3.6552	1.0642	1.2547	490.00	0.30188	43.363	0.075988	vapor
1075.0	1.0000	4.9132	0.20353	1155.2	1358.7	3.6572	1.0646	1.2550	490.37	0.29940	43.411	0.076100	vapor
1076.7	1.0000	4.9056	0.20385	1157.0	1360.8	3.6591	1.0650	1.2554	490.74	0.29693	43.458	0.076211	vapor
1078.3	1.0000	4.8980	0.20416	1158.7	1362.9	3.6611	1.0654	1.2558	491.10	0.29447	43.506	0.076322	vapor
1080.0	1.0000	4.8904	0.20448	1160.5	1365.0	3.6630	1.0658	1.2562	491.47	0.29202	43.553	0.076433	vapor
1081.7	1.0000	4.8829	0.20480	1162.3	1367.1	3.6649	1.0662	1.2566	491.83	0.28958	43.601	0.076544	vapor
1083.3	1.0000	4.8754	0.20511	1164.1	1369.2	3.6669	1.0666	1.2570	492.20	0.28715	43.648	0.076655	vapor
1085.0	1.0000	4.8679	0.20543	1165.9	1371.3	3.6688	1.0670	1.2574	492.57	0.28473	43.695	0.076766	vapor
1086.7	1.0000	4.8604	0.20575	1167.6	1373.4	3.6707	1.0674	1.2578	492.93	0.28232	43.742	0.076877	vapor
1088.3	1.0000	4.8529	0.20606	1169.4	1375.5	3.6727	1.0677	1.2581	493.29	0.27992	43.790	0.076987	vapor
1090.0	1.0000	4.8455	0.20638	1171.2	1377.6	3.6746	1.0681	1.2585	493.66	0.27754	43.837	0.077098	vapor
1091.7	1.0000	4.8381	0.20669	1173.0	1379.7	3.6765	1.0685	1.2589	494.02	0.27516	43.884	0.077208	vapor
1093.3	1.0000	4.8307	0.20701	1174.8	1381.8	3.6784	1.0689	1.2593	494.39	0.27279	43.931	0.077319	vapor
1095.0	1.0000	4.8233	0.20733	1176.5	1383.9	3.6803	1.0693	1.2597	494.75	0.27043	43.978	0.077429	vapor
1096.7	1.0000	4.8160	0.20764	1178.3	1386.0	3.6823	1.0697	1.2600	495.11	0.26808	44.025	0.077540	vapor
1098.3	1.0000	4.8087	0.20796	1180.1	1388.1	3.6842	1.0701	1.2604	495.48	0.26574	44.072	0.077650	vapor
1100.0	1.0000	4.8014	0.20827	1181.9	1390.2	3.6861	1.0704	1.2608	495.84	0.26341	44.119	0.077760	vapor
1101.7	1.0000	4.7941	0.20859	1183.7	1392.3	3.6880	1.0708	1.2612	496.20	0.26109	44.166	0.077870	vapor
1103.3	1.0000	4.7868	0.20891	1185.5	1394.4	3.6899	1.0712	1.2616	496.56	0.25878	44.213	0.077980	vapor
1105.0	1.0000	4.7796	0.20922	1187.3	1396.5	3.6918	1.0716	1.2619	496.92	0.25648	44.260	0.078090	vapor
1106.7	1.0000	4.7724	0.20954	1189.0	1398.6	3.6937	1.0720	1.2623	497.29	0.25419	44.307	0.078200	vapor
1108.3	1.0000	4.7652	0.20985	1190.8	1400.7	3.6956	1.0723	1.2627	497.65	0.25191	44.354	0.078310	vapor
1110.0	1.0000	4.7580	0.21017	1192.6	1402.8	3.6975	1.0727	1.2630	498.01	0.24964	44.401	0.078420	vapor
1111.7	1.0000	4.7509	0.21049	1194.4	1404.9	3.6994	1.0731	1.2634	498.37	0.24738	44.447	0.078530	vapor
1113.3	1.0000	4.7438	0.21080	1196.2	1407.0	3.7013	1.0735	1.2638	498.73	0.24512	44.494	0.078639	vapor
1115.0	1.0000	4.7367	0.21112	1198.0	1409.1	3.7032	1.0738	1.2641	499.09	0.24288	44.541	0.078749	vapor
1116.7	1.0000	4.7296	0.21143	1199.8	1411.2	3.7051	1.0742	1.2645	499.45	0.24064	44.588	0.078858	vapor
1118.3	1.0000	4.7225	0.21175	1201.6	1413.3	3.7070	1.0746	1.2649	499.81	0.23842	44.634	0.078968	vapor
1120.0	1.0000	4.7155	0.21207	1203.4	1415.4	3.7088	1.0749	1.2652	500.17	0.23620	44.681	0.079077	vapor
1121.7	1.0000	4.7085	0.21238	1205.2	1417.5	3.7107	1.0753	1.2656	500.53	0.23399	44.727	0.079186	vapor
1123.3	1.0000	4.7015	0.21270	1207.0	1419.6	3.7126	1.0757	1.2660	500.89	0.23179	44.774	0.079296	vapor
1125.0	1.0000	4.6945	0.21301	1208.7	1421.8	3.7145	1.0760	1.2663	501.25	0.22960	44.820	0.079405	vapor
1126.7	1.0000	4.6876	0.21333	1210.5	1423.9	3.7164	1.0764	1.2667	501.60	0.22742	44.867	0.079514	vapor
1128.3	1.0000	4.6806	0.21365	1212.3	1426.0	3.7182	1.0768	1.2670	501.96	0.22525	44.913	0.079623	vapor
1130.0	1.0000	4.6737	0.21396	1214.1	1428.1	3.7201	1.0771	1.2674	502.32	0.22308	44.960	0.079732	vapor
1131.7	1.0000	4.6668	0.21428	1215.9	1430.2	3.7220	1.0775	1.2678	502.68	0.22093	45.006	0.079841	vapor
1133.3	1.0000	4.6600	0.21459	1217.7	1432.3	3.7238	1.0778	1.2681	503.04	0.21878	45.052	0.079949	vapor
1135.0	1.0000	4.6531	0.21491	1219.5	1434.4	3.7257	1.0782	1.2685	503.39	0.21664	45.099	0.080058	vapor
1136.7	1.0000	4.6463	0.21523	1221.3	1436.5	3.7276	1.0786	1.2688	503.75	0.21451	45.145	0.080167	vapor
1138.3	1.0000	4.6395	0.21554	1223.1	1438.7	3.7294	1.0789	1.2692	504.11	0.21239	45.191	0.080275	vapor
1140.0	1.0000	4.6327	0.21586	1224.9	1440.8	3.7313	1.0793	1.2695	504.46	0.21028	45.237	0.080384	vapor
1141.7	1.0000	4.6259	0.21617	1226.7	1442.9	3.7331	1.0796	1.2699	504.82	0.20818	45.284	0.080492	vapor
1143.3	1.0000	4.6191	0.21649	1228.5	1445.0	3.7350	1.0800	1.2702	505.17	0.20608	45.330	0.080601	vapor
1145.0	1.0000	4.6124	0.21681	1230.3	1447.1	3.7368	1.0803	1.2706	505.53	0.20399	45.376	0.080709	vapor
1146.7	1.0000	4.6057	0.21712	1232.1	1449.2	3.7387	1.0807	1.2709	505.89	0.20191	45.422	0.080817	vapor
1148.3	1.0000	4.5990	0.21744	1233.9	1451.4	3.7405	1.0810	1.2713	506.24	0.19984	45.468	0.080925	vapor
1150.0	1.0000	4.5923	0.21775	1235.7	1453.5	3.7424	1.0814	1.2716	506.60	0.19778	45.514	0.081033	vapor
1151.7	1.0000	4.5857	0.21807	1237.5	1455.6	3.7442	1.0817	1.2720	506.95	0.19572	45.560	0.081141	vapor
1153.3	1.0000	4.5790	0.21839	1239.3	1457.7	3.7461	1.0821	1.2723	507.30	0.19368	45.606	0.081249	vapor
1155.0	1.0000	4.5724	0.21870	1241.1	1459.8	3.7479	1.0824	1.2726	507.66	0.19164	45.652	0.081357	vapor
1156.7	1.0000	4.5658	0.21902	1242.9	1462.0	3.7497	1.0828	1.2730	508.01	0.18961	45.698	0.081465	vapor
1158.3	1.0000	4.5593	0.21933	1244.8	1464.1	3.7516	1.0831	1.2733	508.37	0.18758	45.744	0.081573	vapor
1160.0	1.0000	4.5527	0.21965	1246.6	1466.2	3.7534	1.0835	1.2737	508.72	0.18557	45.790	0.081680	vapor
1161.7	1.0000	4.5462	0.21997	1248.4	1468.3	3.7552	1.0838	1.2740	509.07	0.18356	45.835	0.081788	vapor
1163.3	1.0000	4.5396	0.22028	1250.2	1470.5	3.7570	1.0842	1.2744	509.43	0.18156	45.881	0.081896	vapor
1165.0	1.0000	4.5331	0.22060	1252.0	1472.6	3.7589	1.0845	1.2747	509.78	0.17957	45.927	0.082003	vapor
1166.7	1.0000	4.5267	0.22091	1253.8	1474.7	3.7607	1.0849	1.2750	510.13	0.17759	45.973	0.082110	vapor
1168.3	1.0000	4.5202	0.22123	1255.6	1476.8	3.7625	1.0852	1.2754	510.48	0.17561	46.018	0.082218	vapor
1170.0	1.0000	4.5138	0.22155	1257.4	1479.0	3.7643	1.0855	1.2757	510.84	0.17364	46.064	0.082325	vapor
1171.7	1.0000	4.5073	0.22186	1259.2	1481.1	3.7662	1.0859	1.2760	511.19	0.17168	46.110	0.082432	vapor
1173.3	1.0000	4.5009	0.22218	1261.0	1483.2	3.7680	1.0862	1.2764	511.54	0.16973	46.155	0.082539	vapor
1175.0	1.0000	4.4945	0.22249	1262.8	1485.3	3.7698	1.0865	1.2767	511.89	0.16778	46.201	0.082646	vapor
1176.7	1.0000	4.4882	0.22281	1264.7	1487.5	3.7716	1.0869	1.2770	512.24	0.16584	46.246	0.082753	vapor
1178.3	1.0000	4.4818	0.22312	1266.5	1489.6	3.7734	1.0872	1.2774	512.59	0.16391	46.292	0.082860	vapor
1180.0	1.0000	4.4755	0.22344	1268.3	1491.7	3.7752	1.0875	1.2777	512.94	0.16199	46.337	0.082967	vapor
1181.7	1.0000	4.4691	0.22376	1270.1	1493.9	3.7770	1.0879	1.2780	513.29	0.16007	46.383	0.083074	vapor
1183.3	1.0000	4.4628	0.22407	1271.9	1496.0	3.7788	1.0882	1.2783	513.64	0.15816	46.428	0.083180	vapor
1185.0	1.0000	4.4566	0.22439	1273.7	1498.1	3.7806	1.0885	1.2787	513.99	0.15626	46.474	0.083287	vapor
1186.7	1.0000	4.4503	0.22470	1275.5	1500.2	3.7824	1.0889	1.2790	514.34	0.15436	46.519	0.083394	vapor
1188.3	1.0000	4.4440	0.22502	1277.4	1502.4	3.7842	1.0892	1.2793	514.69	0.15248	46.564	0.083500	vapor
1190.0	1.0000	4.4378	0.22534	1279.2	1504.5	3.7860	1.0895	1.2796	515.04	0.15060	46.610	0.083607	vapor
1191.7	1.0000	4.4316	0.22565	1281.0	1506.6	3.7878	1.0899	1.2800	515.39	0.14872	46.655	0.083713	vapor
1193.3	1.0000	4.4254	0.22597	1282.8	1508.8	3.7896	1.0902	1.2803	515.74	0.14686	46.700	0.083819	vapor
1195.0	1.0000	4.4192	0.22628	1284.6	1510.9	3.7914	1.0905	1.2806	516.09	0.14500	46.745	0.083926	vapor
1196.7	1.0000	4.4131	0.22660	1286.4	1513.0	3.7931	1.0908	1.2809	516.43	0.14314	46.791	0.084032	vapor
1198.3	1.0000	4.4069	0.22692	1288.3	1515.2	3.7949	1.0912	1.2813	516.78	0.14130	46.836	0.084138	vapor
1200.0	1.0000	4.4008	0.22723	1290.1	1517.3	3.7967	1.0915	1.2816	517.13	0.13946	46.881	0.084244	vapor
1201.7	1.0000	4.3947	0.22755	1291.9	1519.5	3.7985	1.0918	1.2819	517.48	0.13763	46.926	0.084350	vapor
1203.3	1.0000	4.3886	0.22786	1293.7	1521.6	3.8003	1.0921	1.2822	517.82	0.13580	46.971	0.084456	vapor
1205.0	1.0000	4.3825	0.22818	1295.5	1523.7	3.8020	1.0924	1.2825	518.17	0.13398	47.016	0.084561	vapor
1206.7	1.0000	4.3765	0.22849	1297.4	1525.9	3.8038	1.0928	1.2828	518.52	0.13217	47.061	0.084667	vapor
1208.3	1.0000	4.3704	0.22881	1299.2	1528.0	3.8056	1.0931	1.2832	518.86	0.13037	47.106	0.084773	vapor
1210.0	1.0000	4.3644	0.22913	1301.0	1530.1	3.8074	1.0934	1.2835	519.21	0.12857	47.151	0.084879	vapor
1211.7	1.0000	4.3584	0.22944	1302.8	1532.3	3.8091	1.0937	1.2838	519.56	0.12678	47.196	0.084984	vapor
1213.3	1.0000	4.3524	0.22976	1304.7	1534.4	3.8109	1.0940	1.2841	519.90	0.12499	47.241	0.085090	vapor
1215.0	1.0000	4.3464	0.23007	1306.5	1536.6	3.8126	1.0943	1.2844	520.25	0.12322	47.286	0.085195	vapor
1216.7	1.0000	4.3405	0.23039	1308.3	1538.7	3.8144	1.0947	1.2847	520.59	0.12144	47.331	0.085300	vapor
1218.3	1.0000	4.3345	0.23071	1310.1	1540.8	3.8162	1.0950	1.2850	520.94	0.11968	47.376	0.085406	vapor
1220.0	1.0000	4.3286	0.23102	1312.0	1543.0	3.8179	1.0953	1.2853	521.28	0.11792	47.420	0.085511	vapor
1221.7	1.0000	4.3227	0.23134	1313.8	1545.1	3.8197	1.0956	1.2856	521.63	0.11617	47.465	0.085616	vapor
1223.3	1.0000	4.3168	0.23165	1315.6	1547.3	3.8214	1.0959	1.2859	521.97	0.11442	47.510	0.085721	vapor
1225.0	1.0000	4.3109	0.23197	1317.4	1549.4	3.8232	1.0962	1.2863	522.32	0.11268	47.555	0.085826	vapor
1226.7	1.0000	4.3051	0.23228	1319.3	1551.6	3.8249	1.0965	1.2866	522.66	0.11095	47.599	0.085931	vapor
1228.3	1.0000	4.2992	0.23260	1321.1	1553.7	3.8267	1.0968	1.2869	523.00	0.10922	47.644	0.086036	vapor
1230.0	1.0000	4.2934	0.23292	1322.9	1555.8	3.8284	1.0971	1.2872	523.35	0.10750	47.689	0.086141	vapor
1231.7	1.0000	4.2876	0.23323	1324.8	1558.0	3.8302	1.0974	1.2875	523.69	0.10579	47.733	0.086246	vapor
1233.3	1.0000	4.2818	0.23355	1326.6	1560.1	3.8319	1.0978	1.2878	524.03	0.10408	47.778	0.086350	vapor
1235.0	1.0000	4.2760	0.23386	1328.4	1562.3	3.8336	1.0981	1.2881	524.38	0.10238	47.822	0.086455	vapor
1236.7	1.0000	4.2702	0.23418	1330.3	1564.4	3.8354	1.0984	1.2884	524.72	0.10068	47.867	0.086560	vapor
1238.3	1.0000	4.2645	0.23449	1332.1	1566.6	3.8371	1.0987	1.2887	525.06	0.098992	47.911	0.086664	vapor
1240.0	1.0000	4.2588	0.23481	1333.9	1568.7	3.8389	1.0990	1.2890	525.41	0.097309	47.956	0.086768	vapor
1241.7	1.0000	4.2530	0.23513	1335.8	1570.9	3.8406	1.0993	1.2893	525.75	0.095631	48.000	0.086873	vapor
1243.3	1.0000	4.2473	0.23544	1337.6	1573.0	3.8423	1.0996	1.2896	526.09	0.093959	48.045	0.086977	vapor
1245.0	1.0000	4.2416	0.23576	1339.4	1575.2	3.8440	1.0999	1.2899	526.43	0.092294	48.089	0.087081	vapor
1246.7	1.0000	4.2360	0.23607	1341.3	1577.3	3.8458	1.1002	1.2902	526.77	0.090634	48.133	0.087186	vapor
1248.3	1.0000	4.2303	0.23639	1343.1	1579.5	3.8475	1.1005	1.2905	527.11	0.088980	48.178	0.087290	vapor
1250.0	1.0000	4.2247	0.23671	1344.9	1581.6	3.8492	1.1008	1.2907	527.45	0.087332	48.222	0.087394	vapor
1251.7	1.0000	4.2190	0.23702	1346.8	1583.8	3.8509	1.1011	1.2910	527.79	0.085690	48.266	0.087498	vapor
1253.3	1.0000	4.2134	0.23734	1348.6	1585.9	3.8527	1.1014	1.2913	528.13	0.084054	48.310	0.087602	vapor
1255.0	1.0000	4.2078	0.23765	1350.4	1588.1	3.8544	1.1016	1.2916	528.48	0.082424	48.355	0.087705	vapor
1256.7	1.0000	4.2022	0.23797	1352.3	1590.2	3.8561	1.1019	1.2919	528.82	0.080799	48.399	0.087809	vapor
1258.3	1.0000	4.1967	0.23828	1354.1	1592.4	3.8578	1.1022	1.2922	529.16	0.079180	48.443	0.087913	vapor
1260.0	1.0000	4.1911	0.23860	1355.9	1594.5	3.8595	1.1025	1.2925	529.49	0.077567	48.487	0.088017	vapor
1261.7	1.0000	4.1856	0.23892	1357.8	1596.7	3.8612	1.1028	1.2928	529.83	0.075960	48.531	0.088120	vapor
1263.3	1.0000	4.1801	0.23923	1359.6	1598.9	3.8629	1.1031	1.2931	530.17	0.074358	48.575	0.088224	vapor
1265.0	1.0000	4.1746	0.23955	1361.5	1601.0	3.8646	1.1034	1.2934	530.51	0.072761	48.619	0.088327	vapor
1266.7	1.0000	4.1691	0.23986	1363.3	1603.2	3.8663	1.1037	1.2936	530.85	0.071171	48.663	0.088431	vapor
1268.3	1.0000	4.1636	0.24018	1365.1	1605.3	3.8680	1.1040	1.2939	531.19	0.069586	48.707	0.088534	vapor
1270.0	1.0000	4.1581	0.24049	1367.0	1607.5	3.8697	1.1043	1.2942	531.53	0.068006	48.751	0.088637	vapor
1271.7	1.0000	4.1527	0.24081	1368.8	1609.6	3.8714	1.1046	1.2945	531.87	0.066432	48.795	0.088740	vapor
1273.3	1.0000	4.1472	0.24113	1370.7	1611.8	3.8731	1.1048	1.2948	532.20	0.064863	48.839	0.088844	vapor
1275.0	1.0000	4.1418	0.24144	1372.5	1614.0	3.8748	1.1051	1.2951	532.54	0.063300	48.883	0.088947	vapor
1276.7	1.0000	4.1364	0.24176	1374.4	1616.1	3.8765	1.1054	1.2953	532.88	0.061743	48.927	0.089050	vapor
1278.3	1.0000	4.1310	0.24207	1376.2	1618.3	3.8782	1.1057	1.2956	533.22	0.060190	48.971	0.089153	vapor
1280.0	1.0000	4.1256	0.24239	1378.0	1620.4	3.8799	1.1060	1.2959	533.55	0.058643	49.015	0.089255	vapor
1281.7	1.0000	4.1202	0.24270	1379.9	1622.6	3.8816	1.1063	1.2962	533.89	0.057102	49.059	0.089358	vapor
1283.3	1.0000	4.1149	0.24302	1381.7	1624.8	3.8833	1.1065	1.2965	534.23	0.055566	49.102	0.089461	vapor
1285.0	1.0000	4.1096	0.24334	1383.6	1626.9	3.8849	1.1068	1.2967	534.56	0.054035	49.146	0.089564	vapor
1286.7	1.0000	4.1042	0.24365	1385.4	1629.1	3.8866	1.1071	1.2970	534.90	0.052509	49.190	0.089666	vapor
1288.3	1.0000	4.0989	0.24397	1387.3	1631.2	3.8883	1.1074	1.2973	535.24	0.050988	49.233	0.089769	vapor
1290.0	1.0000	4.0936	0.24428	1389.1	1633.4	3.8900	1.1077	1.2976	535.57	0.049473	49.277	0.089871	vapor
1291.7	1.0000	4.0883	0.24460	1391.0	1635.6	3.8917	1.1079	1.2979	535.91	0.047963	49.321	0.089974	vapor
1293.3	1.0000	4.0831	0.24491	1392.8	1637.7	3.8933	1.1082	1.2981	536.24	0.046458	49.364	0.090076	vapor
1295.0	1.0000	4.0778	0.24523	1394.7	1639.9	3.8950	1.1085	1.2984	536.58	0.044958	49.408	0.090179	vapor
1296.7	1.0000	4.0726	0.24555	1396.5	1642.1	3.8967	1.1088	1.2987	536.91	0.043464	49.452	0.090281	vapor
1298.3	1.0000	4.0673	0.24586	1398.4	1644.2	3.8983	1.1091	1.2989	537.25	0.041974	49.495	0.090383	vapor
1300.0	1.0000	4.0621	0.24618	1400.2	1646.4	3.9000	1.1093	1.2992	537.58	0.040489	49.539	0.090485	vapor