Temperature (K)	Pressure (MPa)	Density (kg/m3)	Volume (m3/kg)	Internal Energy (kJ/kg)	Enthalpy (kJ/kg)	Entropy (J/g*K)	Cv (J/g*K)	Cp (J/g*K)	Sound Spd. (m/s)	Joule-Thomson (K/MPa)	Viscosity (uPa*s)	Therm. Cond. (W/m*K)	Phase
300.00	2.0000	39.420	0.025368	437.62	488.36	2.1332	0.71116	1.0206	254.15	10.840	15.282	0.018153	vapor
301.67	2.0000	39.109	0.025570	438.92	490.06	2.1388	0.71137	1.0177	255.13	10.683	15.363	0.018266	vapor
303.33	2.0000	38.804	0.025770	440.21	491.75	2.1444	0.71164	1.0150	256.10	10.529	15.444	0.018380	vapor
305.00	2.0000	38.506	0.025970	441.50	493.44	2.1500	0.71195	1.0125	257.06	10.379	15.525	0.018495	vapor
306.67	2.0000	38.213	0.026169	442.79	495.13	2.1555	0.71231	1.0102	258.01	10.232	15.606	0.018610	vapor
308.33	2.0000	37.926	0.026367	444.08	496.81	2.1610	0.71272	1.0080	258.95	10.088	15.686	0.018726	vapor
310.00	2.0000	37.645	0.026564	445.36	498.49	2.1664	0.71317	1.0059	259.89	9.9473	15.767	0.018842	vapor
311.67	2.0000	37.369	0.026760	446.64	500.16	2.1718	0.71366	1.0040	260.81	9.8095	15.847	0.018959	vapor
313.33	2.0000	37.098	0.026956	447.92	501.83	2.1771	0.71419	1.0022	261.73	9.6746	15.928	0.019077	vapor
315.00	2.0000	36.832	0.027150	449.20	503.50	2.1825	0.71475	1.0005	262.63	9.5426	16.008	0.019195	vapor
316.67	2.0000	36.571	0.027344	450.48	505.17	2.1877	0.71535	0.99899	263.53	9.4133	16.088	0.019314	vapor
318.33	2.0000	36.315	0.027537	451.76	506.83	2.1930	0.71598	0.99755	264.43	9.2866	16.168	0.019433	vapor
320.00	2.0000	36.063	0.027729	453.04	508.50	2.1982	0.71664	0.99621	265.31	9.1625	16.247	0.019552	vapor
321.67	2.0000	35.815	0.027921	454.31	510.15	2.2033	0.71733	0.99497	266.19	9.0409	16.327	0.019672	vapor
323.33	2.0000	35.572	0.028112	455.59	511.81	2.2085	0.71805	0.99382	267.06	8.9218	16.407	0.019793	vapor
325.00	2.0000	35.333	0.028302	456.86	513.47	2.2136	0.71879	0.99276	267.93	8.8050	16.486	0.019914	vapor
326.67	2.0000	35.098	0.028492	458.14	515.12	2.2187	0.71956	0.99179	268.79	8.6905	16.565	0.020035	vapor
328.33	2.0000	34.866	0.028681	459.41	516.77	2.2237	0.72035	0.99090	269.64	8.5783	16.644	0.020157	vapor
330.00	2.0000	34.639	0.028869	460.69	518.42	2.2287	0.72117	0.99008	270.49	8.4682	16.723	0.020279	vapor
331.67	2.0000	34.415	0.029057	461.96	520.07	2.2337	0.72200	0.98934	271.33	8.3603	16.802	0.020401	vapor
333.33	2.0000	34.194	0.029245	463.23	521.72	2.2387	0.72286	0.98866	272.16	8.2544	16.881	0.020524	vapor
335.00	2.0000	33.977	0.029431	464.51	523.37	2.2436	0.72373	0.98805	272.99	8.1505	16.960	0.020647	vapor
336.67	2.0000	33.764	0.029618	465.78	525.02	2.2485	0.72462	0.98751	273.82	8.0486	17.038	0.020771	vapor
338.33	2.0000	33.553	0.029803	467.05	526.66	2.2534	0.72553	0.98702	274.63	7.9486	17.117	0.020895	vapor
340.00	2.0000	33.346	0.029988	468.33	528.31	2.2582	0.72645	0.98659	275.45	7.8504	17.195	0.021019	vapor
341.67	2.0000	33.142	0.030173	469.60	529.95	2.2630	0.72738	0.98621	276.25	7.7541	17.273	0.021143	vapor
343.33	2.0000	32.941	0.030357	470.88	531.59	2.2678	0.72833	0.98589	277.06	7.6595	17.351	0.021268	vapor
345.00	2.0000	32.743	0.030541	472.15	533.24	2.2726	0.72929	0.98561	277.85	7.5667	17.429	0.021393	vapor
346.67	2.0000	32.547	0.030725	473.43	534.88	2.2774	0.73027	0.98538	278.65	7.4755	17.507	0.021518	vapor
348.33	2.0000	32.355	0.030907	474.71	536.52	2.2821	0.73125	0.98520	279.44	7.3860	17.584	0.021644	vapor
350.00	2.0000	32.165	0.031090	475.98	538.16	2.2868	0.73225	0.98506	280.22	7.2981	17.662	0.021770	vapor
351.67	2.0000	31.977	0.031272	477.26	539.80	2.2915	0.73325	0.98496	281.00	7.2118	17.739	0.021896	vapor
353.33	2.0000	31.793	0.031454	478.54	541.45	2.2961	0.73427	0.98490	281.77	7.1269	17.817	0.022022	vapor
355.00	2.0000	31.611	0.031635	479.82	543.09	2.3008	0.73529	0.98488	282.54	7.0436	17.894	0.022148	vapor
356.67	2.0000	31.431	0.031816	481.10	544.73	2.3054	0.73632	0.98490	283.31	6.9617	17.971	0.022275	vapor
358.33	2.0000	31.253	0.031996	482.38	546.37	2.3100	0.73736	0.98495	284.07	6.8813	18.048	0.022402	vapor
360.00	2.0000	31.079	0.032177	483.66	548.01	2.3145	0.73841	0.98503	284.83	6.8022	18.125	0.022530	vapor
361.67	2.0000	30.906	0.032356	484.94	549.65	2.3191	0.73947	0.98514	285.58	6.7245	18.201	0.022657	vapor
363.33	2.0000	30.735	0.032536	486.22	551.30	2.3236	0.74053	0.98529	286.34	6.6481	18.278	0.022785	vapor
365.00	2.0000	30.567	0.032715	487.51	552.94	2.3281	0.74160	0.98547	287.08	6.5730	18.354	0.022913	vapor
366.67	2.0000	30.401	0.032894	488.79	554.58	2.3326	0.74267	0.98567	287.82	6.4992	18.431	0.023041	vapor
368.33	2.0000	30.237	0.033072	490.08	556.22	2.3371	0.74375	0.98590	288.56	6.4266	18.507	0.023169	vapor
370.00	2.0000	30.075	0.033250	491.37	557.87	2.3415	0.74484	0.98616	289.30	6.3552	18.583	0.023297	vapor
371.67	2.0000	29.915	0.033428	492.65	559.51	2.3460	0.74593	0.98644	290.03	6.2849	18.659	0.023426	vapor
373.33	2.0000	29.757	0.033606	493.94	561.15	2.3504	0.74702	0.98674	290.76	6.2159	18.735	0.023555	vapor
375.00	2.0000	29.601	0.033783	495.23	562.80	2.3548	0.74812	0.98707	291.49	6.1479	18.811	0.023684	vapor
376.67	2.0000	29.446	0.033960	496.52	564.45	2.3592	0.74922	0.98742	292.21	6.0811	18.887	0.023813	vapor
378.33	2.0000	29.294	0.034137	497.82	566.09	2.3635	0.75033	0.98780	292.93	6.0153	18.962	0.023942	vapor
380.00	2.0000	29.143	0.034313	499.11	567.74	2.3679	0.75144	0.98819	293.64	5.9506	19.038	0.024072	vapor
381.67	2.0000	28.994	0.034489	500.41	569.39	2.3722	0.75255	0.98860	294.35	5.8869	19.113	0.024201	vapor
383.33	2.0000	28.847	0.034665	501.70	571.03	2.3765	0.75367	0.98903	295.06	5.8243	19.188	0.024331	vapor
385.00	2.0000	28.702	0.034841	503.00	572.68	2.3808	0.75478	0.98948	295.77	5.7626	19.263	0.024461	vapor
386.67	2.0000	28.558	0.035016	504.30	574.33	2.3851	0.75591	0.98995	296.47	5.7019	19.338	0.024591	vapor
388.33	2.0000	28.416	0.035191	505.60	575.98	2.3893	0.75703	0.99043	297.17	5.6421	19.413	0.024721	vapor
390.00	2.0000	28.276	0.035366	506.90	577.63	2.3936	0.75815	0.99093	297.87	5.5832	19.488	0.024852	vapor
391.67	2.0000	28.137	0.035541	508.20	579.28	2.3978	0.75928	0.99145	298.56	5.5253	19.563	0.024982	vapor
393.33	2.0000	27.999	0.035715	509.51	580.94	2.4020	0.76041	0.99198	299.25	5.4683	19.637	0.025113	vapor
395.00	2.0000	27.863	0.035890	510.81	582.59	2.4062	0.76154	0.99252	299.94	5.4121	19.712	0.025244	vapor
396.67	2.0000	27.729	0.036064	512.12	584.25	2.4104	0.76267	0.99308	300.63	5.3567	19.786	0.025374	vapor
398.33	2.0000	27.596	0.036237	513.43	585.90	2.4146	0.76380	0.99365	301.31	5.3022	19.860	0.025505	vapor
400.00	2.0000	27.464	0.036411	514.74	587.56	2.4187	0.76494	0.99423	301.99	5.2485	19.935	0.025637	vapor
401.67	2.0000	27.334	0.036584	516.05	589.22	2.4228	0.76607	0.99483	302.67	5.1957	20.009	0.025768	vapor
403.33	2.0000	27.205	0.036757	517.36	590.87	2.4270	0.76720	0.99544	303.35	5.1436	20.083	0.025899	vapor
405.00	2.0000	27.078	0.036930	518.67	592.53	2.4311	0.76834	0.99606	304.02	5.0922	20.156	0.026030	vapor
406.67	2.0000	26.952	0.037103	519.99	594.19	2.4352	0.76948	0.99669	304.69	5.0416	20.230	0.026162	vapor
408.33	2.0000	26.827	0.037276	521.30	595.86	2.4392	0.77061	0.99733	305.36	4.9918	20.304	0.026294	vapor
410.00	2.0000	26.704	0.037448	522.62	597.52	2.4433	0.77175	0.99798	306.02	4.9427	20.377	0.026425	vapor
411.67	2.0000	26.581	0.037620	523.94	599.18	2.4473	0.77288	0.99864	306.68	4.8942	20.450	0.026557	vapor
413.33	2.0000	26.460	0.037792	525.26	600.85	2.4514	0.77402	0.99931	307.34	4.8465	20.524	0.026689	vapor
415.00	2.0000	26.341	0.037964	526.59	602.51	2.4554	0.77516	0.99999	308.00	4.7995	20.597	0.026821	vapor
416.67	2.0000	26.222	0.038136	527.91	604.18	2.4594	0.77629	1.0007	308.66	4.7531	20.670	0.026953	vapor
418.33	2.0000	26.105	0.038307	529.24	605.85	2.4634	0.77743	1.0014	309.31	4.7074	20.743	0.027085	vapor
420.00	2.0000	25.989	0.038479	530.56	607.52	2.4674	0.77856	1.0021	309.96	4.6623	20.816	0.027217	vapor
421.67	2.0000	25.873	0.038650	531.89	609.19	2.4714	0.77970	1.0028	310.61	4.6178	20.888	0.027350	vapor
423.33	2.0000	25.759	0.038821	533.22	610.86	2.4753	0.78083	1.0035	311.26	4.5740	20.961	0.027482	vapor
425.00	2.0000	25.647	0.038992	534.55	612.53	2.4793	0.78196	1.0042	311.90	4.5308	21.034	0.027615	vapor
426.67	2.0000	25.535	0.039162	535.88	614.21	2.4832	0.78309	1.0050	312.55	4.4881	21.106	0.027747	vapor
428.33	2.0000	25.424	0.039333	537.22	615.88	2.4871	0.78422	1.0057	313.19	4.4461	21.178	0.027880	vapor
430.00	2.0000	25.314	0.039503	538.56	617.56	2.4910	0.78535	1.0064	313.83	4.4046	21.250	0.028012	vapor
431.67	2.0000	25.206	0.039673	539.89	619.24	2.4949	0.78648	1.0072	314.46	4.3637	21.323	0.028145	vapor
433.33	2.0000	25.098	0.039843	541.23	620.92	2.4988	0.78761	1.0079	315.10	4.3233	21.395	0.028278	vapor
435.00	2.0000	24.992	0.040013	542.57	622.60	2.5027	0.78874	1.0087	315.73	4.2835	21.466	0.028411	vapor
436.67	2.0000	24.886	0.040183	543.91	624.28	2.5065	0.78986	1.0095	316.36	4.2442	21.538	0.028543	vapor
438.33	2.0000	24.781	0.040353	545.26	625.96	2.5104	0.79099	1.0102	316.99	4.2054	21.610	0.028676	vapor
440.00	2.0000	24.678	0.040522	546.60	627.65	2.5142	0.79211	1.0110	317.61	4.1671	21.681	0.028809	vapor
441.67	2.0000	24.575	0.040692	547.95	629.33	2.5180	0.79323	1.0118	318.24	4.1293	21.753	0.028942	vapor
443.33	2.0000	24.473	0.040861	549.30	631.02	2.5219	0.79435	1.0126	318.86	4.0921	21.824	0.029075	vapor
445.00	2.0000	24.372	0.041030	550.65	632.71	2.5257	0.79547	1.0134	319.48	4.0553	21.896	0.029208	vapor
446.67	2.0000	24.272	0.041199	552.00	634.40	2.5294	0.79658	1.0142	320.10	4.0190	21.967	0.029342	vapor
448.33	2.0000	24.173	0.041368	553.35	636.09	2.5332	0.79770	1.0150	320.72	3.9831	22.038	0.029475	vapor
450.00	2.0000	24.075	0.041537	554.71	637.78	2.5370	0.79881	1.0158	321.33	3.9477	22.109	0.029608	vapor
451.67	2.0000	23.978	0.041705	556.07	639.48	2.5407	0.79992	1.0166	321.95	3.9128	22.180	0.029741	vapor
453.33	2.0000	23.881	0.041874	557.42	641.17	2.5445	0.80103	1.0174	322.56	3.8783	22.250	0.029874	vapor
455.00	2.0000	23.786	0.042042	558.78	642.87	2.5482	0.80214	1.0182	323.17	3.8442	22.321	0.030007	vapor
456.67	2.0000	23.691	0.042210	560.14	644.57	2.5520	0.80324	1.0190	323.78	3.8106	22.391	0.030140	vapor
458.33	2.0000	23.597	0.042379	561.51	646.26	2.5557	0.80435	1.0198	324.38	3.7774	22.462	0.030274	vapor
460.00	2.0000	23.504	0.042547	562.87	647.96	2.5594	0.80545	1.0207	324.99	3.7446	22.532	0.030407	vapor
461.67	2.0000	23.411	0.042715	564.24	649.67	2.5631	0.80655	1.0215	325.59	3.7122	22.603	0.030541	vapor
463.33	2.0000	23.320	0.042882	565.60	651.37	2.5667	0.80765	1.0223	326.19	3.6802	22.673	0.030675	vapor
465.00	2.0000	23.229	0.043050	566.97	653.07	2.5704	0.80874	1.0231	326.79	3.6486	22.743	0.030808	vapor
466.67	2.0000	23.139	0.043218	568.34	654.78	2.5741	0.80984	1.0240	327.39	3.6173	22.813	0.030942	vapor
468.33	2.0000	23.049	0.043385	569.72	656.49	2.5777	0.81093	1.0248	327.99	3.5865	22.882	0.031076	vapor
470.00	2.0000	22.961	0.043553	571.09	658.20	2.5814	0.81202	1.0256	328.58	3.5560	22.952	0.031210	vapor
471.67	2.0000	22.873	0.043720	572.47	659.91	2.5850	0.81311	1.0265	329.17	3.5259	23.022	0.031344	vapor
473.33	2.0000	22.786	0.043887	573.84	661.62	2.5886	0.81419	1.0273	329.77	3.4962	23.091	0.031477	vapor
475.00	2.0000	22.699	0.044054	575.22	663.33	2.5922	0.81528	1.0281	330.36	3.4668	23.161	0.031611	vapor
476.67	2.0000	22.613	0.044222	576.60	665.04	2.5958	0.81636	1.0290	330.94	3.4377	23.230	0.031745	vapor
478.33	2.0000	22.528	0.044388	577.98	666.76	2.5994	0.81744	1.0298	331.53	3.4090	23.299	0.031879	vapor
480.00	2.0000	22.444	0.044555	579.37	668.48	2.6030	0.81852	1.0307	332.12	3.3807	23.369	0.032013	vapor
481.67	2.0000	22.360	0.044722	580.75	670.20	2.6066	0.81959	1.0315	332.70	3.3526	23.438	0.032147	vapor
483.33	2.0000	22.277	0.044889	582.14	671.92	2.6102	0.82066	1.0324	333.28	3.3249	23.506	0.032281	vapor
485.00	2.0000	22.195	0.045055	583.53	673.64	2.6137	0.82173	1.0332	333.87	3.2976	23.575	0.032414	vapor
486.67	2.0000	22.113	0.045222	584.92	675.36	2.6173	0.82280	1.0341	334.45	3.2705	23.644	0.032548	vapor
488.33	2.0000	22.032	0.045388	586.31	677.08	2.6208	0.82387	1.0349	335.02	3.2437	23.713	0.032682	vapor
490.00	2.0000	21.952	0.045555	587.70	678.81	2.6243	0.82493	1.0358	335.60	3.2173	23.781	0.032816	vapor
491.67	2.0000	21.872	0.045721	589.09	680.54	2.6278	0.82599	1.0366	336.18	3.1911	23.850	0.032950	vapor
493.33	2.0000	21.793	0.045887	590.49	682.26	2.6313	0.82705	1.0375	336.75	3.1653	23.918	0.033084	vapor
495.00	2.0000	21.714	0.046053	591.89	683.99	2.6348	0.82810	1.0383	337.32	3.1397	23.986	0.033218	vapor
496.67	2.0000	21.636	0.046219	593.29	685.73	2.6383	0.82916	1.0392	337.89	3.1144	24.055	0.033352	vapor
498.33	2.0000	21.559	0.046385	594.69	687.46	2.6418	0.83021	1.0400	338.46	3.0894	24.123	0.033486	vapor
500.00	2.0000	21.482	0.046551	596.09	689.19	2.6453	0.83126	1.0409	339.03	3.0647	24.191	0.033619	vapor
501.67	2.0000	21.406	0.046717	597.49	690.93	2.6488	0.83230	1.0417	339.60	3.0403	24.258	0.033753	vapor
503.33	2.0000	21.330	0.046882	598.90	692.66	2.6522	0.83335	1.0426	340.17	3.0161	24.326	0.033887	vapor
505.00	2.0000	21.255	0.047048	600.31	694.40	2.6557	0.83439	1.0434	340.73	2.9922	24.394	0.034021	vapor
506.67	2.0000	21.180	0.047213	601.72	696.14	2.6591	0.83543	1.0443	341.29	2.9685	24.462	0.034155	vapor
508.33	2.0000	21.106	0.047379	603.13	697.88	2.6625	0.83647	1.0451	341.86	2.9452	24.529	0.034289	vapor
510.00	2.0000	21.033	0.047544	604.54	699.63	2.6660	0.83750	1.0460	342.42	2.9220	24.596	0.034423	vapor
511.67	2.0000	20.960	0.047710	605.95	701.37	2.6694	0.83853	1.0469	342.98	2.8991	24.664	0.034556	vapor
513.33	2.0000	20.888	0.047875	607.37	703.12	2.6728	0.83956	1.0477	343.54	2.8765	24.731	0.034690	vapor
515.00	2.0000	20.816	0.048040	608.78	704.86	2.6762	0.84059	1.0486	344.09	2.8541	24.798	0.034824	vapor
516.67	2.0000	20.745	0.048205	610.20	706.61	2.6796	0.84161	1.0494	344.65	2.8319	24.865	0.034958	vapor
518.33	2.0000	20.674	0.048370	611.62	708.36	2.6829	0.84263	1.0503	345.20	2.8100	24.932	0.035092	vapor
520.00	2.0000	20.604	0.048535	613.04	710.11	2.6863	0.84365	1.0511	345.76	2.7883	24.999	0.035225	vapor
521.67	2.0000	20.534	0.048700	614.46	711.87	2.6897	0.84467	1.0520	346.31	2.7668	25.066	0.035359	vapor
523.33	2.0000	20.465	0.048865	615.89	713.62	2.6930	0.84569	1.0528	346.86	2.7456	25.132	0.035493	vapor
525.00	2.0000	20.396	0.049030	617.32	715.37	2.6964	0.84670	1.0537	347.41	2.7246	25.199	0.035626	vapor
526.67	2.0000	20.327	0.049195	618.74	717.13	2.6997	0.84771	1.0545	347.96	2.7038	25.265	0.035760	vapor
528.33	2.0000	20.260	0.049359	620.17	718.89	2.7031	0.84871	1.0554	348.50	2.6832	25.332	0.035894	vapor
530.00	2.0000	20.192	0.049524	621.60	720.65	2.7064	0.84972	1.0563	349.05	2.6628	25.398	0.036027	vapor
531.67	2.0000	20.125	0.049688	623.03	722.41	2.7097	0.85072	1.0571	349.60	2.6427	25.464	0.036161	vapor
533.33	2.0000	20.059	0.049853	624.47	724.17	2.7130	0.85172	1.0580	350.14	2.6227	25.530	0.036295	vapor
535.00	2.0000	19.993	0.050017	625.90	725.94	2.7163	0.85272	1.0588	350.68	2.6029	25.596	0.036428	vapor
536.67	2.0000	19.928	0.050182	627.34	727.70	2.7196	0.85371	1.0597	351.23	2.5834	25.662	0.036562	vapor
538.33	2.0000	19.863	0.050346	628.78	729.47	2.7229	0.85470	1.0605	351.77	2.5640	25.728	0.036695	vapor
540.00	2.0000	19.798	0.050510	630.22	731.24	2.7262	0.85569	1.0614	352.31	2.5449	25.794	0.036829	vapor
541.67	2.0000	19.734	0.050674	631.66	733.01	2.7295	0.85668	1.0622	352.84	2.5259	25.860	0.036962	vapor
543.33	2.0000	19.670	0.050839	633.10	734.78	2.7327	0.85766	1.0630	353.38	2.5071	25.925	0.037095	vapor
545.00	2.0000	19.607	0.051003	634.55	736.55	2.7360	0.85864	1.0639	353.92	2.4885	25.991	0.037229	vapor
546.67	2.0000	19.544	0.051167	635.99	738.32	2.7392	0.85962	1.0647	354.45	2.4701	26.056	0.037362	vapor
548.33	2.0000	19.482	0.051331	637.44	740.10	2.7425	0.86060	1.0656	354.99	2.4519	26.121	0.037495	vapor
550.00	2.0000	19.420	0.051495	638.89	741.88	2.7457	0.86157	1.0664	355.52	2.4338	26.187	0.037629	vapor
551.67	2.0000	19.358	0.051659	640.34	743.65	2.7489	0.86255	1.0673	356.05	2.4160	26.252	0.037762	vapor
553.33	2.0000	19.297	0.051822	641.79	745.43	2.7522	0.86352	1.0681	356.58	2.3983	26.317	0.037895	vapor
555.00	2.0000	19.236	0.051986	643.24	747.21	2.7554	0.86448	1.0690	357.11	2.3807	26.382	0.038028	vapor
556.67	2.0000	19.176	0.052150	644.70	749.00	2.7586	0.86545	1.0698	357.64	2.3634	26.447	0.038162	vapor
558.33	2.0000	19.116	0.052314	646.15	750.78	2.7618	0.86641	1.0706	358.17	2.3462	26.511	0.038295	vapor
560.00	2.0000	19.056	0.052477	647.61	752.57	2.7650	0.86737	1.0715	358.70	2.3292	26.576	0.038428	vapor
561.67	2.0000	18.997	0.052641	649.07	754.35	2.7681	0.86832	1.0723	359.22	2.3123	26.641	0.038561	vapor
563.33	2.0000	18.938	0.052804	650.53	756.14	2.7713	0.86928	1.0731	359.75	2.2956	26.705	0.038694	vapor
565.00	2.0000	18.879	0.052968	651.99	757.93	2.7745	0.87023	1.0740	360.27	2.2790	26.770	0.038827	vapor
566.67	2.0000	18.821	0.053131	653.46	759.72	2.7777	0.87118	1.0748	360.79	2.2626	26.834	0.038960	vapor
568.33	2.0000	18.764	0.053295	654.92	761.51	2.7808	0.87212	1.0756	361.32	2.2464	26.898	0.039092	vapor
570.00	2.0000	18.706	0.053458	656.39	763.31	2.7840	0.87307	1.0765	361.84	2.2303	26.962	0.039225	vapor
571.67	2.0000	18.649	0.053621	657.86	765.10	2.7871	0.87401	1.0773	362.36	2.2144	27.027	0.039358	vapor
573.33	2.0000	18.593	0.053785	659.33	766.90	2.7903	0.87495	1.0781	362.88	2.1986	27.091	0.039491	vapor
575.00	2.0000	18.536	0.053948	660.80	768.69	2.7934	0.87589	1.0790	363.39	2.1830	27.154	0.039624	vapor
576.67	2.0000	18.481	0.054111	662.27	770.49	2.7965	0.87682	1.0798	363.91	2.1675	27.218	0.039756	vapor
578.33	2.0000	18.425	0.054274	663.75	772.29	2.7996	0.87775	1.0806	364.43	2.1521	27.282	0.039889	vapor
580.00	2.0000	18.370	0.054437	665.22	774.10	2.8027	0.87868	1.0814	364.94	2.1369	27.346	0.040021	vapor
581.67	2.0000	18.315	0.054600	666.70	775.90	2.8058	0.87961	1.0823	365.46	2.1218	27.409	0.040154	vapor
583.33	2.0000	18.260	0.054763	668.18	777.70	2.8089	0.88053	1.0831	365.97	2.1069	27.473	0.040286	vapor
585.00	2.0000	18.206	0.054926	669.66	779.51	2.8120	0.88145	1.0839	366.48	2.0921	27.536	0.040419	vapor
586.67	2.0000	18.152	0.055089	671.14	781.32	2.8151	0.88237	1.0847	366.99	2.0774	27.600	0.040551	vapor
588.33	2.0000	18.099	0.055252	672.62	783.12	2.8182	0.88329	1.0855	367.50	2.0629	27.663	0.040684	vapor
590.00	2.0000	18.046	0.055415	674.10	784.93	2.8213	0.88420	1.0863	368.01	2.0485	27.726	0.040816	vapor
591.67	2.0000	17.993	0.055578	675.59	786.75	2.8243	0.88511	1.0872	368.52	2.0342	27.789	0.040948	vapor
593.33	2.0000	17.940	0.055740	677.08	788.56	2.8274	0.88602	1.0880	369.03	2.0201	27.852	0.041080	vapor
595.00	2.0000	17.888	0.055903	678.57	790.37	2.8304	0.88693	1.0888	369.54	2.0061	27.915	0.041213	vapor
596.67	2.0000	17.836	0.056066	680.06	792.19	2.8335	0.88783	1.0896	370.04	1.9922	27.978	0.041345	vapor
598.33	2.0000	17.785	0.056228	681.55	794.00	2.8365	0.88874	1.0904	370.55	1.9784	28.041	0.041477	vapor
600.00	2.0000	17.733	0.056391	683.04	795.82	2.8396	0.88964	1.0912	371.05	1.9647	28.103	0.041609	vapor
601.67	2.0000	17.682	0.056554	684.53	797.64	2.8426	0.89053	1.0920	371.56	1.9512	28.166	0.041741	vapor
603.33	2.0000	17.632	0.056716	686.03	799.46	2.8456	0.89143	1.0928	372.06	1.9378	28.229	0.041873	vapor
605.00	2.0000	17.581	0.056879	687.53	801.28	2.8486	0.89232	1.0936	372.56	1.9245	28.291	0.042004	vapor
606.67	2.0000	17.531	0.057041	689.02	803.11	2.8516	0.89321	1.0944	373.06	1.9113	28.353	0.042136	vapor
608.33	2.0000	17.481	0.057204	690.52	804.93	2.8546	0.89410	1.0952	373.56	1.8982	28.416	0.042268	vapor
610.00	2.0000	17.432	0.057366	692.03	806.76	2.8576	0.89498	1.0960	374.06	1.8853	28.478	0.042400	vapor
611.67	2.0000	17.383	0.057528	693.53	808.59	2.8606	0.89586	1.0968	374.56	1.8724	28.540	0.042531	vapor
613.33	2.0000	17.334	0.057691	695.03	810.41	2.8636	0.89674	1.0976	375.06	1.8597	28.602	0.042663	vapor
615.00	2.0000	17.285	0.057853	696.54	812.24	2.8666	0.89762	1.0984	375.56	1.8470	28.664	0.042794	vapor
616.67	2.0000	17.237	0.058015	698.04	814.08	2.8696	0.89850	1.0992	376.05	1.8345	28.726	0.042926	vapor
618.33	2.0000	17.189	0.058178	699.55	815.91	2.8725	0.89937	1.1000	376.55	1.8221	28.788	0.043057	vapor
620.00	2.0000	17.141	0.058340	701.06	817.74	2.8755	0.90024	1.1008	377.04	1.8098	28.849	0.043189	vapor
621.67	2.0000	17.093	0.058502	702.57	819.58	2.8785	0.90111	1.1016	377.54	1.7976	28.911	0.043320	vapor
623.33	2.0000	17.046	0.058664	704.09	821.41	2.8814	0.90197	1.1024	378.03	1.7855	28.973	0.043451	vapor
625.00	2.0000	16.999	0.058826	705.60	823.25	2.8844	0.90284	1.1031	378.52	1.7735	29.034	0.043582	vapor
626.67	2.0000	16.953	0.058988	707.11	825.09	2.8873	0.90370	1.1039	379.01	1.7616	29.096	0.043713	vapor
628.33	2.0000	16.906	0.059150	708.63	826.93	2.8902	0.90455	1.1047	379.50	1.7497	29.157	0.043844	vapor
630.00	2.0000	16.860	0.059312	710.15	828.77	2.8932	0.90541	1.1055	379.99	1.7380	29.218	0.043975	vapor
631.67	2.0000	16.814	0.059474	711.67	830.62	2.8961	0.90626	1.1063	380.48	1.7264	29.279	0.044106	vapor
633.33	2.0000	16.768	0.059636	713.19	832.46	2.8990	0.90711	1.1070	380.97	1.7149	29.340	0.044237	vapor
635.00	2.0000	16.723	0.059798	714.71	834.31	2.9019	0.90796	1.1078	381.46	1.7035	29.402	0.044368	vapor
636.67	2.0000	16.678	0.059960	716.23	836.15	2.9048	0.90881	1.1086	381.94	1.6921	29.462	0.044499	vapor
638.33	2.0000	16.633	0.060122	717.76	838.00	2.9077	0.90965	1.1094	382.43	1.6809	29.523	0.044630	vapor
640.00	2.0000	16.588	0.060284	719.28	839.85	2.9106	0.91050	1.1101	382.92	1.6697	29.584	0.044760	vapor
641.67	2.0000	16.544	0.060445	720.81	841.70	2.9135	0.91134	1.1109	383.40	1.6587	29.645	0.044891	vapor
643.33	2.0000	16.500	0.060607	722.34	843.55	2.9164	0.91217	1.1117	383.88	1.6477	29.706	0.045021	vapor
645.00	2.0000	16.456	0.060769	723.87	845.41	2.9192	0.91301	1.1124	384.37	1.6368	29.766	0.045152	vapor
646.67	2.0000	16.412	0.060931	725.40	847.26	2.9221	0.91384	1.1132	384.85	1.6260	29.827	0.045282	vapor
648.33	2.0000	16.369	0.061092	726.93	849.12	2.9250	0.91467	1.1140	385.33	1.6153	29.887	0.045413	vapor
650.00	2.0000	16.325	0.061254	728.47	850.98	2.9278	0.91550	1.1147	385.81	1.6047	29.948	0.045543	vapor
651.67	2.0000	16.282	0.061416	730.00	852.83	2.9307	0.91632	1.1155	386.29	1.5941	30.008	0.045673	vapor
653.33	2.0000	16.240	0.061577	731.54	854.69	2.9336	0.91715	1.1162	386.77	1.5837	30.068	0.045803	vapor
655.00	2.0000	16.197	0.061739	733.08	856.56	2.9364	0.91797	1.1170	387.25	1.5733	30.128	0.045933	vapor
656.67	2.0000	16.155	0.061900	734.62	858.42	2.9392	0.91879	1.1177	387.73	1.5630	30.188	0.046063	vapor
658.33	2.0000	16.113	0.062062	736.16	860.28	2.9421	0.91960	1.1185	388.20	1.5528	30.248	0.046193	vapor
660.00	2.0000	16.071	0.062223	737.70	862.15	2.9449	0.92042	1.1192	388.68	1.5427	30.308	0.046323	vapor
661.67	2.0000	16.030	0.062385	739.24	864.01	2.9477	0.92123	1.1200	389.16	1.5326	30.368	0.046453	vapor
663.33	2.0000	15.988	0.062546	740.79	865.88	2.9505	0.92204	1.1207	389.63	1.5226	30.428	0.046583	vapor
665.00	2.0000	15.947	0.062708	742.33	867.75	2.9534	0.92285	1.1215	390.11	1.5127	30.488	0.046712	vapor
666.67	2.0000	15.906	0.062869	743.88	869.62	2.9562	0.92365	1.1222	390.58	1.5029	30.547	0.046842	vapor
668.33	2.0000	15.865	0.063031	745.43	871.49	2.9590	0.92445	1.1230	391.05	1.4931	30.607	0.046972	vapor
670.00	2.0000	15.825	0.063192	746.98	873.36	2.9618	0.92525	1.1237	391.53	1.4835	30.666	0.047101	vapor
671.67	2.0000	15.784	0.063353	748.53	875.23	2.9646	0.92605	1.1244	392.00	1.4739	30.726	0.047231	vapor
673.33	2.0000	15.744	0.063515	750.08	877.11	2.9673	0.92685	1.1252	392.47	1.4643	30.785	0.047360	vapor
675.00	2.0000	15.705	0.063676	751.63	878.98	2.9701	0.92764	1.1259	392.94	1.4549	30.844	0.047489	vapor
676.67	2.0000	15.665	0.063837	753.19	880.86	2.9729	0.92843	1.1267	393.41	1.4455	30.904	0.047618	vapor
678.33	2.0000	15.625	0.063998	754.74	882.74	2.9757	0.92922	1.1274	393.88	1.4362	30.963	0.047748	vapor
680.00	2.0000	15.586	0.064160	756.30	884.62	2.9784	0.93001	1.1281	394.35	1.4269	31.022	0.047877	vapor
681.67	2.0000	15.547	0.064321	757.86	886.50	2.9812	0.93079	1.1288	394.81	1.4177	31.081	0.048006	vapor
683.33	2.0000	15.508	0.064482	759.42	888.38	2.9840	0.93158	1.1296	395.28	1.4086	31.140	0.048135	vapor
685.00	2.0000	15.470	0.064643	760.98	890.27	2.9867	0.93236	1.1303	395.75	1.3996	31.199	0.048264	vapor
686.67	2.0000	15.431	0.064804	762.54	892.15	2.9895	0.93313	1.1310	396.21	1.3906	31.257	0.048392	vapor
688.33	2.0000	15.393	0.064965	764.11	894.04	2.9922	0.93391	1.1317	396.68	1.3817	31.316	0.048521	vapor
690.00	2.0000	15.355	0.065126	765.67	895.92	2.9949	0.93468	1.1325	397.14	1.3729	31.375	0.048650	vapor
691.67	2.0000	15.317	0.065287	767.24	897.81	2.9977	0.93545	1.1332	397.61	1.3641	31.433	0.048778	vapor
693.33	2.0000	15.279	0.065448	768.80	899.70	3.0004	0.93622	1.1339	398.07	1.3554	31.492	0.048907	vapor
695.00	2.0000	15.242	0.065609	770.37	901.59	3.0031	0.93699	1.1346	398.53	1.3467	31.550	0.049035	vapor
696.67	2.0000	15.204	0.065770	771.94	903.48	3.0058	0.93776	1.1353	398.99	1.3381	31.609	0.049164	vapor
698.33	2.0000	15.167	0.065931	773.51	905.37	3.0086	0.93852	1.1360	399.46	1.3296	31.667	0.049292	vapor
700.00	2.0000	15.130	0.066092	775.08	907.27	3.0113	0.93928	1.1367	399.92	1.3211	31.725	0.049420	vapor
701.67	2.0000	15.094	0.066253	776.66	909.16	3.0140	0.94004	1.1375	400.38	1.3127	31.784	0.049549	vapor
703.33	2.0000	15.057	0.066414	778.23	911.06	3.0167	0.94079	1.1382	400.84	1.3044	31.842	0.049677	vapor
705.00	2.0000	15.021	0.066575	779.81	912.96	3.0194	0.94155	1.1389	401.29	1.2961	31.900	0.049805	vapor
706.67	2.0000	14.984	0.066736	781.38	914.86	3.0221	0.94230	1.1396	401.75	1.2879	31.958	0.049933	vapor
708.33	2.0000	14.948	0.066897	782.96	916.76	3.0247	0.94305	1.1403	402.21	1.2797	32.016	0.050061	vapor
710.00	2.0000	14.913	0.067058	784.54	918.66	3.0274	0.94380	1.1410	402.67	1.2716	32.073	0.050188	vapor
711.67	2.0000	14.877	0.067218	786.12	920.56	3.0301	0.94454	1.1417	403.12	1.2636	32.131	0.050316	vapor
713.33	2.0000	14.841	0.067379	787.70	922.46	3.0328	0.94529	1.1424	403.58	1.2556	32.189	0.050444	vapor
715.00	2.0000	14.806	0.067540	789.29	924.37	3.0354	0.94603	1.1431	404.04	1.2476	32.247	0.050571	vapor
716.67	2.0000	14.771	0.067701	790.87	926.27	3.0381	0.94677	1.1437	404.49	1.2398	32.304	0.050699	vapor
718.33	2.0000	14.736	0.067861	792.46	928.18	3.0408	0.94750	1.1444	404.94	1.2319	32.362	0.050826	vapor
720.00	2.0000	14.701	0.068022	794.04	930.09	3.0434	0.94824	1.1451	405.40	1.2242	32.419	0.050954	vapor
721.67	2.0000	14.666	0.068183	795.63	932.00	3.0461	0.94897	1.1458	405.85	1.2164	32.477	0.051081	vapor
723.33	2.0000	14.632	0.068344	797.22	933.91	3.0487	0.94970	1.1465	406.30	1.2088	32.534	0.051208	vapor
725.00	2.0000	14.598	0.068504	798.81	935.82	3.0513	0.95043	1.1472	406.75	1.2012	32.591	0.051336	vapor
726.67	2.0000	14.563	0.068665	800.40	937.73	3.0540	0.95116	1.1479	407.21	1.1936	32.648	0.051463	vapor
728.33	2.0000	14.529	0.068825	801.99	939.64	3.0566	0.95188	1.1485	407.66	1.1861	32.706	0.051590	vapor
730.00	2.0000	14.496	0.068986	803.59	941.56	3.0592	0.95260	1.1492	408.11	1.1786	32.763	0.051717	vapor
731.67	2.0000	14.462	0.069147	805.18	943.48	3.0619	0.95332	1.1499	408.56	1.1712	32.820	0.051844	vapor
733.33	2.0000	14.429	0.069307	806.78	945.39	3.0645	0.95404	1.1506	409.01	1.1639	32.877	0.051970	vapor
735.00	2.0000	14.395	0.069468	808.38	947.31	3.0671	0.95476	1.1512	409.45	1.1566	32.934	0.052097	vapor
736.67	2.0000	14.362	0.069628	809.97	949.23	3.0697	0.95547	1.1519	409.90	1.1493	32.990	0.052224	vapor
738.33	2.0000	14.329	0.069789	811.57	951.15	3.0723	0.95619	1.1526	410.35	1.1421	33.047	0.052350	vapor
740.00	2.0000	14.296	0.069949	813.17	953.07	3.0749	0.95690	1.1533	410.80	1.1350	33.104	0.052477	vapor
741.67	2.0000	14.263	0.070110	814.78	954.99	3.0775	0.95760	1.1539	411.24	1.1279	33.161	0.052603	vapor
743.33	2.0000	14.231	0.070270	816.38	956.92	3.0801	0.95831	1.1546	411.69	1.1208	33.217	0.052730	vapor
745.00	2.0000	14.198	0.070431	817.98	958.84	3.0827	0.95901	1.1553	412.13	1.1138	33.274	0.052856	vapor
746.67	2.0000	14.166	0.070591	819.59	960.77	3.0853	0.95972	1.1559	412.58	1.1068	33.330	0.052982	vapor
748.33	2.0000	14.134	0.070752	821.19	962.70	3.0878	0.96042	1.1566	413.02	1.0999	33.387	0.053108	vapor
750.00	2.0000	14.102	0.070912	822.80	964.62	3.0904	0.96111	1.1572	413.46	1.0930	33.443	0.053234	vapor
751.67	2.0000	14.070	0.071072	824.41	966.55	3.0930	0.96181	1.1579	413.91	1.0862	33.499	0.053360	vapor
753.33	2.0000	14.038	0.071233	826.02	968.48	3.0955	0.96250	1.1585	414.35	1.0794	33.555	0.053486	vapor
755.00	2.0000	14.007	0.071393	827.63	970.42	3.0981	0.96319	1.1592	414.79	1.0727	33.611	0.053612	vapor
756.67	2.0000	13.976	0.071553	829.24	972.35	3.1007	0.96388	1.1599	415.23	1.0660	33.668	0.053738	vapor
758.33	2.0000	13.944	0.071714	830.85	974.28	3.1032	0.96457	1.1605	415.67	1.0593	33.724	0.053864	vapor
760.00	2.0000	13.913	0.071874	832.47	976.22	3.1058	0.96526	1.1611	416.11	1.0527	33.780	0.053989	vapor
761.67	2.0000	13.882	0.072034	834.08	978.15	3.1083	0.96594	1.1618	416.55	1.0462	33.836	0.054115	vapor
763.33	2.0000	13.851	0.072195	835.70	980.09	3.1108	0.96662	1.1624	416.99	1.0396	33.891	0.054240	vapor
765.00	2.0000	13.821	0.072355	837.32	982.03	3.1134	0.96730	1.1631	417.43	1.0332	33.947	0.054366	vapor
766.67	2.0000	13.790	0.072515	838.94	983.97	3.1159	0.96798	1.1637	417.87	1.0267	34.003	0.054491	vapor
768.33	2.0000	13.760	0.072675	840.56	985.91	3.1184	0.96866	1.1644	418.31	1.0203	34.059	0.054616	vapor
770.00	2.0000	13.730	0.072836	842.18	987.85	3.1210	0.96933	1.1650	418.74	1.0140	34.114	0.054741	vapor
771.67	2.0000	13.699	0.072996	843.80	989.79	3.1235	0.97000	1.1656	419.18	1.0077	34.170	0.054866	vapor
773.33	2.0000	13.669	0.073156	845.42	991.73	3.1260	0.97068	1.1663	419.62	1.0014	34.225	0.054991	vapor
775.00	2.0000	13.640	0.073316	847.04	993.68	3.1285	0.97134	1.1669	420.05	0.99515	34.281	0.055116	vapor
776.67	2.0000	13.610	0.073476	848.67	995.62	3.1310	0.97201	1.1675	420.49	0.98896	34.336	0.055241	vapor
778.33	2.0000	13.580	0.073636	850.30	997.57	3.1335	0.97267	1.1682	420.92	0.98280	34.391	0.055366	vapor
780.00	2.0000	13.551	0.073797	851.92	999.52	3.1360	0.97334	1.1688	421.35	0.97669	34.447	0.055491	vapor
781.67	2.0000	13.521	0.073957	853.55	1001.5	3.1385	0.97400	1.1694	421.79	0.97061	34.502	0.055615	vapor
783.33	2.0000	13.492	0.074117	855.18	1003.4	3.1410	0.97466	1.1700	422.22	0.96457	34.557	0.055740	vapor
785.00	2.0000	13.463	0.074277	856.81	1005.4	3.1435	0.97531	1.1707	422.65	0.95857	34.612	0.055864	vapor
786.67	2.0000	13.434	0.074437	858.44	1007.3	3.1460	0.97597	1.1713	423.09	0.95260	34.667	0.055989	vapor
788.33	2.0000	13.405	0.074597	860.08	1009.3	3.1485	0.97662	1.1719	423.52	0.94668	34.722	0.056113	vapor
790.00	2.0000	13.377	0.074757	861.71	1011.2	3.1509	0.97727	1.1725	423.95	0.94079	34.777	0.056237	vapor
791.67	2.0000	13.348	0.074917	863.34	1013.2	3.1534	0.97792	1.1731	424.38	0.93493	34.832	0.056361	vapor
793.33	2.0000	13.320	0.075077	864.98	1015.1	3.1559	0.97857	1.1738	424.81	0.92911	34.887	0.056485	vapor
795.00	2.0000	13.291	0.075237	866.62	1017.1	3.1583	0.97921	1.1744	425.24	0.92333	34.942	0.056609	vapor
796.67	2.0000	13.263	0.075397	868.25	1019.0	3.1608	0.97986	1.1750	425.67	0.91759	34.996	0.056733	vapor
798.33	2.0000	13.235	0.075557	869.89	1021.0	3.1633	0.98050	1.1756	426.10	0.91188	35.051	0.056857	vapor
800.00	2.0000	13.207	0.075717	871.53	1023.0	3.1657	0.98114	1.1762	426.52	0.90620	35.105	0.056981	vapor
801.67	2.0000	13.179	0.075877	873.17	1024.9	3.1682	0.98178	1.1768	426.95	0.90056	35.160	0.057105	vapor
803.33	2.0000	13.151	0.076037	874.82	1026.9	3.1706	0.98241	1.1774	427.38	0.89495	35.214	0.057228	vapor
805.00	2.0000	13.124	0.076197	876.46	1028.9	3.1730	0.98305	1.1780	427.81	0.88938	35.269	0.057352	vapor
806.67	2.0000	13.096	0.076357	878.10	1030.8	3.1755	0.98368	1.1786	428.23	0.88384	35.323	0.057475	vapor
808.33	2.0000	13.069	0.076517	879.75	1032.8	3.1779	0.98431	1.1792	428.66	0.87834	35.378	0.057599	vapor
810.00	2.0000	13.042	0.076677	881.39	1034.7	3.1803	0.98494	1.1798	429.08	0.87286	35.432	0.057722	vapor
811.67	2.0000	13.015	0.076837	883.04	1036.7	3.1828	0.98557	1.1804	429.51	0.86743	35.486	0.057845	vapor
813.33	2.0000	12.988	0.076996	884.69	1038.7	3.1852	0.98619	1.1810	429.93	0.86202	35.540	0.057968	vapor
815.00	2.0000	12.961	0.077156	886.34	1040.7	3.1876	0.98681	1.1816	430.36	0.85665	35.594	0.058091	vapor
816.67	2.0000	12.934	0.077316	887.99	1042.6	3.1900	0.98744	1.1822	430.78	0.85130	35.648	0.058214	vapor
818.33	2.0000	12.907	0.077476	889.64	1044.6	3.1924	0.98806	1.1828	431.20	0.84599	35.702	0.058337	vapor
820.00	2.0000	12.881	0.077636	891.29	1046.6	3.1948	0.98867	1.1834	431.63	0.84072	35.756	0.058460	vapor
821.67	2.0000	12.854	0.077796	892.94	1048.5	3.1972	0.98929	1.1840	432.05	0.83547	35.810	0.058583	vapor
823.33	2.0000	12.828	0.077955	894.60	1050.5	3.1996	0.98990	1.1846	432.47	0.83025	35.864	0.058705	vapor
825.00	2.0000	12.802	0.078115	896.25	1052.5	3.2020	0.99052	1.1851	432.89	0.82507	35.918	0.058828	vapor
826.67	2.0000	12.775	0.078275	897.91	1054.5	3.2044	0.99113	1.1857	433.31	0.81991	35.972	0.058951	vapor
828.33	2.0000	12.749	0.078435	899.57	1056.4	3.2068	0.99174	1.1863	433.73	0.81479	36.025	0.059073	vapor
830.00	2.0000	12.724	0.078595	901.23	1058.4	3.2092	0.99234	1.1869	434.15	0.80969	36.079	0.059195	vapor
831.67	2.0000	12.698	0.078754	902.88	1060.4	3.2116	0.99295	1.1875	434.57	0.80463	36.132	0.059318	vapor
833.33	2.0000	12.672	0.078914	904.54	1062.4	3.2140	0.99355	1.1880	434.99	0.79959	36.186	0.059440	vapor
835.00	2.0000	12.646	0.079074	906.21	1064.4	3.2163	0.99415	1.1886	435.41	0.79459	36.239	0.059562	vapor
836.67	2.0000	12.621	0.079233	907.87	1066.3	3.2187	0.99476	1.1892	435.83	0.78961	36.293	0.059684	vapor
838.33	2.0000	12.596	0.079393	909.53	1068.3	3.2211	0.99535	1.1898	436.24	0.78466	36.346	0.059806	vapor
840.00	2.0000	12.570	0.079553	911.20	1070.3	3.2234	0.99595	1.1903	436.66	0.77974	36.399	0.059928	vapor
841.67	2.0000	12.545	0.079713	912.86	1072.3	3.2258	0.99655	1.1909	437.08	0.77485	36.453	0.060050	vapor
843.33	2.0000	12.520	0.079872	914.53	1074.3	3.2282	0.99714	1.1915	437.49	0.76999	36.506	0.060172	vapor
845.00	2.0000	12.495	0.080032	916.19	1076.3	3.2305	0.99773	1.1920	437.91	0.76515	36.559	0.060293	vapor
846.67	2.0000	12.470	0.080191	917.86	1078.2	3.2329	0.99832	1.1926	438.33	0.76034	36.612	0.060415	vapor
848.33	2.0000	12.445	0.080351	919.53	1080.2	3.2352	0.99891	1.1932	438.74	0.75556	36.665	0.060536	vapor
850.00	2.0000	12.421	0.080511	921.20	1082.2	3.2375	0.99949	1.1937	439.16	0.75081	36.718	0.060658	vapor
851.67	2.0000	12.396	0.080670	922.87	1084.2	3.2399	1.0001	1.1943	439.57	0.74608	36.771	0.060779	vapor
853.33	2.0000	12.372	0.080830	924.54	1086.2	3.2422	1.0007	1.1948	439.98	0.74138	36.824	0.060900	vapor
855.00	2.0000	12.347	0.080990	926.21	1088.2	3.2446	1.0012	1.1954	440.40	0.73671	36.877	0.061022	vapor
856.67	2.0000	12.323	0.081149	927.89	1090.2	3.2469	1.0018	1.1960	440.81	0.73206	36.930	0.061143	vapor
858.33	2.0000	12.299	0.081309	929.56	1092.2	3.2492	1.0024	1.1965	441.22	0.72744	36.982	0.061264	vapor
860.00	2.0000	12.275	0.081468	931.24	1094.2	3.2515	1.0030	1.1971	441.63	0.72285	37.035	0.061385	vapor
861.67	2.0000	12.251	0.081628	932.91	1096.2	3.2538	1.0036	1.1976	442.05	0.71828	37.088	0.061506	vapor
863.33	2.0000	12.227	0.081787	934.59	1098.2	3.2562	1.0041	1.1982	442.46	0.71374	37.140	0.061626	vapor
865.00	2.0000	12.203	0.081947	936.27	1100.2	3.2585	1.0047	1.1987	442.87	0.70922	37.193	0.061747	vapor
866.67	2.0000	12.179	0.082106	937.95	1102.2	3.2608	1.0053	1.1992	443.28	0.70473	37.245	0.061868	vapor
868.33	2.0000	12.156	0.082266	939.63	1104.2	3.2631	1.0058	1.1998	443.69	0.70026	37.298	0.061988	vapor
870.00	2.0000	12.132	0.082425	941.31	1106.2	3.2654	1.0064	1.2003	444.10	0.69581	37.350	0.062109	vapor
871.67	2.0000	12.109	0.082585	942.99	1108.2	3.2677	1.0070	1.2009	444.51	0.69139	37.403	0.062229	vapor
873.33	2.0000	12.085	0.082744	944.68	1110.2	3.2700	1.0075	1.2014	444.92	0.68700	37.455	0.062349	vapor
875.00	2.0000	12.062	0.082904	946.36	1112.2	3.2723	1.0081	1.2020	445.32	0.68263	37.507	0.062470	vapor
876.67	2.0000	12.039	0.083063	948.04	1114.2	3.2746	1.0086	1.2025	445.73	0.67828	37.559	0.062590	vapor
878.33	2.0000	12.016	0.083223	949.73	1116.2	3.2768	1.0092	1.2030	446.14	0.67396	37.612	0.062710	vapor
880.00	2.0000	11.993	0.083382	951.42	1118.2	3.2791	1.0098	1.2036	446.55	0.66966	37.664	0.062830	vapor
881.67	2.0000	11.970	0.083542	953.10	1120.2	3.2814	1.0103	1.2041	446.95	0.66538	37.716	0.062950	vapor
883.33	2.0000	11.947	0.083701	954.79	1122.2	3.2837	1.0109	1.2046	447.36	0.66113	37.768	0.063070	vapor
885.00	2.0000	11.925	0.083861	956.48	1124.2	3.2859	1.0114	1.2052	447.77	0.65690	37.820	0.063190	vapor
886.67	2.0000	11.902	0.084020	958.17	1126.2	3.2882	1.0120	1.2057	448.17	0.65270	37.872	0.063309	vapor
888.33	2.0000	11.879	0.084179	959.86	1128.2	3.2905	1.0125	1.2062	448.58	0.64851	37.924	0.063429	vapor
890.00	2.0000	11.857	0.084339	961.56	1130.2	3.2927	1.0131	1.2067	448.98	0.64435	37.975	0.063549	vapor
891.67	2.0000	11.835	0.084498	963.25	1132.2	3.2950	1.0136	1.2073	449.39	0.64021	38.027	0.063668	vapor
893.33	2.0000	11.812	0.084658	964.94	1134.3	3.2973	1.0142	1.2078	449.79	0.63609	38.079	0.063787	vapor
895.00	2.0000	11.790	0.084817	966.64	1136.3	3.2995	1.0147	1.2083	450.19	0.63200	38.131	0.063907	vapor
896.67	2.0000	11.768	0.084976	968.33	1138.3	3.3018	1.0152	1.2088	450.60	0.62792	38.182	0.064026	vapor
898.33	2.0000	11.746	0.085136	970.03	1140.3	3.3040	1.0158	1.2093	451.00	0.62387	38.234	0.064145	vapor
900.00	2.0000	11.724	0.085295	971.73	1142.3	3.3062	1.0163	1.2099	451.40	0.61984	38.285	0.064264	vapor
901.67	2.0000	11.702	0.085454	973.42	1144.3	3.3085	1.0168	1.2104	451.80	0.61583	38.337	0.064383	vapor
903.33	2.0000	11.680	0.085614	975.12	1146.4	3.3107	1.0174	1.2109	452.21	0.61184	38.388	0.064502	vapor
905.00	2.0000	11.659	0.085773	976.82	1148.4	3.3129	1.0179	1.2114	452.61	0.60788	38.440	0.064621	vapor
906.67	2.0000	11.637	0.085932	978.52	1150.4	3.3152	1.0184	1.2119	453.01	0.60393	38.491	0.064740	vapor
908.33	2.0000	11.616	0.086092	980.23	1152.4	3.3174	1.0190	1.2124	453.41	0.60001	38.542	0.064858	vapor
910.00	2.0000	11.594	0.086251	981.93	1154.4	3.3196	1.0195	1.2129	453.81	0.59610	38.594	0.064977	vapor
911.67	2.0000	11.573	0.086410	983.63	1156.5	3.3218	1.0200	1.2134	454.21	0.59222	38.645	0.065096	vapor
913.33	2.0000	11.551	0.086570	985.34	1158.5	3.3241	1.0206	1.2139	454.61	0.58835	38.696	0.065214	vapor
915.00	2.0000	11.530	0.086729	987.04	1160.5	3.3263	1.0211	1.2144	455.01	0.58451	38.747	0.065332	vapor
916.67	2.0000	11.509	0.086888	988.75	1162.5	3.3285	1.0216	1.2149	455.41	0.58068	38.798	0.065451	vapor
918.33	2.0000	11.488	0.087047	990.45	1164.5	3.3307	1.0221	1.2154	455.80	0.57688	38.849	0.065569	vapor
920.00	2.0000	11.467	0.087207	992.16	1166.6	3.3329	1.0226	1.2159	456.20	0.57310	38.900	0.065687	vapor
921.67	2.0000	11.446	0.087366	993.87	1168.6	3.3351	1.0232	1.2164	456.60	0.56933	38.951	0.065805	vapor
923.33	2.0000	11.425	0.087525	995.58	1170.6	3.3373	1.0237	1.2169	457.00	0.56558	39.002	0.065923	vapor
925.00	2.0000	11.405	0.087684	997.29	1172.7	3.3395	1.0242	1.2174	457.39	0.56186	39.053	0.066041	vapor
926.67	2.0000	11.384	0.087844	999.00	1174.7	3.3417	1.0247	1.2179	457.79	0.55815	39.104	0.066159	vapor
928.33	2.0000	11.363	0.088003	1000.7	1176.7	3.3439	1.0252	1.2184	458.19	0.55446	39.155	0.066277	vapor
930.00	2.0000	11.343	0.088162	1002.4	1178.7	3.3461	1.0257	1.2189	458.58	0.55079	39.205	0.066394	vapor
931.67	2.0000	11.322	0.088321	1004.1	1180.8	3.3482	1.0262	1.2194	458.98	0.54714	39.256	0.066512	vapor
933.33	2.0000	11.302	0.088480	1005.9	1182.8	3.3504	1.0267	1.2199	459.37	0.54351	39.307	0.066629	vapor
935.00	2.0000	11.282	0.088639	1007.6	1184.8	3.3526	1.0272	1.2204	459.77	0.53989	39.357	0.066747	vapor
936.67	2.0000	11.261	0.088799	1009.3	1186.9	3.3548	1.0277	1.2209	460.16	0.53630	39.408	0.066864	vapor
938.33	2.0000	11.241	0.088958	1011.0	1188.9	3.3569	1.0282	1.2214	460.56	0.53272	39.459	0.066982	vapor
940.00	2.0000	11.221	0.089117	1012.7	1191.0	3.3591	1.0287	1.2218	460.95	0.52916	39.509	0.067099	vapor
941.67	2.0000	11.201	0.089276	1014.4	1193.0	3.3613	1.0292	1.2223	461.34	0.52562	39.559	0.067216	vapor
943.33	2.0000	11.181	0.089435	1016.2	1195.0	3.3634	1.0297	1.2228	461.74	0.52209	39.610	0.067333	vapor
945.00	2.0000	11.161	0.089594	1017.9	1197.1	3.3656	1.0302	1.2233	462.13	0.51858	39.660	0.067450	vapor
946.67	2.0000	11.142	0.089754	1019.6	1199.1	3.3678	1.0307	1.2238	462.52	0.51509	39.710	0.067567	vapor
948.33	2.0000	11.122	0.089913	1021.3	1201.1	3.3699	1.0312	1.2242	462.91	0.51162	39.761	0.067684	vapor
950.00	2.0000	11.102	0.090072	1023.0	1203.2	3.3721	1.0317	1.2247	463.30	0.50817	39.811	0.067800	vapor
951.67	2.0000	11.083	0.090231	1024.8	1205.2	3.3742	1.0322	1.2252	463.69	0.50473	39.861	0.067917	vapor
953.33	2.0000	11.063	0.090390	1026.5	1207.3	3.3763	1.0327	1.2257	464.08	0.50131	39.911	0.068034	vapor
955.00	2.0000	11.044	0.090549	1028.2	1209.3	3.3785	1.0332	1.2261	464.48	0.49791	39.961	0.068150	vapor
956.67	2.0000	11.024	0.090708	1029.9	1211.4	3.3806	1.0337	1.2266	464.87	0.49452	40.011	0.068267	vapor
958.33	2.0000	11.005	0.090867	1031.7	1213.4	3.3828	1.0342	1.2271	465.26	0.49115	40.061	0.068383	vapor
960.00	2.0000	10.986	0.091026	1033.4	1215.4	3.3849	1.0346	1.2275	465.64	0.48779	40.111	0.068499	vapor
961.67	2.0000	10.967	0.091185	1035.1	1217.5	3.3870	1.0351	1.2280	466.03	0.48446	40.161	0.068616	vapor
963.33	2.0000	10.948	0.091344	1036.9	1219.5	3.3892	1.0356	1.2285	466.42	0.48113	40.211	0.068732	vapor
965.00	2.0000	10.929	0.091504	1038.6	1221.6	3.3913	1.0361	1.2289	466.81	0.47783	40.261	0.068848	vapor
966.67	2.0000	10.910	0.091663	1040.3	1223.6	3.3934	1.0366	1.2294	467.20	0.47454	40.311	0.068964	vapor
968.33	2.0000	10.891	0.091822	1042.0	1225.7	3.3955	1.0370	1.2298	467.59	0.47127	40.361	0.069080	vapor
970.00	2.0000	10.872	0.091981	1043.8	1227.7	3.3976	1.0375	1.2303	467.97	0.46801	40.410	0.069196	vapor
971.67	2.0000	10.853	0.092140	1045.5	1229.8	3.3997	1.0380	1.2308	468.36	0.46477	40.460	0.069311	vapor
973.33	2.0000	10.834	0.092299	1047.2	1231.8	3.4019	1.0385	1.2312	468.75	0.46154	40.510	0.069427	vapor
975.00	2.0000	10.816	0.092458	1049.0	1233.9	3.4040	1.0389	1.2317	469.13	0.45833	40.559	0.069543	vapor
976.67	2.0000	10.797	0.092617	1050.7	1235.9	3.4061	1.0394	1.2321	469.52	0.45514	40.609	0.069658	vapor
978.33	2.0000	10.779	0.092776	1052.4	1238.0	3.4082	1.0399	1.2326	469.91	0.45196	40.658	0.069774	vapor
980.00	2.0000	10.760	0.092935	1054.2	1240.1	3.4103	1.0403	1.2330	470.29	0.44879	40.708	0.069889	vapor
981.67	2.0000	10.742	0.093094	1055.9	1242.1	3.4124	1.0408	1.2335	470.68	0.44564	40.757	0.070004	vapor
983.33	2.0000	10.724	0.093253	1057.7	1244.2	3.4145	1.0413	1.2339	471.06	0.44251	40.807	0.070120	vapor
985.00	2.0000	10.705	0.093412	1059.4	1246.2	3.4165	1.0417	1.2344	471.44	0.43939	40.856	0.070235	vapor
986.67	2.0000	10.687	0.093571	1061.1	1248.3	3.4186	1.0422	1.2348	471.83	0.43628	40.905	0.070350	vapor
988.33	2.0000	10.669	0.093730	1062.9	1250.3	3.4207	1.0427	1.2353	472.21	0.43319	40.955	0.070465	vapor
990.00	2.0000	10.651	0.093889	1064.6	1252.4	3.4228	1.0431	1.2357	472.60	0.43012	41.004	0.070580	vapor
991.67	2.0000	10.633	0.094048	1066.4	1254.5	3.4249	1.0436	1.2362	472.98	0.42706	41.053	0.070694	vapor
993.33	2.0000	10.615	0.094206	1068.1	1256.5	3.4270	1.0440	1.2366	473.36	0.42401	41.102	0.070809	vapor
995.00	2.0000	10.597	0.094365	1069.8	1258.6	3.4290	1.0445	1.2371	473.74	0.42098	41.151	0.070924	vapor
996.67	2.0000	10.579	0.094524	1071.6	1260.6	3.4311	1.0449	1.2375	474.13	0.41796	41.200	0.071039	vapor
998.33	2.0000	10.562	0.094683	1073.3	1262.7	3.4332	1.0454	1.2379	474.51	0.41495	41.250	0.071153	vapor
1000.0	2.0000	10.544	0.094842	1075.1	1264.8	3.4352	1.0459	1.2384	474.89	0.41196	41.299	0.071268	vapor
1001.7	2.0000	10.526	0.095001	1076.8	1266.8	3.4373	1.0463	1.2388	475.27	0.40899	41.348	0.071382	vapor
1003.3	2.0000	10.509	0.095160	1078.6	1268.9	3.4394	1.0468	1.2392	475.65	0.40603	41.396	0.071496	vapor
1005.0	2.0000	10.491	0.095319	1080.3	1271.0	3.4414	1.0472	1.2397	476.03	0.40308	41.445	0.071611	vapor
1006.7	2.0000	10.474	0.095478	1082.1	1273.0	3.4435	1.0476	1.2401	476.41	0.40014	41.494	0.071725	vapor
1008.3	2.0000	10.456	0.095637	1083.8	1275.1	3.4455	1.0481	1.2405	476.79	0.39722	41.543	0.071839	vapor
1010.0	2.0000	10.439	0.095796	1085.6	1277.2	3.4476	1.0485	1.2410	477.17	0.39431	41.592	0.071953	vapor
1011.7	2.0000	10.422	0.095954	1087.3	1279.2	3.4496	1.0490	1.2414	477.55	0.39142	41.640	0.072067	vapor
1013.3	2.0000	10.404	0.096113	1089.1	1281.3	3.4517	1.0494	1.2418	477.93	0.38854	41.689	0.072181	vapor
1015.0	2.0000	10.387	0.096272	1090.8	1283.4	3.4537	1.0499	1.2422	478.31	0.38567	41.738	0.072294	vapor
1016.7	2.0000	10.370	0.096431	1092.6	1285.4	3.4557	1.0503	1.2427	478.69	0.38281	41.786	0.072408	vapor
1018.3	2.0000	10.353	0.096590	1094.3	1287.5	3.4578	1.0507	1.2431	479.06	0.37997	41.835	0.072522	vapor
1020.0	2.0000	10.336	0.096749	1096.1	1289.6	3.4598	1.0512	1.2435	479.44	0.37714	41.884	0.072635	vapor
1021.7	2.0000	10.319	0.096908	1097.8	1291.7	3.4618	1.0516	1.2439	479.82	0.37432	41.932	0.072749	vapor
1023.3	2.0000	10.302	0.097067	1099.6	1293.7	3.4639	1.0520	1.2444	480.20	0.37152	41.981	0.072862	vapor
1025.0	2.0000	10.285	0.097225	1101.4	1295.8	3.4659	1.0525	1.2448	480.57	0.36873	42.029	0.072976	vapor
1026.7	2.0000	10.269	0.097384	1103.1	1297.9	3.4679	1.0529	1.2452	480.95	0.36595	42.077	0.073089	vapor
1028.3	2.0000	10.252	0.097543	1104.9	1300.0	3.4699	1.0533	1.2456	481.32	0.36319	42.126	0.073202	vapor
1030.0	2.0000	10.235	0.097702	1106.6	1302.0	3.4719	1.0538	1.2460	481.70	0.36043	42.174	0.073315	vapor
1031.7	2.0000	10.219	0.097861	1108.4	1304.1	3.4740	1.0542	1.2464	482.08	0.35769	42.222	0.073428	vapor
1033.3	2.0000	10.202	0.098019	1110.1	1306.2	3.4760	1.0546	1.2469	482.45	0.35496	42.271	0.073541	vapor
1035.0	2.0000	10.186	0.098178	1111.9	1308.3	3.4780	1.0550	1.2473	482.83	0.35225	42.319	0.073654	vapor
1036.7	2.0000	10.169	0.098337	1113.7	1310.3	3.4800	1.0555	1.2477	483.20	0.34954	42.367	0.073767	vapor
1038.3	2.0000	10.153	0.098496	1115.4	1312.4	3.4820	1.0559	1.2481	483.57	0.34685	42.415	0.073880	vapor
1040.0	2.0000	10.136	0.098655	1117.2	1314.5	3.4840	1.0563	1.2485	483.95	0.34417	42.463	0.073992	vapor
1041.7	2.0000	10.120	0.098813	1119.0	1316.6	3.4860	1.0567	1.2489	484.32	0.34150	42.511	0.074105	vapor
1043.3	2.0000	10.104	0.098972	1120.7	1318.7	3.4880	1.0571	1.2493	484.70	0.33884	42.559	0.074217	vapor
1045.0	2.0000	10.088	0.099131	1122.5	1320.8	3.4900	1.0576	1.2497	485.07	0.33620	42.607	0.074330	vapor
1046.7	2.0000	10.072	0.099290	1124.3	1322.8	3.4920	1.0580	1.2501	485.44	0.33356	42.655	0.074442	vapor
1048.3	2.0000	10.055	0.099449	1126.0	1324.9	3.4940	1.0584	1.2505	485.81	0.33094	42.703	0.074555	vapor
1050.0	2.0000	10.039	0.099607	1127.8	1327.0	3.4960	1.0588	1.2509	486.19	0.32833	42.751	0.074667	vapor
1051.7	2.0000	10.023	0.099766	1129.6	1329.1	3.4979	1.0592	1.2513	486.56	0.32573	42.799	0.074779	vapor
1053.3	2.0000	10.008	0.099925	1131.3	1331.2	3.4999	1.0596	1.2517	486.93	0.32314	42.847	0.074891	vapor
1055.0	2.0000	9.9917	0.10008	1133.1	1333.3	3.5019	1.0600	1.2521	487.30	0.32057	42.895	0.075003	vapor
1056.7	2.0000	9.9758	0.10024	1134.9	1335.3	3.5039	1.0605	1.2525	487.67	0.31800	42.942	0.075115	vapor
1058.3	2.0000	9.9601	0.10040	1136.6	1337.4	3.5059	1.0609	1.2529	488.04	0.31545	42.990	0.075227	vapor
1060.0	2.0000	9.9443	0.10056	1138.4	1339.5	3.5078	1.0613	1.2533	488.41	0.31291	43.038	0.075339	vapor
1061.7	2.0000	9.9287	0.10072	1140.2	1341.6	3.5098	1.0617	1.2537	488.78	0.31037	43.085	0.075450	vapor
1063.3	2.0000	9.9130	0.10088	1141.9	1343.7	3.5118	1.0621	1.2541	489.15	0.30785	43.133	0.075562	vapor
1065.0	2.0000	9.8975	0.10104	1143.7	1345.8	3.5137	1.0625	1.2545	489.52	0.30534	43.181	0.075674	vapor
1066.7	2.0000	9.8819	0.10119	1145.5	1347.9	3.5157	1.0629	1.2549	489.89	0.30284	43.228	0.075785	vapor
1068.3	2.0000	9.8665	0.10135	1147.3	1350.0	3.5176	1.0633	1.2553	490.26	0.30036	43.276	0.075897	vapor
1070.0	2.0000	9.8510	0.10151	1149.0	1352.1	3.5196	1.0637	1.2557	490.63	0.29788	43.323	0.076008	vapor
1071.7	2.0000	9.8357	0.10167	1150.8	1354.2	3.5216	1.0641	1.2561	491.00	0.29541	43.370	0.076119	vapor
1073.3	2.0000	9.8203	0.10183	1152.6	1356.3	3.5235	1.0645	1.2564	491.37	0.29295	43.418	0.076230	vapor
1075.0	2.0000	9.8051	0.10199	1154.4	1358.4	3.5255	1.0649	1.2568	491.73	0.29051	43.465	0.076342	vapor
1076.7	2.0000	9.7898	0.10215	1156.2	1360.4	3.5274	1.0653	1.2572	492.10	0.28807	43.513	0.076453	vapor
1078.3	2.0000	9.7746	0.10231	1157.9	1362.5	3.5294	1.0657	1.2576	492.47	0.28565	43.560	0.076564	vapor
1080.0	2.0000	9.7595	0.10246	1159.7	1364.6	3.5313	1.0661	1.2580	492.84	0.28323	43.607	0.076675	vapor
1081.7	2.0000	9.7444	0.10262	1161.5	1366.7	3.5332	1.0665	1.2584	493.20	0.28083	43.654	0.076785	vapor
1083.3	2.0000	9.7294	0.10278	1163.3	1368.8	3.5352	1.0669	1.2587	493.57	0.27843	43.702	0.076896	vapor
1085.0	2.0000	9.7144	0.10294	1165.1	1370.9	3.5371	1.0672	1.2591	493.93	0.27605	43.749	0.077007	vapor
1086.7	2.0000	9.6994	0.10310	1166.8	1373.0	3.5390	1.0676	1.2595	494.30	0.27367	43.796	0.077117	vapor
1088.3	2.0000	9.6845	0.10326	1168.6	1375.1	3.5410	1.0680	1.2599	494.67	0.27131	43.843	0.077228	vapor
1090.0	2.0000	9.6697	0.10342	1170.4	1377.2	3.5429	1.0684	1.2603	495.03	0.26895	43.890	0.077339	vapor
1091.7	2.0000	9.6549	0.10357	1172.2	1379.3	3.5448	1.0688	1.2606	495.40	0.26661	43.937	0.077449	vapor
1093.3	2.0000	9.6401	0.10373	1174.0	1381.4	3.5468	1.0692	1.2610	495.76	0.26427	43.984	0.077559	vapor
1095.0	2.0000	9.6254	0.10389	1175.7	1383.5	3.5487	1.0696	1.2614	496.13	0.26195	44.031	0.077670	vapor
1096.7	2.0000	9.6107	0.10405	1177.5	1385.6	3.5506	1.0699	1.2618	496.49	0.25963	44.078	0.077780	vapor
1098.3	2.0000	9.5961	0.10421	1179.3	1387.7	3.5525	1.0703	1.2621	496.85	0.25733	44.125	0.077890	vapor
1100.0	2.0000	9.5815	0.10437	1181.1	1389.8	3.5544	1.0707	1.2625	497.22	0.25503	44.172	0.078000	vapor
1101.7	2.0000	9.5669	0.10453	1182.9	1391.9	3.5563	1.0711	1.2629	497.58	0.25274	44.218	0.078110	vapor
1103.3	2.0000	9.5524	0.10469	1184.7	1394.1	3.5582	1.0715	1.2632	497.94	0.25047	44.265	0.078220	vapor
1105.0	2.0000	9.5380	0.10484	1186.5	1396.2	3.5601	1.0718	1.2636	498.31	0.24820	44.312	0.078330	vapor
1106.7	2.0000	9.5236	0.10500	1188.3	1398.3	3.5621	1.0722	1.2640	498.67	0.24594	44.359	0.078439	vapor
1108.3	2.0000	9.5092	0.10516	1190.0	1400.4	3.5640	1.0726	1.2643	499.03	0.24369	44.405	0.078549	vapor
1110.0	2.0000	9.4949	0.10532	1191.8	1402.5	3.5659	1.0730	1.2647	499.39	0.24145	44.452	0.078659	vapor
1111.7	2.0000	9.4806	0.10548	1193.6	1404.6	3.5678	1.0733	1.2651	499.76	0.23922	44.499	0.078768	vapor
1113.3	2.0000	9.4664	0.10564	1195.4	1406.7	3.5696	1.0737	1.2654	500.12	0.23700	44.545	0.078878	vapor
1115.0	2.0000	9.4522	0.10580	1197.2	1408.8	3.5715	1.0741	1.2658	500.48	0.23478	44.592	0.078987	vapor
1116.7	2.0000	9.4381	0.10595	1199.0	1410.9	3.5734	1.0745	1.2661	500.84	0.23258	44.638	0.079097	vapor
1118.3	2.0000	9.4240	0.10611	1200.8	1413.0	3.5753	1.0748	1.2665	501.20	0.23039	44.685	0.079206	vapor
1120.0	2.0000	9.4099	0.10627	1202.6	1415.1	3.5772	1.0752	1.2669	501.56	0.22820	44.731	0.079315	vapor
1121.7	2.0000	9.3959	0.10643	1204.4	1417.2	3.5791	1.0756	1.2672	501.92	0.22602	44.778	0.079424	vapor
1123.3	2.0000	9.3819	0.10659	1206.2	1419.4	3.5810	1.0759	1.2676	502.28	0.22385	44.824	0.079533	vapor
1125.0	2.0000	9.3680	0.10675	1208.0	1421.5	3.5829	1.0763	1.2679	502.64	0.22169	44.870	0.079642	vapor
1126.7	2.0000	9.3541	0.10691	1209.8	1423.6	3.5847	1.0767	1.2683	503.00	0.21954	44.917	0.079751	vapor
1128.3	2.0000	9.3402	0.10706	1211.6	1425.7	3.5866	1.0770	1.2686	503.36	0.21740	44.963	0.079860	vapor
1130.0	2.0000	9.3264	0.10722	1213.4	1427.8	3.5885	1.0774	1.2690	503.72	0.21527	45.009	0.079969	vapor
1131.7	2.0000	9.3126	0.10738	1215.2	1429.9	3.5903	1.0777	1.2693	504.08	0.21314	45.056	0.080078	vapor
1133.3	2.0000	9.2989	0.10754	1217.0	1432.0	3.5922	1.0781	1.2697	504.43	0.21103	45.102	0.080186	vapor
1135.0	2.0000	9.2852	0.10770	1218.8	1434.2	3.5941	1.0785	1.2700	504.79	0.20892	45.148	0.080295	vapor
1136.7	2.0000	9.2716	0.10786	1220.6	1436.3	3.5959	1.0788	1.2704	505.15	0.20682	45.194	0.080403	vapor
1138.3	2.0000	9.2580	0.10802	1222.4	1438.4	3.5978	1.0792	1.2707	505.51	0.20473	45.240	0.080512	vapor
1140.0	2.0000	9.2444	0.10817	1224.2	1440.5	3.5997	1.0795	1.2711	505.86	0.20264	45.286	0.080620	vapor
1141.7	2.0000	9.2309	0.10833	1226.0	1442.6	3.6015	1.0799	1.2714	506.22	0.20057	45.332	0.080728	vapor
1143.3	2.0000	9.2174	0.10849	1227.8	1444.8	3.6034	1.0802	1.2718	506.58	0.19850	45.378	0.080837	vapor
1145.0	2.0000	9.2039	0.10865	1229.6	1446.9	3.6052	1.0806	1.2721	506.93	0.19644	45.424	0.080945	vapor
1146.7	2.0000	9.1905	0.10881	1231.4	1449.0	3.6071	1.0809	1.2725	507.29	0.19439	45.470	0.081053	vapor
1148.3	2.0000	9.1772	0.10897	1233.2	1451.1	3.6089	1.0813	1.2728	507.65	0.19235	45.516	0.081161	vapor
1150.0	2.0000	9.1638	0.10912	1235.0	1453.2	3.6108	1.0816	1.2731	508.00	0.19032	45.562	0.081269	vapor
1151.7	2.0000	9.1505	0.10928	1236.8	1455.4	3.6126	1.0820	1.2735	508.36	0.18829	45.608	0.081377	vapor
1153.3	2.0000	9.1373	0.10944	1238.6	1457.5	3.6145	1.0823	1.2738	508.71	0.18627	45.654	0.081484	vapor
1155.0	2.0000	9.1241	0.10960	1240.4	1459.6	3.6163	1.0827	1.2742	509.07	0.18426	45.700	0.081592	vapor
1156.7	2.0000	9.1109	0.10976	1242.2	1461.7	3.6181	1.0830	1.2745	509.42	0.18226	45.746	0.081700	vapor
1158.3	2.0000	9.0978	0.10992	1244.0	1463.9	3.6200	1.0834	1.2748	509.78	0.18026	45.791	0.081807	vapor
1160.0	2.0000	9.0847	0.11008	1245.8	1466.0	3.6218	1.0837	1.2752	510.13	0.17828	45.837	0.081915	vapor
1161.7	2.0000	9.0716	0.11023	1247.6	1468.1	3.6236	1.0841	1.2755	510.48	0.17630	45.883	0.082022	vapor
1163.3	2.0000	9.0586	0.11039	1249.4	1470.2	3.6255	1.0844	1.2758	510.84	0.17433	45.928	0.082130	vapor
1165.0	2.0000	9.0456	0.11055	1251.3	1472.4	3.6273	1.0847	1.2762	511.19	0.17236	45.974	0.082237	vapor
1166.7	2.0000	9.0326	0.11071	1253.1	1474.5	3.6291	1.0851	1.2765	511.55	0.17041	46.020	0.082344	vapor
1168.3	2.0000	9.0197	0.11087	1254.9	1476.6	3.6309	1.0854	1.2768	511.90	0.16846	46.065	0.082452	vapor
1170.0	2.0000	9.0069	0.11103	1256.7	1478.7	3.6328	1.0858	1.2772	512.25	0.16652	46.111	0.082559	vapor
1171.7	2.0000	8.9940	0.11119	1258.5	1480.9	3.6346	1.0861	1.2775	512.60	0.16458	46.156	0.082666	vapor
1173.3	2.0000	8.9812	0.11134	1260.3	1483.0	3.6364	1.0864	1.2778	512.96	0.16266	46.202	0.082773	vapor
1175.0	2.0000	8.9685	0.11150	1262.1	1485.1	3.6382	1.0868	1.2781	513.31	0.16074	46.247	0.082880	vapor
1176.7	2.0000	8.9557	0.11166	1263.9	1487.3	3.6400	1.0871	1.2785	513.66	0.15882	46.293	0.082987	vapor
1178.3	2.0000	8.9430	0.11182	1265.8	1489.4	3.6418	1.0874	1.2788	514.01	0.15692	46.338	0.083093	vapor
1180.0	2.0000	8.9304	0.11198	1267.6	1491.5	3.6436	1.0878	1.2791	514.36	0.15502	46.383	0.083200	vapor
1181.7	2.0000	8.9178	0.11214	1269.4	1493.7	3.6454	1.0881	1.2794	514.71	0.15313	46.429	0.083307	vapor
1183.3	2.0000	8.9052	0.11229	1271.2	1495.8	3.6473	1.0884	1.2798	515.06	0.15125	46.474	0.083413	vapor
1185.0	2.0000	8.8926	0.11245	1273.0	1497.9	3.6491	1.0888	1.2801	515.41	0.14937	46.519	0.083520	vapor
1186.7	2.0000	8.8801	0.11261	1274.8	1500.1	3.6509	1.0891	1.2804	515.76	0.14751	46.564	0.083626	vapor
1188.3	2.0000	8.8677	0.11277	1276.6	1502.2	3.6527	1.0894	1.2807	516.11	0.14564	46.610	0.083733	vapor
1190.0	2.0000	8.8552	0.11293	1278.5	1504.3	3.6544	1.0898	1.2810	516.46	0.14379	46.655	0.083839	vapor
1191.7	2.0000	8.8428	0.11309	1280.3	1506.5	3.6562	1.0901	1.2814	516.81	0.14194	46.700	0.083945	vapor
1193.3	2.0000	8.8304	0.11324	1282.1	1508.6	3.6580	1.0904	1.2817	517.16	0.14010	46.745	0.084051	vapor
1195.0	2.0000	8.8181	0.11340	1283.9	1510.7	3.6598	1.0907	1.2820	517.51	0.13827	46.790	0.084157	vapor
1196.7	2.0000	8.8058	0.11356	1285.7	1512.9	3.6616	1.0911	1.2823	517.86	0.13644	46.835	0.084263	vapor
1198.3	2.0000	8.7935	0.11372	1287.6	1515.0	3.6634	1.0914	1.2826	518.21	0.13462	46.880	0.084369	vapor
1200.0	2.0000	8.7813	0.11388	1289.4	1517.1	3.6652	1.0917	1.2829	518.56	0.13281	46.925	0.084475	vapor
1201.7	2.0000	8.7691	0.11404	1291.2	1519.3	3.6670	1.0920	1.2833	518.91	0.13100	46.970	0.084581	vapor
1203.3	2.0000	8.7569	0.11420	1293.0	1521.4	3.6687	1.0923	1.2836	519.25	0.12920	47.015	0.084687	vapor
1205.0	2.0000	8.7448	0.11435	1294.9	1523.6	3.6705	1.0927	1.2839	519.60	0.12741	47.060	0.084793	vapor
1206.7	2.0000	8.7327	0.11451	1296.7	1525.7	3.6723	1.0930	1.2842	519.95	0.12562	47.105	0.084898	vapor
1208.3	2.0000	8.7207	0.11467	1298.5	1527.8	3.6741	1.0933	1.2845	520.30	0.12384	47.150	0.085004	vapor
1210.0	2.0000	8.7086	0.11483	1300.3	1530.0	3.6758	1.0936	1.2848	520.64	0.12207	47.195	0.085109	vapor
1211.7	2.0000	8.6966	0.11499	1302.1	1532.1	3.6776	1.0939	1.2851	520.99	0.12030	47.240	0.085215	vapor
1213.3	2.0000	8.6847	0.11515	1304.0	1534.3	3.6794	1.0942	1.2854	521.34	0.11854	47.284	0.085320	vapor
1215.0	2.0000	8.6727	0.11530	1305.8	1536.4	3.6811	1.0946	1.2857	521.68	0.11679	47.329	0.085425	vapor
1216.7	2.0000	8.6608	0.11546	1307.6	1538.6	3.6829	1.0949	1.2860	522.03	0.11504	47.374	0.085531	vapor
1218.3	2.0000	8.6490	0.11562	1309.5	1540.7	3.6847	1.0952	1.2864	522.37	0.11330	47.419	0.085636	vapor
1220.0	2.0000	8.6372	0.11578	1311.3	1542.8	3.6864	1.0955	1.2867	522.72	0.11156	47.463	0.085741	vapor
1221.7	2.0000	8.6254	0.11594	1313.1	1545.0	3.6882	1.0958	1.2870	523.06	0.10984	47.508	0.085846	vapor
1223.3	2.0000	8.6136	0.11610	1314.9	1547.1	3.6899	1.0961	1.2873	523.41	0.10811	47.553	0.085951	vapor
1225.0	2.0000	8.6019	0.11625	1316.8	1549.3	3.6917	1.0964	1.2876	523.75	0.10640	47.597	0.086056	vapor
1226.7	2.0000	8.5902	0.11641	1318.6	1551.4	3.6934	1.0967	1.2879	524.10	0.10469	47.642	0.086161	vapor
1228.3	2.0000	8.5785	0.11657	1320.4	1553.6	3.6952	1.0970	1.2882	524.44	0.10298	47.686	0.086266	vapor
1230.0	2.0000	8.5669	0.11673	1322.3	1555.7	3.6969	1.0973	1.2885	524.79	0.10129	47.731	0.086370	vapor
1231.7	2.0000	8.5552	0.11689	1324.1	1557.9	3.6987	1.0977	1.2888	525.13	0.099597	47.775	0.086475	vapor
1233.3	2.0000	8.5437	0.11705	1325.9	1560.0	3.7004	1.0980	1.2891	525.47	0.097912	47.820	0.086580	vapor
1235.0	2.0000	8.5321	0.11720	1327.8	1562.2	3.7022	1.0983	1.2894	525.82	0.096233	47.864	0.086684	vapor
1236.7	2.0000	8.5206	0.11736	1329.6	1564.3	3.7039	1.0986	1.2897	526.16	0.094560	47.909	0.086788	vapor
1238.3	2.0000	8.5091	0.11752	1331.4	1566.5	3.7056	1.0989	1.2900	526.50	0.092893	47.953	0.086893	vapor
1240.0	2.0000	8.4977	0.11768	1333.3	1568.6	3.7074	1.0992	1.2902	526.85	0.091233	47.997	0.086997	vapor
1241.7	2.0000	8.4863	0.11784	1335.1	1570.8	3.7091	1.0995	1.2905	527.19	0.089578	48.042	0.087101	vapor
1243.3	2.0000	8.4749	0.11800	1336.9	1572.9	3.7108	1.0998	1.2908	527.53	0.087929	48.086	0.087206	vapor
1245.0	2.0000	8.4635	0.11815	1338.8	1575.1	3.7126	1.1001	1.2911	527.87	0.086286	48.130	0.087310	vapor
1246.7	2.0000	8.4522	0.11831	1340.6	1577.2	3.7143	1.1004	1.2914	528.22	0.084649	48.174	0.087414	vapor
1248.3	2.0000	8.4409	0.11847	1342.4	1579.4	3.7160	1.1007	1.2917	528.56	0.083017	48.219	0.087518	vapor
1250.0	2.0000	8.4296	0.11863	1344.3	1581.5	3.7177	1.1010	1.2920	528.90	0.081392	48.263	0.087622	vapor
1251.7	2.0000	8.4184	0.11879	1346.1	1583.7	3.7195	1.1013	1.2923	529.24	0.079772	48.307	0.087726	vapor
1253.3	2.0000	8.4072	0.11895	1347.9	1585.8	3.7212	1.1016	1.2926	529.58	0.078158	48.351	0.087829	vapor
1255.0	2.0000	8.3960	0.11910	1349.8	1588.0	3.7229	1.1018	1.2929	529.92	0.076550	48.395	0.087933	vapor
1256.7	2.0000	8.3849	0.11926	1351.6	1590.1	3.7246	1.1021	1.2932	530.26	0.074947	48.439	0.088037	vapor
1258.3	2.0000	8.3738	0.11942	1353.5	1592.3	3.7263	1.1024	1.2934	530.60	0.073350	48.483	0.088140	vapor
1260.0	2.0000	8.3627	0.11958	1355.3	1594.4	3.7280	1.1027	1.2937	530.94	0.071758	48.527	0.088244	vapor
1261.7	2.0000	8.3516	0.11974	1357.1	1596.6	3.7297	1.1030	1.2940	531.28	0.070173	48.571	0.088347	vapor
1263.3	2.0000	8.3406	0.11990	1359.0	1598.8	3.7315	1.1033	1.2943	531.62	0.068592	48.615	0.088451	vapor
1265.0	2.0000	8.3296	0.12005	1360.8	1600.9	3.7332	1.1036	1.2946	531.96	0.067018	48.659	0.088554	vapor
1266.7	2.0000	8.3186	0.12021	1362.7	1603.1	3.7349	1.1039	1.2949	532.30	0.065448	48.703	0.088658	vapor
1268.3	2.0000	8.3077	0.12037	1364.5	1605.2	3.7366	1.1042	1.2951	532.64	0.063885	48.747	0.088761	vapor
1270.0	2.0000	8.2968	0.12053	1366.3	1607.4	3.7383	1.1045	1.2954	532.98	0.062326	48.791	0.088864	vapor
1271.7	2.0000	8.2859	0.12069	1368.2	1609.6	3.7400	1.1048	1.2957	533.32	0.060773	48.835	0.088967	vapor
1273.3	2.0000	8.2751	0.12085	1370.0	1611.7	3.7417	1.1050	1.2960	533.65	0.059226	48.879	0.089070	vapor
1275.0	2.0000	8.2642	0.12100	1371.9	1613.9	3.7434	1.1053	1.2963	533.99	0.057684	48.923	0.089173	vapor
1276.7	2.0000	8.2534	0.12116	1373.7	1616.0	3.7451	1.1056	1.2965	534.33	0.056147	48.966	0.089276	vapor
1278.3	2.0000	8.2427	0.12132	1375.6	1618.2	3.7467	1.1059	1.2968	534.67	0.054616	49.010	0.089379	vapor
1280.0	2.0000	8.2319	0.12148	1377.4	1620.4	3.7484	1.1062	1.2971	535.01	0.053089	49.054	0.089482	vapor
1281.7	2.0000	8.2212	0.12164	1379.2	1622.5	3.7501	1.1065	1.2974	535.34	0.051569	49.097	0.089584	vapor
1283.3	2.0000	8.2105	0.12179	1381.1	1624.7	3.7518	1.1067	1.2976	535.68	0.050053	49.141	0.089687	vapor
1285.0	2.0000	8.1999	0.12195	1382.9	1626.8	3.7535	1.1070	1.2979	536.02	0.048542	49.185	0.089790	vapor
1286.7	2.0000	8.1893	0.12211	1384.8	1629.0	3.7552	1.1073	1.2982	536.35	0.047037	49.228	0.089892	vapor
1288.3	2.0000	8.1787	0.12227	1386.6	1631.2	3.7569	1.1076	1.2985	536.69	0.045537	49.272	0.089995	vapor
1290.0	2.0000	8.1681	0.12243	1388.5	1633.3	3.7585	1.1079	1.2987	537.03	0.044042	49.316	0.090097	vapor
1291.7	2.0000	8.1575	0.12259	1390.3	1635.5	3.7602	1.1081	1.2990	537.36	0.042552	49.359	0.090199	vapor
1293.3	2.0000	8.1470	0.12274	1392.2	1637.7	3.7619	1.1084	1.2993	537.70	0.041067	49.403	0.090302	vapor
1295.0	2.0000	8.1365	0.12290	1394.0	1639.8	3.7636	1.1087	1.2996	538.03	0.039587	49.446	0.090404	vapor
1296.7	2.0000	8.1261	0.12306	1395.9	1642.0	3.7652	1.1090	1.2998	538.37	0.038113	49.490	0.090506	vapor
1298.3	2.0000	8.1156	0.12322	1397.7	1644.2	3.7669	1.1092	1.3001	538.70	0.036643	49.533	0.090608	vapor
1300.0	2.0000	8.1052	0.12338	1399.6	1646.3	3.7686	1.1095	1.3004	539.04	0.035178	49.576	0.090710	vapor