Temperature (K)	Pressure (MPa)	Density (kg/m3)	Volume (m3/kg)	Internal Energy (kJ/kg)	Enthalpy (kJ/kg)	Entropy (J/g*K)	Cv (J/g*K)	Cp (J/g*K)	Sound Spd. (m/s)	Joule-Thomson (K/MPa)	Viscosity (uPa*s)	Therm. Cond. (W/m*K)	Phase
300.00	3.0000	63.376	0.015779	429.23	476.57	2.0274	0.74589	1.1623	245.13	10.859	15.543	0.019293	vapor
301.67	3.0000	62.751	0.015936	430.69	478.50	2.0338	0.74477	1.1537	246.34	10.697	15.622	0.019380	vapor
303.33	3.0000	62.145	0.016091	432.14	480.41	2.0402	0.74379	1.1456	247.53	10.540	15.701	0.019469	vapor
305.00	3.0000	61.556	0.016245	433.58	482.31	2.0464	0.74293	1.1380	248.70	10.385	15.779	0.019560	vapor
306.67	3.0000	60.982	0.016398	435.01	484.20	2.0526	0.74218	1.1309	249.86	10.235	15.858	0.019654	vapor
308.33	3.0000	60.425	0.016550	436.44	486.08	2.0587	0.74155	1.1243	251.00	10.088	15.937	0.019748	vapor
310.00	3.0000	59.881	0.016700	437.85	487.95	2.0647	0.74101	1.1181	252.12	9.9437	16.015	0.019845	vapor
311.67	3.0000	59.352	0.016849	439.26	489.81	2.0707	0.74057	1.1122	253.22	9.8031	16.094	0.019943	vapor
313.33	3.0000	58.835	0.016997	440.67	491.66	2.0766	0.74021	1.1067	254.32	9.6656	16.172	0.020043	vapor
315.00	3.0000	58.332	0.017143	442.07	493.50	2.0825	0.73994	1.1016	255.40	9.5311	16.251	0.020144	vapor
316.67	3.0000	57.840	0.017289	443.47	495.33	2.0883	0.73974	1.0967	256.46	9.3996	16.329	0.020246	vapor
318.33	3.0000	57.360	0.017434	444.85	497.16	2.0940	0.73961	1.0921	257.51	9.2708	16.408	0.020349	vapor
320.00	3.0000	56.890	0.017578	446.24	498.97	2.0997	0.73955	1.0878	258.56	9.1448	16.486	0.020454	vapor
321.67	3.0000	56.432	0.017721	447.62	500.78	2.1054	0.73956	1.0838	259.58	9.0213	16.564	0.020559	vapor
323.33	3.0000	55.983	0.017863	449.00	502.59	2.1110	0.73962	1.0799	260.60	8.9005	16.642	0.020666	vapor
325.00	3.0000	55.544	0.018004	450.37	504.38	2.1165	0.73974	1.0763	261.61	8.7821	16.720	0.020774	vapor
326.67	3.0000	55.114	0.018144	451.74	506.17	2.1220	0.73992	1.0729	262.60	8.6661	16.798	0.020882	vapor
328.33	3.0000	54.693	0.018284	453.11	507.96	2.1275	0.74014	1.0697	263.59	8.5524	16.876	0.020992	vapor
330.00	3.0000	54.281	0.018423	454.47	509.74	2.1329	0.74041	1.0667	264.56	8.4410	16.953	0.021102	vapor
331.67	3.0000	53.877	0.018561	455.83	511.51	2.1382	0.74073	1.0639	265.52	8.3318	17.031	0.021213	vapor
333.33	3.0000	53.481	0.018698	457.19	513.29	2.1436	0.74109	1.0612	266.48	8.2247	17.108	0.021325	vapor
335.00	3.0000	53.092	0.018835	458.55	515.05	2.1488	0.74148	1.0586	267.43	8.1197	17.186	0.021438	vapor
336.67	3.0000	52.711	0.018971	459.90	516.81	2.1541	0.74191	1.0562	268.36	8.0167	17.263	0.021551	vapor
338.33	3.0000	52.337	0.019107	461.25	518.57	2.1593	0.74237	1.0540	269.29	7.9157	17.340	0.021665	vapor
340.00	3.0000	51.970	0.019242	462.60	520.33	2.1645	0.74287	1.0518	270.21	7.8167	17.418	0.021780	vapor
341.67	3.0000	51.610	0.019376	463.95	522.08	2.1696	0.74340	1.0498	271.13	7.7195	17.495	0.021895	vapor
343.33	3.0000	51.256	0.019510	465.30	523.83	2.1747	0.74395	1.0480	272.03	7.6241	17.571	0.022011	vapor
345.00	3.0000	50.908	0.019643	466.64	525.57	2.1798	0.74453	1.0462	272.93	7.5305	17.648	0.022127	vapor
346.67	3.0000	50.567	0.019776	467.99	527.31	2.1848	0.74514	1.0445	273.82	7.4386	17.725	0.022244	vapor
348.33	3.0000	50.231	0.019908	469.33	529.05	2.1898	0.74577	1.0429	274.71	7.3484	17.802	0.022361	vapor
350.00	3.0000	49.901	0.020040	470.67	530.79	2.1948	0.74643	1.0414	275.58	7.2598	17.878	0.022479	vapor
351.67	3.0000	49.577	0.020171	472.01	532.53	2.1998	0.74710	1.0400	276.45	7.1729	17.955	0.022598	vapor
353.33	3.0000	49.257	0.020302	473.35	534.26	2.2047	0.74780	1.0387	277.32	7.0875	18.031	0.022717	vapor
355.00	3.0000	48.943	0.020432	474.69	535.99	2.2096	0.74851	1.0375	278.17	7.0037	18.107	0.022836	vapor
356.67	3.0000	48.634	0.020562	476.03	537.72	2.2144	0.74925	1.0364	279.03	6.9213	18.183	0.022956	vapor
358.33	3.0000	48.330	0.020691	477.37	539.44	2.2192	0.75000	1.0353	279.87	6.8404	18.259	0.023076	vapor
360.00	3.0000	48.031	0.020820	478.71	541.17	2.2240	0.75077	1.0343	280.71	6.7609	18.335	0.023196	vapor
361.67	3.0000	47.736	0.020949	480.04	542.89	2.2288	0.75155	1.0334	281.54	6.6827	18.411	0.023317	vapor
363.33	3.0000	47.446	0.021077	481.38	544.61	2.2336	0.75235	1.0325	282.37	6.6060	18.487	0.023439	vapor
365.00	3.0000	47.160	0.021205	482.72	546.33	2.2383	0.75316	1.0317	283.19	6.5305	18.562	0.023560	vapor
366.67	3.0000	46.878	0.021332	484.06	548.05	2.2430	0.75399	1.0309	284.01	6.4563	18.638	0.023683	vapor
368.33	3.0000	46.601	0.021459	485.39	549.77	2.2477	0.75483	1.0303	284.82	6.3834	18.713	0.023805	vapor
370.00	3.0000	46.327	0.021586	486.73	551.49	2.2523	0.75568	1.0296	285.63	6.3117	18.789	0.023928	vapor
371.67	3.0000	46.058	0.021712	488.06	553.20	2.2569	0.75655	1.0290	286.43	6.2413	18.864	0.024051	vapor
373.33	3.0000	45.792	0.021838	489.40	554.92	2.2615	0.75742	1.0285	287.23	6.1719	18.939	0.024174	vapor
375.00	3.0000	45.530	0.021964	490.74	556.63	2.2661	0.75831	1.0280	288.02	6.1038	19.014	0.024298	vapor
376.67	3.0000	45.271	0.022089	492.08	558.34	2.2707	0.75920	1.0276	288.81	6.0367	19.089	0.024422	vapor
378.33	3.0000	45.017	0.022214	493.41	560.05	2.2752	0.76011	1.0272	289.59	5.9708	19.163	0.024546	vapor
380.00	3.0000	44.765	0.022339	494.75	561.77	2.2797	0.76102	1.0269	290.37	5.9059	19.238	0.024671	vapor
381.67	3.0000	44.517	0.022463	496.09	563.48	2.2842	0.76194	1.0266	291.14	5.8420	19.313	0.024795	vapor
383.33	3.0000	44.273	0.022587	497.43	565.19	2.2887	0.76288	1.0263	291.91	5.7792	19.387	0.024920	vapor
385.00	3.0000	44.031	0.022711	498.76	566.90	2.2931	0.76381	1.0261	292.68	5.7174	19.462	0.025046	vapor
386.67	3.0000	43.793	0.022835	500.10	568.61	2.2976	0.76476	1.0259	293.44	5.6566	19.536	0.025171	vapor
388.33	3.0000	43.558	0.022958	501.44	570.32	2.3020	0.76571	1.0257	294.20	5.5967	19.610	0.025297	vapor
390.00	3.0000	43.326	0.023081	502.78	572.03	2.3064	0.76667	1.0256	294.95	5.5377	19.684	0.025423	vapor
391.67	3.0000	43.096	0.023204	504.13	573.74	2.3108	0.76764	1.0255	295.70	5.4797	19.758	0.025549	vapor
393.33	3.0000	42.870	0.023326	505.47	575.45	2.3151	0.76861	1.0254	296.44	5.4226	19.832	0.025676	vapor
395.00	3.0000	42.646	0.023449	506.81	577.15	2.3194	0.76959	1.0254	297.19	5.3663	19.905	0.025802	vapor
396.67	3.0000	42.426	0.023571	508.15	578.86	2.3238	0.77057	1.0254	297.92	5.3109	19.979	0.025929	vapor
398.33	3.0000	42.207	0.023692	509.50	580.57	2.3281	0.77156	1.0254	298.66	5.2564	20.053	0.026056	vapor
400.00	3.0000	41.992	0.023814	510.84	582.28	2.3323	0.77255	1.0255	299.39	5.2027	20.126	0.026183	vapor
401.67	3.0000	41.779	0.023935	512.18	583.99	2.3366	0.77354	1.0256	300.12	5.1498	20.199	0.026311	vapor
403.33	3.0000	41.569	0.024057	513.53	585.70	2.3409	0.77454	1.0257	300.84	5.0976	20.272	0.026438	vapor
405.00	3.0000	41.361	0.024177	514.88	587.41	2.3451	0.77555	1.0258	301.56	5.0463	20.346	0.026566	vapor
406.67	3.0000	41.155	0.024298	516.23	589.12	2.3493	0.77656	1.0259	302.28	4.9957	20.419	0.026694	vapor
408.33	3.0000	40.952	0.024419	517.57	590.83	2.3535	0.77757	1.0261	302.99	4.9459	20.491	0.026822	vapor
410.00	3.0000	40.752	0.024539	518.92	592.54	2.3577	0.77858	1.0263	303.70	4.8968	20.564	0.026950	vapor
411.67	3.0000	40.553	0.024659	520.27	594.25	2.3618	0.77960	1.0265	304.41	4.8484	20.637	0.027079	vapor
413.33	3.0000	40.357	0.024779	521.63	595.96	2.3660	0.78062	1.0268	305.11	4.8007	20.710	0.027207	vapor
415.00	3.0000	40.163	0.024899	522.98	597.67	2.3701	0.78164	1.0270	305.81	4.7537	20.782	0.027336	vapor
416.67	3.0000	39.971	0.025018	524.33	599.39	2.3742	0.78267	1.0273	306.51	4.7073	20.854	0.027465	vapor
418.33	3.0000	39.781	0.025137	525.69	601.10	2.3783	0.78369	1.0276	307.21	4.6616	20.927	0.027594	vapor
420.00	3.0000	39.594	0.025257	527.04	602.81	2.3824	0.78472	1.0279	307.90	4.6166	20.999	0.027723	vapor
421.67	3.0000	39.408	0.025375	528.40	604.52	2.3865	0.78575	1.0282	308.59	4.5722	21.071	0.027852	vapor
423.33	3.0000	39.224	0.025494	529.75	606.24	2.3906	0.78679	1.0285	309.28	4.5285	21.143	0.027981	vapor
425.00	3.0000	39.043	0.025613	531.11	607.95	2.3946	0.78782	1.0289	309.96	4.4853	21.215	0.028111	vapor
426.67	3.0000	38.863	0.025731	532.47	609.67	2.3986	0.78885	1.0293	310.64	4.4427	21.287	0.028240	vapor
428.33	3.0000	38.685	0.025850	533.83	611.38	2.4026	0.78989	1.0297	311.32	4.4007	21.358	0.028370	vapor
430.00	3.0000	38.509	0.025968	535.20	613.10	2.4066	0.79093	1.0301	312.00	4.3593	21.430	0.028500	vapor
431.67	3.0000	38.335	0.026086	536.56	614.82	2.4106	0.79197	1.0305	312.67	4.3185	21.501	0.028629	vapor
433.33	3.0000	38.163	0.026204	537.92	616.53	2.4146	0.79301	1.0309	313.34	4.2782	21.573	0.028759	vapor
435.00	3.0000	37.992	0.026321	539.29	618.25	2.4186	0.79405	1.0313	314.01	4.2385	21.644	0.028890	vapor
436.67	3.0000	37.823	0.026439	540.66	619.97	2.4225	0.79509	1.0318	314.67	4.1993	21.715	0.029020	vapor
438.33	3.0000	37.656	0.026556	542.02	621.69	2.4264	0.79613	1.0323	315.34	4.1606	21.786	0.029150	vapor
440.00	3.0000	37.491	0.026673	543.39	623.41	2.4303	0.79717	1.0327	316.00	4.1224	21.857	0.029280	vapor
441.67	3.0000	37.327	0.026790	544.76	625.13	2.4343	0.79821	1.0332	316.65	4.0848	21.928	0.029411	vapor
443.33	3.0000	37.164	0.026907	546.13	626.86	2.4381	0.79926	1.0337	317.31	4.0476	21.999	0.029541	vapor
445.00	3.0000	37.004	0.027024	547.51	628.58	2.4420	0.80030	1.0342	317.96	4.0109	22.069	0.029672	vapor
446.67	3.0000	36.845	0.027141	548.88	630.30	2.4459	0.80134	1.0347	318.61	3.9747	22.140	0.029802	vapor
448.33	3.0000	36.687	0.027257	550.26	632.03	2.4497	0.80238	1.0353	319.26	3.9390	22.210	0.029933	vapor
450.00	3.0000	36.531	0.027374	551.63	633.76	2.4536	0.80343	1.0358	319.91	3.9037	22.281	0.030063	vapor
451.67	3.0000	36.377	0.027490	553.01	635.48	2.4574	0.80447	1.0363	320.55	3.8689	22.351	0.030194	vapor
453.33	3.0000	36.224	0.027606	554.39	637.21	2.4612	0.80551	1.0369	321.20	3.8345	22.421	0.030325	vapor
455.00	3.0000	36.072	0.027722	555.77	638.94	2.4650	0.80655	1.0375	321.84	3.8006	22.491	0.030455	vapor
456.67	3.0000	35.922	0.027838	557.15	640.67	2.4688	0.80759	1.0380	322.47	3.7671	22.561	0.030584	vapor
458.33	3.0000	35.773	0.027954	558.54	642.40	2.4726	0.80863	1.0386	323.11	3.7340	22.631	0.030716	vapor
460.00	3.0000	35.625	0.028070	559.92	644.13	2.4764	0.80967	1.0392	323.74	3.7014	22.701	0.030848	vapor
461.67	3.0000	35.479	0.028185	561.31	645.86	2.4802	0.81071	1.0398	324.37	3.6691	22.770	0.030980	vapor
463.33	3.0000	35.335	0.028301	562.69	647.60	2.4839	0.81175	1.0404	325.00	3.6372	22.840	0.031111	vapor
465.00	3.0000	35.191	0.028416	564.08	649.33	2.4876	0.81279	1.0410	325.63	3.6058	22.909	0.031243	vapor
466.67	3.0000	35.049	0.028532	565.47	651.07	2.4914	0.81382	1.0416	326.25	3.5747	22.979	0.031375	vapor
468.33	3.0000	34.908	0.028647	566.86	652.80	2.4951	0.81486	1.0422	326.88	3.5440	23.048	0.031507	vapor
470.00	3.0000	34.768	0.028762	568.25	654.54	2.4988	0.81589	1.0428	327.50	3.5137	23.117	0.031639	vapor
471.67	3.0000	34.630	0.028877	569.65	656.28	2.5025	0.81693	1.0435	328.12	3.4837	23.186	0.031771	vapor
473.33	3.0000	34.493	0.028991	571.04	658.02	2.5062	0.81796	1.0441	328.74	3.4541	23.255	0.031903	vapor
475.00	3.0000	34.357	0.029106	572.44	659.76	2.5098	0.81899	1.0447	329.35	3.4249	23.324	0.032035	vapor
476.67	3.0000	34.222	0.029221	573.84	661.50	2.5135	0.82002	1.0454	329.97	3.3960	23.393	0.032167	vapor
478.33	3.0000	34.089	0.029335	575.24	663.24	2.5171	0.82105	1.0460	330.58	3.3674	23.461	0.032299	vapor
480.00	3.0000	33.956	0.029450	576.64	664.99	2.5208	0.82207	1.0467	331.19	3.3392	23.530	0.032431	vapor
481.67	3.0000	33.825	0.029564	578.04	666.73	2.5244	0.82310	1.0473	331.80	3.3113	23.599	0.032564	vapor
483.33	3.0000	33.695	0.029678	579.44	668.48	2.5280	0.82413	1.0480	332.40	3.2838	23.667	0.032696	vapor
485.00	3.0000	33.565	0.029793	580.85	670.23	2.5316	0.82515	1.0487	333.01	3.2566	23.735	0.032828	vapor
486.67	3.0000	33.437	0.029907	582.25	671.97	2.5352	0.82617	1.0493	333.61	3.2296	23.803	0.032960	vapor
488.33	3.0000	33.310	0.030021	583.66	673.72	2.5388	0.82719	1.0500	334.21	3.2030	23.872	0.033093	vapor
490.00	3.0000	33.185	0.030135	585.07	675.47	2.5424	0.82821	1.0507	334.81	3.1767	23.940	0.033225	vapor
491.67	3.0000	33.060	0.030248	586.48	677.23	2.5460	0.82923	1.0514	335.41	3.1508	24.007	0.033357	vapor
493.33	3.0000	32.936	0.030362	587.89	678.98	2.5495	0.83024	1.0521	336.00	3.1251	24.075	0.033490	vapor
495.00	3.0000	32.813	0.030476	589.31	680.73	2.5531	0.83126	1.0528	336.60	3.0997	24.143	0.033622	vapor
496.67	3.0000	32.691	0.030589	590.72	682.49	2.5566	0.83227	1.0535	337.19	3.0745	24.211	0.033754	vapor
498.33	3.0000	32.570	0.030703	592.14	684.24	2.5601	0.83328	1.0542	337.78	3.0497	24.278	0.033887	vapor
500.00	3.0000	32.451	0.030816	593.55	686.00	2.5637	0.83429	1.0549	338.37	3.0251	24.346	0.034019	vapor
501.67	3.0000	32.332	0.030929	594.97	687.76	2.5672	0.83530	1.0556	338.96	3.0009	24.413	0.034152	vapor
503.33	3.0000	32.214	0.031043	596.39	689.52	2.5707	0.83630	1.0563	339.55	2.9768	24.480	0.034284	vapor
505.00	3.0000	32.097	0.031156	597.81	691.28	2.5742	0.83731	1.0570	340.13	2.9531	24.547	0.034416	vapor
506.67	3.0000	31.981	0.031269	599.24	693.04	2.5777	0.83831	1.0577	340.72	2.9296	24.615	0.034549	vapor
508.33	3.0000	31.865	0.031382	600.66	694.81	2.5811	0.83931	1.0584	341.30	2.9064	24.682	0.034681	vapor
510.00	3.0000	31.751	0.031495	602.09	696.57	2.5846	0.84031	1.0591	341.88	2.8834	24.748	0.034814	vapor
511.67	3.0000	31.638	0.031608	603.51	698.34	2.5881	0.84131	1.0598	342.46	2.8607	24.815	0.034946	vapor
513.33	3.0000	31.525	0.031721	604.94	700.10	2.5915	0.84230	1.0606	343.03	2.8382	24.882	0.035079	vapor
515.00	3.0000	31.414	0.031833	606.37	701.87	2.5949	0.84330	1.0613	343.61	2.8160	24.949	0.035211	vapor
516.67	3.0000	31.303	0.031946	607.80	703.64	2.5984	0.84429	1.0620	344.18	2.7940	25.015	0.035343	vapor
518.33	3.0000	31.193	0.032059	609.24	705.41	2.6018	0.84528	1.0627	344.76	2.7722	25.082	0.035476	vapor
520.00	3.0000	31.084	0.032171	610.67	707.18	2.6052	0.84626	1.0635	345.33	2.7507	25.148	0.035608	vapor
521.67	3.0000	30.976	0.032284	612.11	708.96	2.6086	0.84725	1.0642	345.90	2.7294	25.214	0.035741	vapor
523.33	3.0000	30.868	0.032396	613.54	710.73	2.6120	0.84823	1.0649	346.47	2.7083	25.280	0.035873	vapor
525.00	3.0000	30.761	0.032508	614.98	712.51	2.6154	0.84921	1.0656	347.04	2.6874	25.346	0.036006	vapor
526.67	3.0000	30.656	0.032620	616.42	714.28	2.6188	0.85019	1.0664	347.60	2.6668	25.412	0.036138	vapor
528.33	3.0000	30.551	0.032733	617.86	716.06	2.6221	0.85117	1.0671	348.17	2.6464	25.478	0.036270	vapor
530.00	3.0000	30.446	0.032845	619.31	717.84	2.6255	0.85215	1.0679	348.73	2.6262	25.544	0.036403	vapor
531.67	3.0000	30.343	0.032957	620.75	719.62	2.6289	0.85312	1.0686	349.29	2.6061	25.610	0.036535	vapor
533.33	3.0000	30.240	0.033069	622.20	721.40	2.6322	0.85409	1.0693	349.85	2.5864	25.676	0.036668	vapor
535.00	3.0000	30.138	0.033181	623.64	723.19	2.6355	0.85506	1.0701	350.41	2.5668	25.741	0.036800	vapor
536.67	3.0000	30.037	0.033293	625.09	724.97	2.6389	0.85603	1.0708	350.97	2.5474	25.807	0.036932	vapor
538.33	3.0000	29.936	0.033405	626.54	726.76	2.6422	0.85699	1.0716	351.52	2.5282	25.872	0.037065	vapor
540.00	3.0000	29.836	0.033516	627.99	728.54	2.6455	0.85796	1.0723	352.08	2.5092	25.937	0.037197	vapor
541.67	3.0000	29.737	0.033628	629.45	730.33	2.6488	0.85892	1.0730	352.63	2.4903	26.002	0.037329	vapor
543.33	3.0000	29.639	0.033740	630.90	732.12	2.6521	0.85988	1.0738	353.19	2.4717	26.067	0.037462	vapor
545.00	3.0000	29.541	0.033851	632.35	733.91	2.6554	0.86083	1.0745	353.74	2.4533	26.132	0.037594	vapor
546.67	3.0000	29.444	0.033963	633.81	735.70	2.6587	0.86179	1.0753	354.29	2.4350	26.197	0.037726	vapor
548.33	3.0000	29.348	0.034074	635.27	737.49	2.6620	0.86274	1.0760	354.84	2.4170	26.262	0.037858	vapor
550.00	3.0000	29.252	0.034186	636.73	739.29	2.6652	0.86369	1.0768	355.39	2.3991	26.327	0.037990	vapor
551.67	3.0000	29.157	0.034297	638.19	741.08	2.6685	0.86464	1.0775	355.93	2.3814	26.392	0.038123	vapor
553.33	3.0000	29.063	0.034409	639.65	742.88	2.6717	0.86558	1.0783	356.48	2.3638	26.456	0.038255	vapor
555.00	3.0000	28.969	0.034520	641.12	744.68	2.6750	0.86653	1.0790	357.02	2.3464	26.521	0.038387	vapor
556.67	3.0000	28.876	0.034631	642.58	746.48	2.6782	0.86747	1.0798	357.57	2.3292	26.585	0.038519	vapor
558.33	3.0000	28.783	0.034742	644.05	748.28	2.6814	0.86841	1.0805	358.11	2.3122	26.650	0.038651	vapor
560.00	3.0000	28.692	0.034853	645.52	750.08	2.6847	0.86935	1.0813	358.65	2.2953	26.714	0.038783	vapor
561.67	3.0000	28.600	0.034965	646.99	751.88	2.6879	0.87028	1.0820	359.19	2.2786	26.778	0.038915	vapor
563.33	3.0000	28.510	0.035076	648.46	753.68	2.6911	0.87122	1.0828	359.73	2.2621	26.842	0.039047	vapor
565.00	3.0000	28.420	0.035187	649.93	755.49	2.6943	0.87215	1.0835	360.26	2.2457	26.906	0.039179	vapor
566.67	3.0000	28.331	0.035298	651.40	757.30	2.6975	0.87308	1.0843	360.80	2.2294	26.970	0.039311	vapor
568.33	3.0000	28.242	0.035408	652.88	759.10	2.7007	0.87400	1.0850	361.33	2.2134	27.034	0.039443	vapor
570.00	3.0000	28.154	0.035519	654.35	760.91	2.7038	0.87493	1.0858	361.87	2.1974	27.097	0.039575	vapor
571.67	3.0000	28.066	0.035630	655.83	762.72	2.7070	0.87585	1.0865	362.40	2.1816	27.161	0.039707	vapor
573.33	3.0000	27.979	0.035741	657.31	764.53	2.7102	0.87677	1.0873	362.93	2.1660	27.225	0.039838	vapor
575.00	3.0000	27.893	0.035852	658.79	766.35	2.7133	0.87769	1.0880	363.46	2.1505	27.288	0.039970	vapor
576.67	3.0000	27.807	0.035962	660.27	768.16	2.7165	0.87860	1.0888	363.99	2.1352	27.352	0.040102	vapor
578.33	3.0000	27.722	0.036073	661.76	769.98	2.7196	0.87951	1.0895	364.52	2.1200	27.415	0.040233	vapor
580.00	3.0000	27.637	0.036184	663.24	771.79	2.7228	0.88042	1.0902	365.05	2.1049	27.478	0.040365	vapor
581.67	3.0000	27.553	0.036294	664.73	773.61	2.7259	0.88133	1.0910	365.58	2.0900	27.541	0.040497	vapor
583.33	3.0000	27.469	0.036405	666.22	775.43	2.7290	0.88224	1.0917	366.10	2.0752	27.604	0.040628	vapor
585.00	3.0000	27.386	0.036515	667.70	777.25	2.7321	0.88314	1.0925	366.63	2.0606	27.667	0.040760	vapor
586.67	3.0000	27.303	0.036625	669.19	779.07	2.7352	0.88405	1.0932	367.15	2.0460	27.730	0.040891	vapor
588.33	3.0000	27.221	0.036736	670.69	780.89	2.7383	0.88495	1.0940	367.67	2.0317	27.793	0.041023	vapor
590.00	3.0000	27.140	0.036846	672.18	782.72	2.7414	0.88584	1.0947	368.19	2.0174	27.856	0.041154	vapor
591.67	3.0000	27.059	0.036956	673.67	784.54	2.7445	0.88674	1.0955	368.71	2.0033	27.919	0.041286	vapor
593.33	3.0000	26.978	0.037067	675.17	786.37	2.7476	0.88763	1.0962	369.23	1.9893	27.981	0.041417	vapor
595.00	3.0000	26.898	0.037177	676.67	788.20	2.7507	0.88852	1.0970	369.75	1.9754	28.044	0.041548	vapor
596.67	3.0000	26.819	0.037287	678.16	790.03	2.7538	0.88941	1.0977	370.27	1.9616	28.106	0.041680	vapor
598.33	3.0000	26.740	0.037397	679.66	791.86	2.7568	0.89030	1.0984	370.78	1.9480	28.168	0.041811	vapor
600.00	3.0000	26.661	0.037507	681.16	793.69	2.7599	0.89118	1.0992	371.30	1.9345	28.231	0.041942	vapor
601.67	3.0000	26.583	0.037618	682.67	795.52	2.7629	0.89206	1.0999	371.81	1.9211	28.293	0.042073	vapor
603.33	3.0000	26.506	0.037728	684.17	797.35	2.7660	0.89294	1.1007	372.33	1.9078	28.355	0.042204	vapor
605.00	3.0000	26.429	0.037838	685.68	799.19	2.7690	0.89382	1.1014	372.84	1.8947	28.417	0.042335	vapor
606.67	3.0000	26.352	0.037948	687.18	801.02	2.7720	0.89470	1.1022	373.35	1.8816	28.479	0.042466	vapor
608.33	3.0000	26.276	0.038057	688.69	802.86	2.7751	0.89557	1.1029	373.86	1.8687	28.541	0.042597	vapor
610.00	3.0000	26.200	0.038167	690.20	804.70	2.7781	0.89644	1.1036	374.37	1.8559	28.603	0.042728	vapor
611.67	3.0000	26.125	0.038277	691.71	806.54	2.7811	0.89731	1.1044	374.88	1.8431	28.664	0.042859	vapor
613.33	3.0000	26.050	0.038387	693.22	808.38	2.7841	0.89817	1.1051	375.39	1.8305	28.726	0.042990	vapor
615.00	3.0000	25.976	0.038497	694.73	810.22	2.7871	0.89904	1.1058	375.89	1.8180	28.788	0.043120	vapor
616.67	3.0000	25.902	0.038607	696.25	812.07	2.7901	0.89990	1.1066	376.40	1.8057	28.849	0.043251	vapor
618.33	3.0000	25.829	0.038716	697.76	813.91	2.7931	0.90076	1.1073	376.90	1.7934	28.911	0.043382	vapor
620.00	3.0000	25.756	0.038826	699.28	815.76	2.7961	0.90162	1.1080	377.41	1.7812	28.972	0.043512	vapor
621.67	3.0000	25.683	0.038936	700.80	817.61	2.7990	0.90247	1.1088	377.91	1.7691	29.033	0.043643	vapor
623.33	3.0000	25.611	0.039045	702.32	819.46	2.8020	0.90333	1.1095	378.41	1.7571	29.094	0.043773	vapor
625.00	3.0000	25.540	0.039155	703.84	821.30	2.8050	0.90418	1.1102	378.92	1.7453	29.156	0.043904	vapor
626.67	3.0000	25.468	0.039264	705.36	823.16	2.8079	0.90503	1.1110	379.42	1.7335	29.217	0.044034	vapor
628.33	3.0000	25.397	0.039374	706.89	825.01	2.8109	0.90587	1.1117	379.92	1.7218	29.278	0.044164	vapor
630.00	3.0000	25.327	0.039483	708.41	826.86	2.8138	0.90672	1.1124	380.41	1.7102	29.338	0.044295	vapor
631.67	3.0000	25.257	0.039593	709.94	828.72	2.8168	0.90756	1.1131	380.91	1.6988	29.399	0.044425	vapor
633.33	3.0000	25.187	0.039702	711.46	830.57	2.8197	0.90840	1.1139	381.41	1.6874	29.460	0.044555	vapor
635.00	3.0000	25.118	0.039812	712.99	832.43	2.8226	0.90923	1.1146	381.91	1.6761	29.521	0.044685	vapor
636.67	3.0000	25.049	0.039921	714.52	834.29	2.8256	0.91007	1.1153	382.40	1.6649	29.581	0.044815	vapor
638.33	3.0000	24.981	0.040031	716.06	836.15	2.8285	0.91090	1.1160	382.90	1.6537	29.642	0.044945	vapor
640.00	3.0000	24.913	0.040140	717.59	838.01	2.8314	0.91173	1.1168	383.39	1.6427	29.702	0.045075	vapor
641.67	3.0000	24.845	0.040249	719.12	839.87	2.8343	0.91256	1.1175	383.88	1.6318	29.763	0.045205	vapor
643.33	3.0000	24.778	0.040358	720.66	841.73	2.8372	0.91339	1.1182	384.38	1.6209	29.823	0.045335	vapor
645.00	3.0000	24.711	0.040468	722.19	843.60	2.8401	0.91421	1.1189	384.87	1.6102	29.883	0.045465	vapor
646.67	3.0000	24.645	0.040577	723.73	845.46	2.8430	0.91503	1.1196	385.36	1.5995	29.943	0.045595	vapor
648.33	3.0000	24.578	0.040686	725.27	847.33	2.8458	0.91585	1.1204	385.85	1.5889	30.003	0.045724	vapor
650.00	3.0000	24.513	0.040795	726.81	849.20	2.8487	0.91667	1.1211	386.34	1.5784	30.063	0.045854	vapor
651.67	3.0000	24.447	0.040904	728.35	851.07	2.8516	0.91749	1.1218	386.82	1.5680	30.123	0.045983	vapor
653.33	3.0000	24.382	0.041013	729.90	852.94	2.8545	0.91830	1.1225	387.31	1.5577	30.183	0.046113	vapor
655.00	3.0000	24.318	0.041123	731.44	854.81	2.8573	0.91911	1.1232	387.80	1.5474	30.243	0.046242	vapor
656.67	3.0000	24.253	0.041232	732.99	856.68	2.8602	0.91992	1.1239	388.28	1.5372	30.303	0.046372	vapor
658.33	3.0000	24.189	0.041341	734.53	858.55	2.8630	0.92073	1.1246	388.77	1.5272	30.362	0.046501	vapor
660.00	3.0000	24.126	0.041450	736.08	860.43	2.8659	0.92153	1.1253	389.25	1.5171	30.422	0.046630	vapor
661.67	3.0000	24.062	0.041559	737.63	862.31	2.8687	0.92233	1.1260	389.74	1.5072	30.481	0.046760	vapor
663.33	3.0000	24.000	0.041667	739.18	864.18	2.8715	0.92313	1.1267	390.22	1.4973	30.541	0.046889	vapor
665.00	3.0000	23.937	0.041776	740.73	866.06	2.8744	0.92393	1.1274	390.70	1.4876	30.600	0.047018	vapor
666.67	3.0000	23.875	0.041885	742.28	867.94	2.8772	0.92473	1.1282	391.18	1.4778	30.659	0.047147	vapor
668.33	3.0000	23.813	0.041994	743.84	869.82	2.8800	0.92552	1.1289	391.66	1.4682	30.719	0.047276	vapor
670.00	3.0000	23.751	0.042103	745.39	871.70	2.8828	0.92631	1.1296	392.14	1.4586	30.778	0.047405	vapor
671.67	3.0000	23.690	0.042212	746.95	873.59	2.8856	0.92710	1.1303	392.62	1.4492	30.837	0.047534	vapor
673.33	3.0000	23.629	0.042321	748.51	875.47	2.8884	0.92789	1.1309	393.10	1.4397	30.896	0.047662	vapor
675.00	3.0000	23.569	0.042429	750.07	877.36	2.8912	0.92868	1.1316	393.58	1.4304	30.955	0.047791	vapor
676.67	3.0000	23.508	0.042538	751.63	879.24	2.8940	0.92946	1.1323	394.05	1.4211	31.014	0.047920	vapor
678.33	3.0000	23.448	0.042647	753.19	881.13	2.8968	0.93024	1.1330	394.53	1.4119	31.072	0.048048	vapor
680.00	3.0000	23.389	0.042756	754.75	883.02	2.8996	0.93102	1.1337	395.00	1.4028	31.131	0.048177	vapor
681.67	3.0000	23.329	0.042864	756.32	884.91	2.9024	0.93180	1.1344	395.48	1.3937	31.190	0.048305	vapor
683.33	3.0000	23.270	0.042973	757.88	886.80	2.9051	0.93257	1.1351	395.95	1.3847	31.248	0.048434	vapor
685.00	3.0000	23.212	0.043082	759.45	888.69	2.9079	0.93334	1.1358	396.43	1.3758	31.307	0.048562	vapor
686.67	3.0000	23.153	0.043190	761.02	890.59	2.9107	0.93411	1.1365	396.90	1.3669	31.365	0.048690	vapor
688.33	3.0000	23.095	0.043299	762.59	892.48	2.9134	0.93488	1.1372	397.37	1.3581	31.424	0.048818	vapor
690.00	3.0000	23.038	0.043407	764.16	894.38	2.9162	0.93565	1.1379	397.84	1.3494	31.482	0.048946	vapor
691.67	3.0000	22.980	0.043516	765.73	896.27	2.9189	0.93641	1.1385	398.31	1.3407	31.540	0.049075	vapor
693.33	3.0000	22.923	0.043624	767.30	898.17	2.9217	0.93717	1.1392	398.78	1.3321	31.599	0.049203	vapor
695.00	3.0000	22.866	0.043733	768.87	900.07	2.9244	0.93793	1.1399	399.25	1.3236	31.657	0.049330	vapor
696.67	3.0000	22.810	0.043841	770.45	901.97	2.9271	0.93869	1.1406	399.72	1.3151	31.715	0.049458	vapor
698.33	3.0000	22.753	0.043950	772.02	903.87	2.9299	0.93945	1.1413	400.19	1.3067	31.773	0.049586	vapor
700.00	3.0000	22.697	0.044058	773.60	905.78	2.9326	0.94020	1.1419	400.65	1.2983	31.831	0.049714	vapor
701.67	3.0000	22.641	0.044167	775.18	907.68	2.9353	0.94095	1.1426	401.12	1.2900	31.889	0.049841	vapor
703.33	3.0000	22.586	0.044275	776.76	909.59	2.9380	0.94170	1.1433	401.59	1.2818	31.946	0.049969	vapor
705.00	3.0000	22.531	0.044383	778.34	911.49	2.9407	0.94245	1.1439	402.05	1.2736	32.004	0.050097	vapor
706.67	3.0000	22.476	0.044492	779.92	913.40	2.9434	0.94319	1.1446	402.51	1.2655	32.062	0.050224	vapor
708.33	3.0000	22.421	0.044600	781.51	915.31	2.9461	0.94394	1.1453	402.98	1.2574	32.119	0.050351	vapor
710.00	3.0000	22.367	0.044708	783.09	917.22	2.9488	0.94468	1.1460	403.44	1.2494	32.177	0.050479	vapor
711.67	3.0000	22.313	0.044817	784.68	919.13	2.9515	0.94542	1.1466	403.90	1.2415	32.234	0.050606	vapor
713.33	3.0000	22.259	0.044925	786.26	921.04	2.9542	0.94615	1.1473	404.36	1.2336	32.292	0.050733	vapor
715.00	3.0000	22.206	0.045033	787.85	922.95	2.9569	0.94689	1.1479	404.83	1.2258	32.349	0.050860	vapor
716.67	3.0000	22.153	0.045142	789.44	924.86	2.9595	0.94762	1.1486	405.29	1.2180	32.407	0.050987	vapor
718.33	3.0000	22.100	0.045250	791.03	926.78	2.9622	0.94835	1.1493	405.75	1.2103	32.464	0.051114	vapor
720.00	3.0000	22.047	0.045358	792.62	928.70	2.9649	0.94908	1.1499	406.21	1.2026	32.521	0.051241	vapor
721.67	3.0000	21.994	0.045466	794.21	930.61	2.9675	0.94981	1.1506	406.66	1.1950	32.578	0.051368	vapor
723.33	3.0000	21.942	0.045574	795.81	932.53	2.9702	0.95053	1.1512	407.12	1.1874	32.635	0.051495	vapor
725.00	3.0000	21.890	0.045683	797.40	934.45	2.9728	0.95125	1.1519	407.58	1.1799	32.692	0.051622	vapor
726.67	3.0000	21.839	0.045791	799.00	936.37	2.9755	0.95197	1.1526	408.04	1.1724	32.749	0.051748	vapor
728.33	3.0000	21.787	0.045899	800.60	938.29	2.9781	0.95269	1.1532	408.49	1.1650	32.806	0.051875	vapor
730.00	3.0000	21.736	0.046007	802.19	940.21	2.9807	0.95341	1.1539	408.95	1.1577	32.863	0.052001	vapor
731.67	3.0000	21.685	0.046115	803.79	942.14	2.9834	0.95412	1.1545	409.40	1.1504	32.919	0.052128	vapor
733.33	3.0000	21.634	0.046223	805.39	944.06	2.9860	0.95484	1.1552	409.86	1.1431	32.976	0.052254	vapor
735.00	3.0000	21.584	0.046331	807.00	945.99	2.9886	0.95555	1.1558	410.31	1.1359	33.032	0.052380	vapor
736.67	3.0000	21.534	0.046439	808.60	947.92	2.9912	0.95626	1.1564	410.76	1.1287	33.089	0.052506	vapor
738.33	3.0000	21.484	0.046547	810.20	949.84	2.9939	0.95696	1.1571	411.21	1.1216	33.145	0.052633	vapor
740.00	3.0000	21.434	0.046655	811.81	951.77	2.9965	0.95767	1.1577	411.67	1.1146	33.202	0.052759	vapor
741.67	3.0000	21.384	0.046763	813.41	953.70	2.9991	0.95837	1.1584	412.12	1.1075	33.258	0.052885	vapor
743.33	3.0000	21.335	0.046871	815.02	955.63	3.0017	0.95907	1.1590	412.57	1.1006	33.315	0.053011	vapor
745.00	3.0000	21.286	0.046979	816.63	957.57	3.0043	0.95977	1.1596	413.02	1.0937	33.371	0.053136	vapor
746.67	3.0000	21.237	0.047087	818.24	959.50	3.0069	0.96047	1.1603	413.47	1.0868	33.427	0.053262	vapor
748.33	3.0000	21.189	0.047195	819.85	961.43	3.0095	0.96116	1.1609	413.92	1.0800	33.483	0.053388	vapor
750.00	3.0000	21.140	0.047303	821.46	963.37	3.0120	0.96185	1.1615	414.36	1.0732	33.539	0.053514	vapor
751.67	3.0000	21.092	0.047411	823.07	965.31	3.0146	0.96255	1.1622	414.81	1.0664	33.595	0.053639	vapor
753.33	3.0000	21.044	0.047518	824.69	967.24	3.0172	0.96323	1.1628	415.26	1.0597	33.651	0.053765	vapor
755.00	3.0000	20.997	0.047626	826.30	969.18	3.0198	0.96392	1.1634	415.70	1.0531	33.707	0.053890	vapor
756.67	3.0000	20.949	0.047734	827.92	971.12	3.0223	0.96461	1.1641	416.15	1.0465	33.763	0.054015	vapor
758.33	3.0000	20.902	0.047842	829.54	973.06	3.0249	0.96529	1.1647	416.60	1.0399	33.818	0.054141	vapor
760.00	3.0000	20.855	0.047950	831.15	975.00	3.0274	0.96597	1.1653	417.04	1.0334	33.874	0.054266	vapor
761.67	3.0000	20.808	0.048058	832.77	976.95	3.0300	0.96665	1.1659	417.49	1.0269	33.930	0.054391	vapor
763.33	3.0000	20.762	0.048165	834.39	978.89	3.0326	0.96733	1.1666	417.93	1.0205	33.985	0.054516	vapor
765.00	3.0000	20.715	0.048273	836.02	980.83	3.0351	0.96800	1.1672	418.37	1.0141	34.041	0.054641	vapor
766.67	3.0000	20.669	0.048381	837.64	982.78	3.0376	0.96868	1.1678	418.81	1.0078	34.096	0.054766	vapor
768.33	3.0000	20.623	0.048489	839.26	984.73	3.0402	0.96935	1.1684	419.26	1.0014	34.152	0.054891	vapor
770.00	3.0000	20.578	0.048596	840.89	986.68	3.0427	0.97002	1.1690	419.70	0.99517	34.207	0.055015	vapor
771.67	3.0000	20.532	0.048704	842.51	988.62	3.0452	0.97068	1.1696	420.14	0.98894	34.262	0.055140	vapor
773.33	3.0000	20.487	0.048812	844.14	990.57	3.0478	0.97135	1.1703	420.58	0.98275	34.318	0.055265	vapor
775.00	3.0000	20.442	0.048919	845.77	992.52	3.0503	0.97201	1.1709	421.02	0.97660	34.373	0.055389	vapor
776.67	3.0000	20.397	0.049027	847.40	994.48	3.0528	0.97268	1.1715	421.46	0.97049	34.428	0.055514	vapor
778.33	3.0000	20.352	0.049135	849.03	996.43	3.0553	0.97334	1.1721	421.90	0.96442	34.483	0.055638	vapor
780.00	3.0000	20.308	0.049242	850.66	998.38	3.0578	0.97399	1.1727	422.33	0.95839	34.538	0.055762	vapor
781.67	3.0000	20.263	0.049350	852.29	1000.3	3.0603	0.97465	1.1733	422.77	0.95239	34.593	0.055887	vapor
783.33	3.0000	20.219	0.049457	853.92	1002.3	3.0628	0.97531	1.1739	423.21	0.94643	34.648	0.056011	vapor
785.00	3.0000	20.176	0.049565	855.56	1004.3	3.0653	0.97596	1.1745	423.65	0.94051	34.702	0.056135	vapor
786.67	3.0000	20.132	0.049673	857.19	1006.2	3.0678	0.97661	1.1751	424.08	0.93463	34.757	0.056259	vapor
788.33	3.0000	20.088	0.049780	858.83	1008.2	3.0703	0.97726	1.1757	424.52	0.92878	34.812	0.056383	vapor
790.00	3.0000	20.045	0.049888	860.47	1010.1	3.0728	0.97791	1.1763	424.95	0.92297	34.867	0.056507	vapor
791.67	3.0000	20.002	0.049995	862.10	1012.1	3.0753	0.97855	1.1769	425.39	0.91720	34.921	0.056630	vapor
793.33	3.0000	19.959	0.050103	863.74	1014.1	3.0777	0.97919	1.1775	425.82	0.91146	34.976	0.056754	vapor
795.00	3.0000	19.916	0.050210	865.38	1016.0	3.0802	0.97984	1.1781	426.25	0.90576	35.030	0.056878	vapor
796.67	3.0000	19.874	0.050318	867.03	1018.0	3.0827	0.98048	1.1787	426.69	0.90009	35.085	0.057001	vapor
798.33	3.0000	19.831	0.050425	868.67	1019.9	3.0851	0.98111	1.1793	427.12	0.89446	35.139	0.057125	vapor
800.00	3.0000	19.789	0.050533	870.31	1021.9	3.0876	0.98175	1.1799	427.55	0.88886	35.193	0.057248	vapor
801.67	3.0000	19.747	0.050640	871.96	1023.9	3.0901	0.98238	1.1804	427.98	0.88330	35.248	0.057372	vapor
803.33	3.0000	19.705	0.050748	873.60	1025.8	3.0925	0.98302	1.1810	428.41	0.87777	35.302	0.057495	vapor
805.00	3.0000	19.664	0.050855	875.25	1027.8	3.0950	0.98365	1.1816	428.84	0.87227	35.356	0.057618	vapor
806.67	3.0000	19.622	0.050962	876.90	1029.8	3.0974	0.98428	1.1822	429.27	0.86681	35.410	0.057741	vapor
808.33	3.0000	19.581	0.051070	878.54	1031.8	3.0998	0.98490	1.1828	429.70	0.86138	35.464	0.057864	vapor
810.00	3.0000	19.540	0.051177	880.19	1033.7	3.1023	0.98553	1.1834	430.13	0.85598	35.518	0.057987	vapor
811.67	3.0000	19.499	0.051285	881.84	1035.7	3.1047	0.98615	1.1839	430.56	0.85062	35.572	0.058110	vapor
813.33	3.0000	19.458	0.051392	883.50	1037.7	3.1071	0.98677	1.1845	430.99	0.84529	35.626	0.058233	vapor
815.00	3.0000	19.418	0.051499	885.15	1039.6	3.1096	0.98739	1.1851	431.42	0.83999	35.680	0.058355	vapor
816.67	3.0000	19.377	0.051607	886.80	1041.6	3.1120	0.98801	1.1857	431.84	0.83472	35.734	0.058478	vapor
818.33	3.0000	19.337	0.051714	888.46	1043.6	3.1144	0.98863	1.1862	432.27	0.82948	35.787	0.058601	vapor
820.00	3.0000	19.297	0.051821	890.11	1045.6	3.1168	0.98924	1.1868	432.70	0.82428	35.841	0.058723	vapor
821.67	3.0000	19.257	0.051929	891.77	1047.6	3.1192	0.98985	1.1874	433.12	0.81910	35.895	0.058846	vapor
823.33	3.0000	19.217	0.052036	893.43	1049.5	3.1216	0.99047	1.1879	433.55	0.81396	35.948	0.058968	vapor
825.00	3.0000	19.178	0.052143	895.09	1051.5	3.1240	0.99108	1.1885	433.97	0.80884	36.002	0.059090	vapor
826.67	3.0000	19.139	0.052251	896.74	1053.5	3.1264	0.99168	1.1891	434.40	0.80376	36.055	0.059212	vapor
828.33	3.0000	19.099	0.052358	898.41	1055.5	3.1288	0.99229	1.1896	434.82	0.79871	36.109	0.059335	vapor
830.00	3.0000	19.060	0.052465	900.07	1057.5	3.1312	0.99289	1.1902	435.24	0.79368	36.162	0.059457	vapor
831.67	3.0000	19.021	0.052572	901.73	1059.4	3.1336	0.99349	1.1908	435.66	0.78869	36.216	0.059579	vapor
833.33	3.0000	18.983	0.052679	903.39	1061.4	3.1360	0.99410	1.1913	436.09	0.78372	36.269	0.059700	vapor
835.00	3.0000	18.944	0.052787	905.06	1063.4	3.1384	0.99469	1.1919	436.51	0.77879	36.322	0.059822	vapor
836.67	3.0000	18.906	0.052894	906.72	1065.4	3.1408	0.99529	1.1924	436.93	0.77388	36.375	0.059944	vapor
838.33	3.0000	18.868	0.053001	908.39	1067.4	3.1431	0.99589	1.1930	437.35	0.76900	36.428	0.060066	vapor
840.00	3.0000	18.829	0.053108	910.06	1069.4	3.1455	0.99648	1.1936	437.77	0.76415	36.481	0.060187	vapor
841.67	3.0000	18.792	0.053215	911.72	1071.4	3.1479	0.99707	1.1941	438.19	0.75932	36.534	0.060309	vapor
843.33	3.0000	18.754	0.053323	913.39	1073.4	3.1502	0.99766	1.1947	438.61	0.75453	36.587	0.060430	vapor
845.00	3.0000	18.716	0.053430	915.06	1075.4	3.1526	0.99825	1.1952	439.03	0.74976	36.640	0.060552	vapor
846.67	3.0000	18.679	0.053537	916.73	1077.3	3.1549	0.99884	1.1958	439.45	0.74502	36.693	0.060673	vapor
848.33	3.0000	18.641	0.053644	918.41	1079.3	3.1573	0.99942	1.1963	439.87	0.74031	36.746	0.060794	vapor
850.00	3.0000	18.604	0.053751	920.08	1081.3	3.1596	1.0000	1.1969	440.28	0.73562	36.799	0.060915	vapor
851.67	3.0000	18.567	0.053858	921.75	1083.3	3.1620	1.0006	1.1974	440.70	0.73096	36.851	0.061036	vapor
853.33	3.0000	18.530	0.053965	923.43	1085.3	3.1643	1.0012	1.1979	441.12	0.72633	36.904	0.061157	vapor
855.00	3.0000	18.494	0.054073	925.10	1087.3	3.1667	1.0017	1.1985	441.53	0.72172	36.957	0.061278	vapor
856.67	3.0000	18.457	0.054180	926.78	1089.3	3.1690	1.0023	1.1990	441.95	0.71714	37.009	0.061399	vapor
858.33	3.0000	18.421	0.054287	928.46	1091.3	3.1713	1.0029	1.1996	442.36	0.71258	37.062	0.061520	vapor
860.00	3.0000	18.384	0.054394	930.14	1093.3	3.1737	1.0035	1.2001	442.78	0.70805	37.114	0.061640	vapor
861.67	3.0000	18.348	0.054501	931.82	1095.3	3.1760	1.0040	1.2006	443.19	0.70355	37.167	0.061761	vapor
863.33	3.0000	18.312	0.054608	933.50	1097.3	3.1783	1.0046	1.2012	443.61	0.69907	37.219	0.061881	vapor
865.00	3.0000	18.277	0.054715	935.18	1099.3	3.1806	1.0052	1.2017	444.02	0.69461	37.271	0.062002	vapor
866.67	3.0000	18.241	0.054822	936.86	1101.3	3.1829	1.0058	1.2022	444.43	0.69018	37.324	0.062122	vapor
868.33	3.0000	18.205	0.054929	938.54	1103.3	3.1852	1.0063	1.2028	444.85	0.68578	37.376	0.062242	vapor
870.00	3.0000	18.170	0.055036	940.23	1105.3	3.1875	1.0069	1.2033	445.26	0.68140	37.428	0.062363	vapor
871.67	3.0000	18.135	0.055143	941.91	1107.3	3.1899	1.0074	1.2038	445.67	0.67704	37.480	0.062483	vapor
873.33	3.0000	18.100	0.055250	943.60	1109.3	3.1922	1.0080	1.2043	446.08	0.67271	37.532	0.062603	vapor
875.00	3.0000	18.065	0.055357	945.28	1111.4	3.1944	1.0086	1.2049	446.49	0.66840	37.584	0.062723	vapor
876.67	3.0000	18.030	0.055464	946.97	1113.4	3.1967	1.0091	1.2054	446.90	0.66411	37.636	0.062843	vapor
878.33	3.0000	17.995	0.055571	948.66	1115.4	3.1990	1.0097	1.2059	447.31	0.65985	37.688	0.062963	vapor
880.00	3.0000	17.960	0.055678	950.35	1117.4	3.2013	1.0102	1.2064	447.72	0.65561	37.740	0.063082	vapor
881.67	3.0000	17.926	0.055785	952.04	1119.4	3.2036	1.0108	1.2070	448.13	0.65139	37.792	0.063202	vapor
883.33	3.0000	17.892	0.055892	953.73	1121.4	3.2059	1.0113	1.2075	448.54	0.64720	37.844	0.063322	vapor
885.00	3.0000	17.858	0.055999	955.42	1123.4	3.2082	1.0119	1.2080	448.95	0.64303	37.895	0.063441	vapor
886.67	3.0000	17.824	0.056106	957.12	1125.4	3.2104	1.0124	1.2085	449.36	0.63888	37.947	0.063560	vapor
888.33	3.0000	17.790	0.056212	958.81	1127.4	3.2127	1.0130	1.2090	449.77	0.63476	37.999	0.063680	vapor
890.00	3.0000	17.756	0.056319	960.50	1129.5	3.2150	1.0135	1.2095	450.17	0.63066	38.050	0.063799	vapor
891.67	3.0000	17.722	0.056426	962.20	1131.5	3.2172	1.0141	1.2100	450.58	0.62657	38.102	0.063918	vapor
893.33	3.0000	17.689	0.056533	963.90	1133.5	3.2195	1.0146	1.2105	450.99	0.62252	38.154	0.064037	vapor
895.00	3.0000	17.655	0.056640	965.59	1135.5	3.2217	1.0151	1.2111	451.39	0.61848	38.205	0.064157	vapor
896.67	3.0000	17.622	0.056747	967.29	1137.5	3.2240	1.0157	1.2116	451.80	0.61446	38.256	0.064275	vapor
898.33	3.0000	17.589	0.056854	968.99	1139.6	3.2263	1.0162	1.2121	452.20	0.61047	38.308	0.064394	vapor
900.00	3.0000	17.556	0.056961	970.69	1141.6	3.2285	1.0168	1.2126	452.61	0.60649	38.359	0.064513	vapor
901.67	3.0000	17.523	0.057067	972.39	1143.6	3.2307	1.0173	1.2131	453.01	0.60254	38.410	0.064632	vapor
903.33	3.0000	17.490	0.057174	974.09	1145.6	3.2330	1.0178	1.2136	453.42	0.59861	38.462	0.064751	vapor
905.00	3.0000	17.458	0.057281	975.80	1147.6	3.2352	1.0183	1.2141	453.82	0.59470	38.513	0.064869	vapor
906.67	3.0000	17.425	0.057388	977.50	1149.7	3.2375	1.0189	1.2146	454.22	0.59081	38.564	0.064988	vapor
908.33	3.0000	17.393	0.057495	979.20	1151.7	3.2397	1.0194	1.2151	454.63	0.58694	38.615	0.065106	vapor
910.00	3.0000	17.361	0.057601	980.91	1153.7	3.2419	1.0199	1.2156	455.03	0.58309	38.666	0.065225	vapor
911.67	3.0000	17.329	0.057708	982.62	1155.7	3.2441	1.0205	1.2161	455.43	0.57926	38.717	0.065343	vapor
913.33	3.0000	17.297	0.057815	984.32	1157.8	3.2464	1.0210	1.2166	455.83	0.57545	38.768	0.065461	vapor
915.00	3.0000	17.265	0.057922	986.03	1159.8	3.2486	1.0215	1.2170	456.23	0.57166	38.819	0.065579	vapor
916.67	3.0000	17.233	0.058029	987.74	1161.8	3.2508	1.0220	1.2175	456.64	0.56789	38.870	0.065697	vapor
918.33	3.0000	17.201	0.058135	989.45	1163.9	3.2530	1.0225	1.2180	457.04	0.56414	38.921	0.065815	vapor
920.00	3.0000	17.170	0.058242	991.16	1165.9	3.2552	1.0231	1.2185	457.44	0.56041	38.972	0.065933	vapor
921.67	3.0000	17.138	0.058349	992.87	1167.9	3.2574	1.0236	1.2190	457.84	0.55670	39.022	0.066051	vapor
923.33	3.0000	17.107	0.058456	994.58	1169.9	3.2596	1.0241	1.2195	458.24	0.55301	39.073	0.066169	vapor
925.00	3.0000	17.076	0.058562	996.29	1172.0	3.2618	1.0246	1.2200	458.63	0.54933	39.124	0.066286	vapor
926.67	3.0000	17.045	0.058669	998.01	1174.0	3.2640	1.0251	1.2205	459.03	0.54568	39.174	0.066404	vapor
928.33	3.0000	17.014	0.058776	999.72	1176.0	3.2662	1.0256	1.2209	459.43	0.54204	39.225	0.066521	vapor
930.00	3.0000	16.983	0.058882	1001.4	1178.1	3.2684	1.0261	1.2214	459.83	0.53842	39.276	0.066639	vapor
931.67	3.0000	16.952	0.058989	1003.2	1180.1	3.2706	1.0266	1.2219	460.23	0.53482	39.326	0.066756	vapor
933.33	3.0000	16.922	0.059096	1004.9	1182.2	3.2728	1.0271	1.2224	460.62	0.53124	39.377	0.066874	vapor
935.00	3.0000	16.891	0.059203	1006.6	1184.2	3.2750	1.0276	1.2229	461.02	0.52768	39.427	0.066991	vapor
936.67	3.0000	16.861	0.059309	1008.3	1186.2	3.2771	1.0281	1.2233	461.42	0.52413	39.477	0.067108	vapor
938.33	3.0000	16.831	0.059416	1010.0	1188.3	3.2793	1.0286	1.2238	461.81	0.52061	39.528	0.067225	vapor
940.00	3.0000	16.800	0.059523	1011.7	1190.3	3.2815	1.0291	1.2243	462.21	0.51710	39.578	0.067342	vapor
941.67	3.0000	16.770	0.059629	1013.5	1192.4	3.2837	1.0296	1.2247	462.60	0.51360	39.628	0.067459	vapor
943.33	3.0000	16.740	0.059736	1015.2	1194.4	3.2858	1.0301	1.2252	463.00	0.51013	39.678	0.067576	vapor
945.00	3.0000	16.711	0.059842	1016.9	1196.4	3.2880	1.0306	1.2257	463.39	0.50667	39.729	0.067692	vapor
946.67	3.0000	16.681	0.059949	1018.6	1198.5	3.2901	1.0311	1.2262	463.79	0.50323	39.779	0.067809	vapor
948.33	3.0000	16.651	0.060056	1020.4	1200.5	3.2923	1.0316	1.2266	464.18	0.49981	39.829	0.067926	vapor
950.00	3.0000	16.622	0.060162	1022.1	1202.6	3.2945	1.0321	1.2271	464.57	0.49640	39.879	0.068042	vapor
951.67	3.0000	16.592	0.060269	1023.8	1204.6	3.2966	1.0326	1.2275	464.97	0.49301	39.929	0.068159	vapor
953.33	3.0000	16.563	0.060376	1025.5	1206.7	3.2988	1.0331	1.2280	465.36	0.48964	39.979	0.068275	vapor
955.00	3.0000	16.534	0.060482	1027.3	1208.7	3.3009	1.0336	1.2285	465.75	0.48629	40.029	0.068391	vapor
956.67	3.0000	16.505	0.060589	1029.0	1210.8	3.3030	1.0341	1.2289	466.14	0.48295	40.078	0.068508	vapor
958.33	3.0000	16.476	0.060695	1030.7	1212.8	3.3052	1.0345	1.2294	466.53	0.47963	40.128	0.068624	vapor
960.00	3.0000	16.447	0.060802	1032.4	1214.9	3.3073	1.0350	1.2298	466.93	0.47632	40.178	0.068740	vapor
961.67	3.0000	16.418	0.060909	1034.2	1216.9	3.3095	1.0355	1.2303	467.32	0.47303	40.228	0.068856	vapor
963.33	3.0000	16.389	0.061015	1035.9	1219.0	3.3116	1.0360	1.2308	467.71	0.46975	40.277	0.068972	vapor
965.00	3.0000	16.361	0.061122	1037.6	1221.0	3.3137	1.0365	1.2312	468.10	0.46650	40.327	0.069088	vapor
966.67	3.0000	16.332	0.061228	1039.4	1223.1	3.3158	1.0369	1.2317	468.49	0.46325	40.377	0.069203	vapor
968.33	3.0000	16.304	0.061335	1041.1	1225.1	3.3180	1.0374	1.2321	468.88	0.46003	40.426	0.069319	vapor
970.00	3.0000	16.276	0.061441	1042.8	1227.2	3.3201	1.0379	1.2326	469.27	0.45682	40.476	0.069435	vapor
971.67	3.0000	16.248	0.061548	1044.6	1229.2	3.3222	1.0384	1.2330	469.65	0.45362	40.525	0.069550	vapor
973.33	3.0000	16.219	0.061654	1046.3	1231.3	3.3243	1.0388	1.2335	470.04	0.45044	40.575	0.069666	vapor
975.00	3.0000	16.191	0.061761	1048.1	1233.3	3.3264	1.0393	1.2339	470.43	0.44728	40.624	0.069781	vapor
976.67	3.0000	16.164	0.061867	1049.8	1235.4	3.3285	1.0398	1.2344	470.82	0.44413	40.674	0.069897	vapor
978.33	3.0000	16.136	0.061974	1051.5	1237.4	3.3306	1.0402	1.2348	471.21	0.44099	40.723	0.070012	vapor
980.00	3.0000	16.108	0.062080	1053.3	1239.5	3.3327	1.0407	1.2352	471.59	0.43787	40.772	0.070127	vapor
981.67	3.0000	16.081	0.062187	1055.0	1241.6	3.3348	1.0412	1.2357	471.98	0.43477	40.822	0.070242	vapor
983.33	3.0000	16.053	0.062293	1056.7	1243.6	3.3369	1.0416	1.2361	472.37	0.43168	40.871	0.070357	vapor
985.00	3.0000	16.026	0.062400	1058.5	1245.7	3.3390	1.0421	1.2366	472.75	0.42860	40.920	0.070472	vapor
986.67	3.0000	15.998	0.062506	1060.2	1247.7	3.3411	1.0425	1.2370	473.14	0.42554	40.969	0.070587	vapor
988.33	3.0000	15.971	0.062613	1062.0	1249.8	3.3432	1.0430	1.2374	473.52	0.42249	41.018	0.070702	vapor
990.00	3.0000	15.944	0.062719	1063.7	1251.9	3.3453	1.0435	1.2379	473.91	0.41946	41.067	0.070816	vapor
991.67	3.0000	15.917	0.062826	1065.5	1253.9	3.3474	1.0439	1.2383	474.29	0.41644	41.116	0.070931	vapor
993.33	3.0000	15.890	0.062932	1067.2	1256.0	3.3494	1.0444	1.2387	474.68	0.41344	41.165	0.071046	vapor
995.00	3.0000	15.863	0.063039	1068.9	1258.1	3.3515	1.0448	1.2392	475.06	0.41045	41.214	0.071160	vapor
996.67	3.0000	15.837	0.063145	1070.7	1260.1	3.3536	1.0453	1.2396	475.44	0.40748	41.263	0.071275	vapor
998.33	3.0000	15.810	0.063252	1072.4	1262.2	3.3557	1.0457	1.2400	475.83	0.40451	41.312	0.071389	vapor
1000.0	3.0000	15.783	0.063358	1074.2	1264.3	3.3577	1.0462	1.2405	476.21	0.40157	41.361	0.071503	vapor
1001.7	3.0000	15.757	0.063464	1075.9	1266.3	3.3598	1.0466	1.2409	476.59	0.39863	41.410	0.071617	vapor
1003.3	3.0000	15.730	0.063571	1077.7	1268.4	3.3619	1.0471	1.2413	476.97	0.39571	41.458	0.071731	vapor
1005.0	3.0000	15.704	0.063677	1079.4	1270.5	3.3639	1.0475	1.2417	477.36	0.39281	41.507	0.071846	vapor
1006.7	3.0000	15.678	0.063784	1081.2	1272.5	3.3660	1.0480	1.2422	477.74	0.38991	41.556	0.071960	vapor
1008.3	3.0000	15.652	0.063890	1082.9	1274.6	3.3680	1.0484	1.2426	478.12	0.38703	41.604	0.072073	vapor
1010.0	3.0000	15.626	0.063996	1084.7	1276.7	3.3701	1.0489	1.2430	478.50	0.38416	41.653	0.072187	vapor
1011.7	3.0000	15.600	0.064103	1086.4	1278.8	3.3721	1.0493	1.2434	478.88	0.38131	41.702	0.072301	vapor
1013.3	3.0000	15.574	0.064209	1088.2	1280.8	3.3742	1.0497	1.2439	479.26	0.37847	41.750	0.072415	vapor
1015.0	3.0000	15.548	0.064316	1090.0	1282.9	3.3762	1.0502	1.2443	479.64	0.37564	41.799	0.072528	vapor
1016.7	3.0000	15.523	0.064422	1091.7	1285.0	3.3783	1.0506	1.2447	480.02	0.37283	41.847	0.072642	vapor
1018.3	3.0000	15.497	0.064528	1093.5	1287.0	3.3803	1.0511	1.2451	480.40	0.37003	41.895	0.072755	vapor
1020.0	3.0000	15.472	0.064635	1095.2	1289.1	3.3824	1.0515	1.2455	480.78	0.36724	41.944	0.072869	vapor
1021.7	3.0000	15.446	0.064741	1097.0	1291.2	3.3844	1.0519	1.2459	481.16	0.36446	41.992	0.072982	vapor
1023.3	3.0000	15.421	0.064847	1098.7	1293.3	3.3864	1.0524	1.2463	481.54	0.36170	42.040	0.073095	vapor
1025.0	3.0000	15.396	0.064954	1100.5	1295.4	3.3884	1.0528	1.2468	481.91	0.35894	42.089	0.073208	vapor
1026.7	3.0000	15.370	0.065060	1102.3	1297.4	3.3905	1.0532	1.2472	482.29	0.35621	42.137	0.073321	vapor
1028.3	3.0000	15.345	0.065166	1104.0	1299.5	3.3925	1.0536	1.2476	482.67	0.35348	42.185	0.073434	vapor
1030.0	3.0000	15.320	0.065273	1105.8	1301.6	3.3945	1.0541	1.2480	483.05	0.35076	42.233	0.073547	vapor
1031.7	3.0000	15.295	0.065379	1107.5	1303.7	3.3965	1.0545	1.2484	483.42	0.34806	42.281	0.073660	vapor
1033.3	3.0000	15.271	0.065485	1109.3	1305.8	3.3986	1.0549	1.2488	483.80	0.34537	42.330	0.073773	vapor
1035.0	3.0000	15.246	0.065592	1111.1	1307.8	3.4006	1.0553	1.2492	484.18	0.34269	42.378	0.073886	vapor
1036.7	3.0000	15.221	0.065698	1112.8	1309.9	3.4026	1.0558	1.2496	484.55	0.34003	42.426	0.073998	vapor
1038.3	3.0000	15.197	0.065804	1114.6	1312.0	3.4046	1.0562	1.2500	484.93	0.33737	42.474	0.074111	vapor
1040.0	3.0000	15.172	0.065911	1116.4	1314.1	3.4066	1.0566	1.2504	485.30	0.33473	42.522	0.074223	vapor
1041.7	3.0000	15.148	0.066017	1118.1	1316.2	3.4086	1.0570	1.2508	485.68	0.33210	42.569	0.074336	vapor
1043.3	3.0000	15.123	0.066123	1119.9	1318.3	3.4106	1.0574	1.2512	486.05	0.32948	42.617	0.074448	vapor
1045.0	3.0000	15.099	0.066229	1121.6	1320.3	3.4126	1.0579	1.2516	486.43	0.32687	42.665	0.074561	vapor
1046.7	3.0000	15.075	0.066336	1123.4	1322.4	3.4146	1.0583	1.2520	486.80	0.32427	42.713	0.074673	vapor
1048.3	3.0000	15.051	0.066442	1125.2	1324.5	3.4166	1.0587	1.2524	487.17	0.32169	42.761	0.074785	vapor
1050.0	3.0000	15.027	0.066548	1127.0	1326.6	3.4186	1.0591	1.2528	487.55	0.31912	42.808	0.074897	vapor
1051.7	3.0000	15.003	0.066655	1128.7	1328.7	3.4206	1.0595	1.2532	487.92	0.31655	42.856	0.075009	vapor
1053.3	3.0000	14.979	0.066761	1130.5	1330.8	3.4225	1.0599	1.2536	488.29	0.31400	42.904	0.075121	vapor
1055.0	3.0000	14.955	0.066867	1132.3	1332.9	3.4245	1.0603	1.2540	488.66	0.31146	42.951	0.075233	vapor
1056.7	3.0000	14.931	0.066973	1134.0	1335.0	3.4265	1.0607	1.2544	489.04	0.30893	42.999	0.075344	vapor
1058.3	3.0000	14.908	0.067080	1135.8	1337.0	3.4285	1.0612	1.2548	489.41	0.30642	43.047	0.075456	vapor
1060.0	3.0000	14.884	0.067186	1137.6	1339.1	3.4305	1.0616	1.2551	489.78	0.30391	43.094	0.075568	vapor
1061.7	3.0000	14.861	0.067292	1139.4	1341.2	3.4324	1.0620	1.2555	490.15	0.30141	43.142	0.075679	vapor
1063.3	3.0000	14.837	0.067398	1141.1	1343.3	3.4344	1.0624	1.2559	490.52	0.29893	43.189	0.075791	vapor
1065.0	3.0000	14.814	0.067504	1142.9	1345.4	3.4364	1.0628	1.2563	490.89	0.29645	43.236	0.075902	vapor
1066.7	3.0000	14.791	0.067611	1144.7	1347.5	3.4383	1.0632	1.2567	491.26	0.29399	43.284	0.076014	vapor
1068.3	3.0000	14.767	0.067717	1146.5	1349.6	3.4403	1.0636	1.2571	491.63	0.29154	43.331	0.076125	vapor
1070.0	3.0000	14.744	0.067823	1148.2	1351.7	3.4422	1.0640	1.2575	492.00	0.28909	43.378	0.076236	vapor
1071.7	3.0000	14.721	0.067929	1150.0	1353.8	3.4442	1.0644	1.2578	492.37	0.28666	43.426	0.076347	vapor
1073.3	3.0000	14.698	0.068036	1151.8	1355.9	3.4462	1.0648	1.2582	492.74	0.28424	43.473	0.076458	vapor
1075.0	3.0000	14.675	0.068142	1153.6	1358.0	3.4481	1.0652	1.2586	493.11	0.28183	43.520	0.076569	vapor
1076.7	3.0000	14.652	0.068248	1155.3	1360.1	3.4501	1.0656	1.2590	493.48	0.27942	43.567	0.076680	vapor
1078.3	3.0000	14.630	0.068354	1157.1	1362.2	3.4520	1.0660	1.2594	493.85	0.27703	43.614	0.076791	vapor
1080.0	3.0000	14.607	0.068460	1158.9	1364.3	3.4540	1.0663	1.2597	494.22	0.27465	43.662	0.076902	vapor
1081.7	3.0000	14.584	0.068566	1160.7	1366.4	3.4559	1.0667	1.2601	494.58	0.27228	43.709	0.077012	vapor
1083.3	3.0000	14.562	0.068673	1162.5	1368.5	3.4578	1.0671	1.2605	494.95	0.26992	43.756	0.077123	vapor
1085.0	3.0000	14.539	0.068779	1164.3	1370.6	3.4598	1.0675	1.2608	495.32	0.26757	43.803	0.077234	vapor
1086.7	3.0000	14.517	0.068885	1166.0	1372.7	3.4617	1.0679	1.2612	495.69	0.26523	43.850	0.077344	vapor
1088.3	3.0000	14.495	0.068991	1167.8	1374.8	3.4636	1.0683	1.2616	496.05	0.26290	43.897	0.077454	vapor
1090.0	3.0000	14.472	0.069097	1169.6	1376.9	3.4656	1.0687	1.2620	496.42	0.26057	43.944	0.077565	vapor
1091.7	3.0000	14.450	0.069203	1171.4	1379.0	3.4675	1.0691	1.2623	496.78	0.25826	43.990	0.077675	vapor
1093.3	3.0000	14.428	0.069310	1173.2	1381.1	3.4694	1.0694	1.2627	497.15	0.25596	44.037	0.077785	vapor
1095.0	3.0000	14.406	0.069416	1175.0	1383.2	3.4714	1.0698	1.2631	497.52	0.25367	44.084	0.077895	vapor
1096.7	3.0000	14.384	0.069522	1176.7	1385.3	3.4733	1.0702	1.2634	497.88	0.25138	44.131	0.078005	vapor
1098.3	3.0000	14.362	0.069628	1178.5	1387.4	3.4752	1.0706	1.2638	498.25	0.24911	44.178	0.078115	vapor
1100.0	3.0000	14.340	0.069734	1180.3	1389.5	3.4771	1.0710	1.2642	498.61	0.24685	44.224	0.078225	vapor
1101.7	3.0000	14.318	0.069840	1182.1	1391.6	3.4790	1.0714	1.2645	498.97	0.24459	44.271	0.078335	vapor
1103.3	3.0000	14.297	0.069946	1183.9	1393.7	3.4809	1.0717	1.2649	499.34	0.24235	44.318	0.078445	vapor
1105.0	3.0000	14.275	0.070053	1185.7	1395.9	3.4828	1.0721	1.2652	499.70	0.24011	44.364	0.078555	vapor
1106.7	3.0000	14.253	0.070159	1187.5	1398.0	3.4848	1.0725	1.2656	500.07	0.23788	44.411	0.078664	vapor
1108.3	3.0000	14.232	0.070265	1189.3	1400.1	3.4867	1.0729	1.2660	500.43	0.23566	44.457	0.078774	vapor
1110.0	3.0000	14.210	0.070371	1191.1	1402.2	3.4886	1.0732	1.2663	500.79	0.23345	44.504	0.078883	vapor
1111.7	3.0000	14.189	0.070477	1192.9	1404.3	3.4905	1.0736	1.2667	501.15	0.23125	44.550	0.078993	vapor
1113.3	3.0000	14.168	0.070583	1194.7	1406.4	3.4924	1.0740	1.2670	501.52	0.22906	44.597	0.079102	vapor
1115.0	3.0000	14.146	0.070689	1196.4	1408.5	3.4943	1.0743	1.2674	501.88	0.22688	44.643	0.079211	vapor
1116.7	3.0000	14.125	0.070795	1198.2	1410.6	3.4961	1.0747	1.2677	502.24	0.22471	44.690	0.079320	vapor
1118.3	3.0000	14.104	0.070901	1200.0	1412.7	3.4980	1.0751	1.2681	502.60	0.22254	44.736	0.079430	vapor
1120.0	3.0000	14.083	0.071007	1201.8	1414.9	3.4999	1.0754	1.2685	502.96	0.22039	44.782	0.079539	vapor
1121.7	3.0000	14.062	0.071114	1203.6	1417.0	3.5018	1.0758	1.2688	503.32	0.21824	44.829	0.079648	vapor
1123.3	3.0000	14.041	0.071220	1205.4	1419.1	3.5037	1.0762	1.2692	503.68	0.21610	44.875	0.079757	vapor
1125.0	3.0000	14.020	0.071326	1207.2	1421.2	3.5056	1.0765	1.2695	504.04	0.21397	44.921	0.079865	vapor
1126.7	3.0000	13.999	0.071432	1209.0	1423.3	3.5075	1.0769	1.2699	504.41	0.21185	44.967	0.079974	vapor
1128.3	3.0000	13.979	0.071538	1210.8	1425.4	3.5093	1.0773	1.2702	504.76	0.20974	45.013	0.080083	vapor
1130.0	3.0000	13.958	0.071644	1212.6	1427.5	3.5112	1.0776	1.2706	505.12	0.20764	45.060	0.080192	vapor
1131.7	3.0000	13.937	0.071750	1214.4	1429.7	3.5131	1.0780	1.2709	505.48	0.20554	45.106	0.080300	vapor
1133.3	3.0000	13.917	0.071856	1216.2	1431.8	3.5150	1.0783	1.2712	505.84	0.20345	45.152	0.080409	vapor
1135.0	3.0000	13.896	0.071962	1218.0	1433.9	3.5168	1.0787	1.2716	506.20	0.20137	45.198	0.080517	vapor
1136.7	3.0000	13.876	0.072068	1219.8	1436.0	3.5187	1.0791	1.2719	506.56	0.19930	45.244	0.080625	vapor
1138.3	3.0000	13.855	0.072174	1221.6	1438.1	3.5206	1.0794	1.2723	506.92	0.19724	45.290	0.080734	vapor
1140.0	3.0000	13.835	0.072280	1223.4	1440.3	3.5224	1.0798	1.2726	507.28	0.19519	45.336	0.080842	vapor
1141.7	3.0000	13.815	0.072386	1225.2	1442.4	3.5243	1.0801	1.2730	507.63	0.19314	45.382	0.080950	vapor
1143.3	3.0000	13.795	0.072492	1227.0	1444.5	3.5261	1.0805	1.2733	507.99	0.19110	45.428	0.081058	vapor
1145.0	3.0000	13.774	0.072598	1228.8	1446.6	3.5280	1.0808	1.2736	508.35	0.18907	45.473	0.081166	vapor
1146.7	3.0000	13.754	0.072704	1230.6	1448.8	3.5298	1.0812	1.2740	508.71	0.18705	45.519	0.081274	vapor
1148.3	3.0000	13.734	0.072810	1232.4	1450.9	3.5317	1.0815	1.2743	509.06	0.18504	45.565	0.081382	vapor
1150.0	3.0000	13.714	0.072916	1234.3	1453.0	3.5335	1.0819	1.2746	509.42	0.18303	45.611	0.081490	vapor
1151.7	3.0000	13.694	0.073022	1236.1	1455.1	3.5354	1.0822	1.2750	509.78	0.18103	45.657	0.081598	vapor
1153.3	3.0000	13.675	0.073128	1237.9	1457.3	3.5372	1.0826	1.2753	510.13	0.17904	45.702	0.081705	vapor
1155.0	3.0000	13.655	0.073234	1239.7	1459.4	3.5391	1.0829	1.2756	510.49	0.17706	45.748	0.081813	vapor
1156.7	3.0000	13.635	0.073340	1241.5	1461.5	3.5409	1.0833	1.2760	510.84	0.17508	45.794	0.081920	vapor
1158.3	3.0000	13.615	0.073446	1243.3	1463.6	3.5427	1.0836	1.2763	511.20	0.17312	45.839	0.082028	vapor
1160.0	3.0000	13.596	0.073552	1245.1	1465.8	3.5446	1.0840	1.2766	511.55	0.17116	45.885	0.082135	vapor
1161.7	3.0000	13.576	0.073658	1246.9	1467.9	3.5464	1.0843	1.2770	511.91	0.16921	45.930	0.082243	vapor
1163.3	3.0000	13.557	0.073764	1248.7	1470.0	3.5482	1.0846	1.2773	512.26	0.16726	45.976	0.082350	vapor
1165.0	3.0000	13.537	0.073870	1250.5	1472.1	3.5501	1.0850	1.2776	512.62	0.16532	46.021	0.082457	vapor
1166.7	3.0000	13.518	0.073976	1252.3	1474.3	3.5519	1.0853	1.2780	512.97	0.16339	46.067	0.082564	vapor
1168.3	3.0000	13.499	0.074082	1254.2	1476.4	3.5537	1.0857	1.2783	513.32	0.16147	46.112	0.082671	vapor
1170.0	3.0000	13.479	0.074188	1256.0	1478.5	3.5556	1.0860	1.2786	513.68	0.15956	46.158	0.082778	vapor
1171.7	3.0000	13.460	0.074294	1257.8	1480.7	3.5574	1.0863	1.2789	514.03	0.15765	46.203	0.082885	vapor
1173.3	3.0000	13.441	0.074400	1259.6	1482.8	3.5592	1.0867	1.2792	514.38	0.15575	46.248	0.082992	vapor
1175.0	3.0000	13.422	0.074506	1261.4	1484.9	3.5610	1.0870	1.2796	514.74	0.15386	46.294	0.083099	vapor
1176.7	3.0000	13.403	0.074612	1263.2	1487.1	3.5628	1.0873	1.2799	515.09	0.15197	46.339	0.083206	vapor
1178.3	3.0000	13.384	0.074718	1265.0	1489.2	3.5646	1.0877	1.2802	515.44	0.15009	46.384	0.083312	vapor
1180.0	3.0000	13.365	0.074824	1266.9	1491.3	3.5664	1.0880	1.2805	515.79	0.14822	46.430	0.083419	vapor
1181.7	3.0000	13.346	0.074930	1268.7	1493.5	3.5682	1.0883	1.2809	516.14	0.14636	46.475	0.083525	vapor
1183.3	3.0000	13.327	0.075036	1270.5	1495.6	3.5701	1.0887	1.2812	516.49	0.14450	46.520	0.083632	vapor
1185.0	3.0000	13.308	0.075142	1272.3	1497.7	3.5719	1.0890	1.2815	516.85	0.14265	46.565	0.083738	vapor
1186.7	3.0000	13.289	0.075248	1274.1	1499.9	3.5737	1.0893	1.2818	517.20	0.14081	46.610	0.083845	vapor
1188.3	3.0000	13.271	0.075354	1275.9	1502.0	3.5755	1.0896	1.2821	517.55	0.13897	46.655	0.083951	vapor
1190.0	3.0000	13.252	0.075460	1277.8	1504.1	3.5773	1.0900	1.2824	517.90	0.13714	46.700	0.084057	vapor
1191.7	3.0000	13.234	0.075566	1279.6	1506.3	3.5791	1.0903	1.2828	518.25	0.13532	46.745	0.084163	vapor
1193.3	3.0000	13.215	0.075672	1281.4	1508.4	3.5808	1.0906	1.2831	518.60	0.13350	46.790	0.084269	vapor
1195.0	3.0000	13.197	0.075777	1283.2	1510.6	3.5826	1.0910	1.2834	518.95	0.13170	46.835	0.084375	vapor
1196.7	3.0000	13.178	0.075883	1285.0	1512.7	3.5844	1.0913	1.2837	519.30	0.12989	46.880	0.084481	vapor
1198.3	3.0000	13.160	0.075989	1286.9	1514.8	3.5862	1.0916	1.2840	519.65	0.12810	46.925	0.084587	vapor
1200.0	3.0000	13.141	0.076095	1288.7	1517.0	3.5880	1.0919	1.2843	519.99	0.12631	46.970	0.084693	vapor
1201.7	3.0000	13.123	0.076201	1290.5	1519.1	3.5898	1.0922	1.2846	520.34	0.12453	47.015	0.084798	vapor
1203.3	3.0000	13.105	0.076307	1292.3	1521.3	3.5916	1.0926	1.2849	520.69	0.12275	47.060	0.084904	vapor
1205.0	3.0000	13.087	0.076413	1294.2	1523.4	3.5933	1.0929	1.2852	521.04	0.12098	47.105	0.085010	vapor
1206.7	3.0000	13.069	0.076519	1296.0	1525.5	3.5951	1.0932	1.2855	521.39	0.11922	47.149	0.085115	vapor
1208.3	3.0000	13.051	0.076625	1297.8	1527.7	3.5969	1.0935	1.2858	521.73	0.11747	47.194	0.085221	vapor
1210.0	3.0000	13.033	0.076731	1299.6	1529.8	3.5987	1.0938	1.2862	522.08	0.11572	47.239	0.085326	vapor
1211.7	3.0000	13.015	0.076837	1301.5	1532.0	3.6004	1.0941	1.2865	522.43	0.11397	47.284	0.085431	vapor
1213.3	3.0000	12.997	0.076942	1303.3	1534.1	3.6022	1.0945	1.2868	522.78	0.11224	47.328	0.085537	vapor
1215.0	3.0000	12.979	0.077048	1305.1	1536.3	3.6040	1.0948	1.2871	523.12	0.11051	47.373	0.085642	vapor
1216.7	3.0000	12.961	0.077154	1306.9	1538.4	3.6057	1.0951	1.2874	523.47	0.10878	47.418	0.085747	vapor
1218.3	3.0000	12.943	0.077260	1308.8	1540.6	3.6075	1.0954	1.2877	523.82	0.10707	47.462	0.085852	vapor
1220.0	3.0000	12.926	0.077366	1310.6	1542.7	3.6093	1.0957	1.2880	524.16	0.10535	47.507	0.085957	vapor
1221.7	3.0000	12.908	0.077472	1312.4	1544.8	3.6110	1.0960	1.2883	524.51	0.10365	47.551	0.086062	vapor
1223.3	3.0000	12.890	0.077578	1314.3	1547.0	3.6128	1.0963	1.2886	524.85	0.10195	47.596	0.086167	vapor
1225.0	3.0000	12.873	0.077684	1316.1	1549.1	3.6145	1.0966	1.2889	525.20	0.10026	47.640	0.086272	vapor
1226.7	3.0000	12.855	0.077789	1317.9	1551.3	3.6163	1.0969	1.2892	525.54	0.098572	47.685	0.086376	vapor
1228.3	3.0000	12.838	0.077895	1319.8	1553.4	3.6180	1.0972	1.2895	525.89	0.096892	47.729	0.086481	vapor
1230.0	3.0000	12.820	0.078001	1321.6	1555.6	3.6198	1.0976	1.2897	526.23	0.095217	47.774	0.086586	vapor
1231.7	3.0000	12.803	0.078107	1323.4	1557.7	3.6215	1.0979	1.2900	526.58	0.093549	47.818	0.086690	vapor
1233.3	3.0000	12.786	0.078213	1325.3	1559.9	3.6233	1.0982	1.2903	526.92	0.091887	47.862	0.086795	vapor
1235.0	3.0000	12.768	0.078319	1327.1	1562.0	3.6250	1.0985	1.2906	527.27	0.090231	47.907	0.086899	vapor
1236.7	3.0000	12.751	0.078425	1328.9	1564.2	3.6268	1.0988	1.2909	527.61	0.088581	47.951	0.087003	vapor
1238.3	3.0000	12.734	0.078530	1330.8	1566.3	3.6285	1.0991	1.2912	527.95	0.086936	47.995	0.087108	vapor
1240.0	3.0000	12.717	0.078636	1332.6	1568.5	3.6302	1.0994	1.2915	528.30	0.085298	48.039	0.087212	vapor
1241.7	3.0000	12.700	0.078742	1334.4	1570.6	3.6320	1.0997	1.2918	528.64	0.083665	48.084	0.087316	vapor
1243.3	3.0000	12.683	0.078848	1336.3	1572.8	3.6337	1.1000	1.2921	528.98	0.082039	48.128	0.087420	vapor
1245.0	3.0000	12.666	0.078954	1338.1	1575.0	3.6354	1.1003	1.2924	529.32	0.080418	48.172	0.087524	vapor
1246.7	3.0000	12.649	0.079060	1339.9	1577.1	3.6372	1.1006	1.2927	529.67	0.078802	48.216	0.087628	vapor
1248.3	3.0000	12.632	0.079165	1341.8	1579.3	3.6389	1.1009	1.2929	530.01	0.077193	48.260	0.087732	vapor
1250.0	3.0000	12.615	0.079271	1343.6	1581.4	3.6406	1.1012	1.2932	530.35	0.075589	48.304	0.087836	vapor
1251.7	3.0000	12.598	0.079377	1345.4	1583.6	3.6423	1.1015	1.2935	530.69	0.073991	48.348	0.087939	vapor
1253.3	3.0000	12.581	0.079483	1347.3	1585.7	3.6441	1.1018	1.2938	531.03	0.072399	48.392	0.088043	vapor
1255.0	3.0000	12.565	0.079589	1349.1	1587.9	3.6458	1.1021	1.2941	531.37	0.070812	48.436	0.088147	vapor
1256.7	3.0000	12.548	0.079695	1351.0	1590.0	3.6475	1.1023	1.2944	531.72	0.069230	48.480	0.088250	vapor
1258.3	3.0000	12.531	0.079800	1352.8	1592.2	3.6492	1.1026	1.2947	532.06	0.067655	48.524	0.088354	vapor
1260.0	3.0000	12.515	0.079906	1354.6	1594.4	3.6509	1.1029	1.2949	532.40	0.066085	48.568	0.088457	vapor
1261.7	3.0000	12.498	0.080012	1356.5	1596.5	3.6526	1.1032	1.2952	532.74	0.064520	48.612	0.088561	vapor
1263.3	3.0000	12.482	0.080118	1358.3	1598.7	3.6543	1.1035	1.2955	533.08	0.062961	48.656	0.088664	vapor
1265.0	3.0000	12.465	0.080224	1360.2	1600.8	3.6560	1.1038	1.2958	533.42	0.061407	48.700	0.088767	vapor
1266.7	3.0000	12.449	0.080329	1362.0	1603.0	3.6578	1.1041	1.2961	533.76	0.059859	48.744	0.088870	vapor
1268.3	3.0000	12.432	0.080435	1363.9	1605.2	3.6595	1.1044	1.2963	534.10	0.058316	48.787	0.088974	vapor
1270.0	3.0000	12.416	0.080541	1365.7	1607.3	3.6612	1.1047	1.2966	534.43	0.056778	48.831	0.089077	vapor
1271.7	3.0000	12.400	0.080647	1367.5	1609.5	3.6629	1.1049	1.2969	534.77	0.055246	48.875	0.089180	vapor
1273.3	3.0000	12.384	0.080753	1369.4	1611.6	3.6646	1.1052	1.2972	535.11	0.053719	48.919	0.089283	vapor
1275.0	3.0000	12.367	0.080858	1371.2	1613.8	3.6663	1.1055	1.2974	535.45	0.052197	48.962	0.089385	vapor
1276.7	3.0000	12.351	0.080964	1373.1	1616.0	3.6680	1.1058	1.2977	535.79	0.050681	49.006	0.089488	vapor
1278.3	3.0000	12.335	0.081070	1374.9	1618.1	3.6696	1.1061	1.2980	536.13	0.049170	49.050	0.089591	vapor
1280.0	3.0000	12.319	0.081176	1376.8	1620.3	3.6713	1.1064	1.2983	536.46	0.047664	49.093	0.089694	vapor
1281.7	3.0000	12.303	0.081281	1378.6	1622.5	3.6730	1.1066	1.2985	536.80	0.046163	49.137	0.089796	vapor
1283.3	3.0000	12.287	0.081387	1380.5	1624.6	3.6747	1.1069	1.2988	537.14	0.044668	49.180	0.089899	vapor
1285.0	3.0000	12.271	0.081493	1382.3	1626.8	3.6764	1.1072	1.2991	537.48	0.043177	49.224	0.090001	vapor
1286.7	3.0000	12.255	0.081599	1384.2	1629.0	3.6781	1.1075	1.2994	537.81	0.041692	49.267	0.090104	vapor
1288.3	3.0000	12.239	0.081705	1386.0	1631.1	3.6798	1.1078	1.2996	538.15	0.040211	49.311	0.090206	vapor
1290.0	3.0000	12.223	0.081810	1387.9	1633.3	3.6814	1.1080	1.2999	538.49	0.038736	49.354	0.090308	vapor
1291.7	3.0000	12.208	0.081916	1389.7	1635.4	3.6831	1.1083	1.3002	538.82	0.037266	49.398	0.090411	vapor
1293.3	3.0000	12.192	0.082022	1391.6	1637.6	3.6848	1.1086	1.3004	539.16	0.035801	49.441	0.090513	vapor
1295.0	3.0000	12.176	0.082128	1393.4	1639.8	3.6865	1.1089	1.3007	539.49	0.034340	49.485	0.090615	vapor
1296.7	3.0000	12.161	0.082233	1395.3	1642.0	3.6882	1.1092	1.3010	539.83	0.032885	49.528	0.090717	vapor
1298.3	3.0000	12.145	0.082339	1397.1	1644.1	3.6898	1.1094	1.3012	540.17	0.031435	49.571	0.090819	vapor
1300.0	3.0000	12.129	0.082445	1399.0	1646.3	3.6915	1.1097	1.3015	540.50	0.029989	49.615	0.090921	vapor