Temperature (K)	Pressure (MPa)	Density (kg/m3)	Volume (m3/kg)	Internal Energy (kJ/kg)	Enthalpy (kJ/kg)	Entropy (J/g*K)	Cv (J/g*K)	Cp (J/g*K)	Sound Spd. (m/s)	Joule-Thomson (K/MPa)	Viscosity (uPa*s)	Therm. Cond. (W/m*K)	Phase
300.00	4.0000	91.965	0.010874	419.35	462.85	1.9380	0.79011	1.3850	235.04	10.832	15.944	0.021011	vapor
301.67	4.0000	90.776	0.011016	421.07	465.14	1.9456	0.78668	1.3630	236.58	10.668	16.014	0.021031	vapor
303.33	4.0000	89.636	0.011156	422.77	467.39	1.9531	0.78359	1.3429	238.09	10.507	16.085	0.021059	vapor
305.00	4.0000	88.544	0.011294	424.44	469.62	1.9604	0.78082	1.3244	239.56	10.350	16.156	0.021094	vapor
306.67	4.0000	87.493	0.011429	426.09	471.81	1.9675	0.77832	1.3074	240.99	10.197	16.228	0.021135	vapor
308.33	4.0000	86.482	0.011563	427.72	473.97	1.9746	0.77606	1.2918	242.40	10.048	16.300	0.021182	vapor
310.00	4.0000	85.508	0.011695	429.34	476.11	1.9815	0.77402	1.2773	243.77	9.9017	16.372	0.021234	vapor
311.67	4.0000	84.568	0.011825	430.93	478.23	1.9883	0.77219	1.2638	245.12	9.7593	16.445	0.021291	vapor
313.33	4.0000	83.659	0.011953	432.51	480.33	1.9950	0.77054	1.2513	246.44	9.6202	16.517	0.021352	vapor
315.00	4.0000	82.781	0.012080	434.08	482.40	2.0016	0.76906	1.2397	247.73	9.4843	16.591	0.021417	vapor
316.67	4.0000	81.930	0.012206	435.64	484.46	2.0081	0.76773	1.2288	249.01	9.3514	16.664	0.021486	vapor
318.33	4.0000	81.106	0.012330	437.18	486.50	2.0146	0.76655	1.2187	250.26	9.2215	16.737	0.021558	vapor
320.00	4.0000	80.306	0.012452	438.71	488.52	2.0209	0.76551	1.2092	251.49	9.0944	16.811	0.021632	vapor
321.67	4.0000	79.530	0.012574	440.24	490.53	2.0272	0.76459	1.2003	252.70	8.9700	16.885	0.021710	vapor
323.33	4.0000	78.776	0.012694	441.75	492.52	2.0334	0.76378	1.1920	253.89	8.8482	16.959	0.021790	vapor
325.00	4.0000	78.043	0.012813	443.25	494.50	2.0395	0.76308	1.1842	255.07	8.7291	17.033	0.021873	vapor
326.67	4.0000	77.329	0.012932	444.75	496.47	2.0455	0.76248	1.1768	256.23	8.6123	17.107	0.021958	vapor
328.33	4.0000	76.635	0.013049	446.23	498.43	2.0515	0.76198	1.1699	257.37	8.4980	17.181	0.022045	vapor
330.00	4.0000	75.958	0.013165	447.71	500.37	2.0574	0.76156	1.1633	258.49	8.3860	17.255	0.022134	vapor
331.67	4.0000	75.299	0.013280	449.18	502.31	2.0632	0.76122	1.1572	259.60	8.2763	17.329	0.022225	vapor
333.33	4.0000	74.656	0.013395	450.65	504.23	2.0690	0.76095	1.1514	260.70	8.1687	17.404	0.022317	vapor
335.00	4.0000	74.028	0.013508	452.11	506.14	2.0747	0.76076	1.1459	261.78	8.0633	17.478	0.022411	vapor
336.67	4.0000	73.415	0.013621	453.56	508.05	2.0804	0.76063	1.1407	262.85	7.9600	17.552	0.022507	vapor
338.33	4.0000	72.816	0.013733	455.01	509.95	2.0860	0.76055	1.1358	263.90	7.8586	17.627	0.022604	vapor
340.00	4.0000	72.231	0.013844	456.46	511.84	2.0916	0.76054	1.1312	264.95	7.7593	17.701	0.022703	vapor
341.67	4.0000	71.659	0.013955	457.90	513.72	2.0971	0.76058	1.1268	265.98	7.6618	17.775	0.022803	vapor
343.33	4.0000	71.099	0.014065	459.33	515.59	2.1026	0.76067	1.1226	267.00	7.5662	17.849	0.022904	vapor
345.00	4.0000	70.552	0.014174	460.76	517.46	2.1080	0.76080	1.1187	268.01	7.4724	17.924	0.023006	vapor
346.67	4.0000	70.016	0.014283	462.19	519.32	2.1134	0.76098	1.1149	269.01	7.3804	17.998	0.023109	vapor
348.33	4.0000	69.490	0.014390	463.61	521.18	2.1187	0.76120	1.1114	270.00	7.2901	18.072	0.023213	vapor
350.00	4.0000	68.976	0.014498	465.03	523.03	2.1240	0.76145	1.1080	270.98	7.2015	18.146	0.023319	vapor
351.67	4.0000	68.472	0.014605	466.45	524.87	2.1293	0.76175	1.1048	271.95	7.1145	18.221	0.023425	vapor
353.33	4.0000	67.978	0.014711	467.87	526.71	2.1345	0.76208	1.1018	272.91	7.0290	18.295	0.023532	vapor
355.00	4.0000	67.493	0.014816	469.28	528.54	2.1397	0.76244	1.0989	273.86	6.9452	18.369	0.023640	vapor
356.67	4.0000	67.017	0.014922	470.69	530.37	2.1448	0.76284	1.0962	274.80	6.8628	18.443	0.023749	vapor
358.33	4.0000	66.551	0.015026	472.09	532.20	2.1499	0.76326	1.0936	275.74	6.7819	18.517	0.023858	vapor
360.00	4.0000	66.093	0.015130	473.50	534.02	2.1550	0.76371	1.0912	276.67	6.7024	18.591	0.023969	vapor
361.67	4.0000	65.643	0.015234	474.90	535.83	2.1600	0.76419	1.0888	277.58	6.6243	18.665	0.024080	vapor
363.33	4.0000	65.201	0.015337	476.30	537.65	2.1650	0.76470	1.0866	278.49	6.5476	18.738	0.024192	vapor
365.00	4.0000	64.767	0.015440	477.70	539.46	2.1700	0.76523	1.0845	279.40	6.4723	18.812	0.024304	vapor
366.67	4.0000	64.341	0.015542	479.09	541.26	2.1749	0.76578	1.0825	280.29	6.3982	18.886	0.024417	vapor
368.33	4.0000	63.921	0.015644	480.49	543.06	2.1798	0.76635	1.0807	281.18	6.3254	18.960	0.024531	vapor
370.00	4.0000	63.509	0.015746	481.88	544.86	2.1847	0.76695	1.0789	282.06	6.2538	19.033	0.024645	vapor
371.67	4.0000	63.104	0.015847	483.27	546.66	2.1896	0.76757	1.0772	282.94	6.1834	19.107	0.024760	vapor
373.33	4.0000	62.705	0.015948	484.66	548.45	2.1944	0.76820	1.0756	283.81	6.1142	19.180	0.024875	vapor
375.00	4.0000	62.313	0.016048	486.05	550.25	2.1992	0.76885	1.0741	284.67	6.0462	19.253	0.024991	vapor
376.67	4.0000	61.927	0.016148	487.44	552.03	2.2039	0.76952	1.0726	285.53	5.9793	19.327	0.025108	vapor
378.33	4.0000	61.547	0.016248	488.83	553.82	2.2087	0.77021	1.0713	286.38	5.9135	19.400	0.025225	vapor
380.00	4.0000	61.173	0.016347	490.22	555.61	2.2134	0.77091	1.0700	287.22	5.8488	19.473	0.025342	vapor
381.67	4.0000	60.805	0.016446	491.60	557.39	2.2180	0.77163	1.0688	288.06	5.7851	19.546	0.025460	vapor
383.33	4.0000	60.443	0.016545	492.99	559.17	2.2227	0.77236	1.0677	288.89	5.7224	19.619	0.025578	vapor
385.00	4.0000	60.086	0.016643	494.38	560.95	2.2273	0.77311	1.0666	289.72	5.6608	19.692	0.025697	vapor
386.67	4.0000	59.734	0.016741	495.76	562.72	2.2319	0.77386	1.0656	290.54	5.6001	19.765	0.025816	vapor
388.33	4.0000	59.387	0.016839	497.14	564.50	2.2365	0.77463	1.0646	291.36	5.5404	19.838	0.025935	vapor
390.00	4.0000	59.045	0.016936	498.53	566.27	2.2411	0.77542	1.0637	292.17	5.4817	19.910	0.026055	vapor
391.67	4.0000	58.709	0.017033	499.91	568.04	2.2456	0.77621	1.0629	292.97	5.4239	19.983	0.026175	vapor
393.33	4.0000	58.377	0.017130	501.29	569.82	2.2501	0.77701	1.0621	293.77	5.3669	20.055	0.026296	vapor
395.00	4.0000	58.049	0.017227	502.68	571.59	2.2546	0.77783	1.0614	294.57	5.3109	20.128	0.026417	vapor
396.67	4.0000	57.726	0.017323	504.06	573.35	2.2591	0.77865	1.0607	295.36	5.2557	20.200	0.026538	vapor
398.33	4.0000	57.408	0.017419	505.44	575.12	2.2635	0.77948	1.0601	296.15	5.2014	20.273	0.026660	vapor
400.00	4.0000	57.094	0.017515	506.83	576.89	2.2680	0.78032	1.0595	296.93	5.1478	20.345	0.026781	vapor
401.67	4.0000	56.784	0.017611	508.21	578.65	2.2724	0.78117	1.0590	297.71	5.0951	20.417	0.026904	vapor
403.33	4.0000	56.478	0.017706	509.59	580.42	2.2767	0.78203	1.0585	298.48	5.0432	20.489	0.027026	vapor
405.00	4.0000	56.176	0.017801	510.98	582.18	2.2811	0.78290	1.0580	299.25	4.9921	20.561	0.027149	vapor
406.67	4.0000	55.879	0.017896	512.36	583.94	2.2854	0.78377	1.0576	300.01	4.9417	20.633	0.027272	vapor
408.33	4.0000	55.585	0.017991	513.74	585.71	2.2898	0.78465	1.0572	300.77	4.8921	20.704	0.027395	vapor
410.00	4.0000	55.294	0.018085	515.13	587.47	2.2941	0.78553	1.0569	301.53	4.8432	20.776	0.027519	vapor
411.67	4.0000	55.008	0.018179	516.51	589.23	2.2984	0.78643	1.0566	302.28	4.7951	20.848	0.027642	vapor
413.33	4.0000	54.725	0.018273	517.90	590.99	2.3026	0.78732	1.0563	303.03	4.7476	20.919	0.027766	vapor
415.00	4.0000	54.445	0.018367	519.28	592.75	2.3069	0.78823	1.0560	303.77	4.7008	20.990	0.027891	vapor
416.67	4.0000	54.169	0.018461	520.67	594.51	2.3111	0.78914	1.0558	304.52	4.6547	21.062	0.028015	vapor
418.33	4.0000	53.897	0.018554	522.05	596.27	2.3153	0.79005	1.0556	305.25	4.6092	21.133	0.028140	vapor
420.00	4.0000	53.627	0.018647	523.44	598.03	2.3195	0.79097	1.0555	305.99	4.5644	21.204	0.028265	vapor
421.67	4.0000	53.361	0.018740	524.83	599.79	2.3237	0.79189	1.0554	306.72	4.5203	21.275	0.028390	vapor
423.33	4.0000	53.098	0.018833	526.21	601.55	2.3279	0.79282	1.0553	307.44	4.4767	21.346	0.028515	vapor
425.00	4.0000	52.838	0.018926	527.60	603.31	2.3320	0.79375	1.0552	308.17	4.4338	21.417	0.028641	vapor
426.67	4.0000	52.581	0.019018	528.99	605.06	2.3361	0.79469	1.0552	308.88	4.3915	21.488	0.028766	vapor
428.33	4.0000	52.327	0.019111	530.38	606.82	2.3403	0.79563	1.0551	309.60	4.3497	21.558	0.028892	vapor
430.00	4.0000	52.076	0.019203	531.77	608.58	2.3444	0.79657	1.0552	310.31	4.3086	21.629	0.029018	vapor
431.67	4.0000	51.828	0.019295	533.16	610.34	2.3484	0.79751	1.0552	311.02	4.2679	21.699	0.029144	vapor
433.33	4.0000	51.582	0.019386	534.55	612.10	2.3525	0.79846	1.0552	311.73	4.2279	21.770	0.029271	vapor
435.00	4.0000	51.340	0.019478	535.94	613.86	2.3566	0.79941	1.0553	312.43	4.1884	21.840	0.029397	vapor
436.67	4.0000	51.100	0.019570	537.34	615.62	2.3606	0.80037	1.0554	313.13	4.1494	21.910	0.029524	vapor
438.33	4.0000	50.862	0.019661	538.73	617.38	2.3646	0.80132	1.0555	313.83	4.1110	21.981	0.029650	vapor
440.00	4.0000	50.628	0.019752	540.13	619.13	2.3686	0.80228	1.0556	314.52	4.0730	22.051	0.029777	vapor
441.67	4.0000	50.395	0.019843	541.52	620.89	2.3726	0.80324	1.0558	315.22	4.0356	22.121	0.029904	vapor
443.33	4.0000	50.166	0.019934	542.92	622.65	2.3766	0.80421	1.0560	315.90	3.9987	22.190	0.030031	vapor
445.00	4.0000	49.938	0.020025	544.31	624.41	2.3805	0.80517	1.0561	316.59	3.9622	22.260	0.030158	vapor
446.67	4.0000	49.713	0.020115	545.71	626.17	2.3845	0.80614	1.0564	317.27	3.9263	22.330	0.030286	vapor
448.33	4.0000	49.491	0.020206	547.11	627.94	2.3884	0.80711	1.0566	317.95	3.8908	22.399	0.030413	vapor
450.00	4.0000	49.270	0.020296	548.51	629.70	2.3924	0.80808	1.0568	318.63	3.8557	22.469	0.030540	vapor
451.67	4.0000	49.052	0.020386	549.91	631.46	2.3963	0.80905	1.0571	319.30	3.8211	22.538	0.030668	vapor
453.33	4.0000	48.837	0.020476	551.31	633.22	2.4002	0.81002	1.0573	319.98	3.7870	22.608	0.030795	vapor
455.00	4.0000	48.623	0.020566	552.72	634.98	2.4040	0.81099	1.0576	320.64	3.7533	22.677	0.030922	vapor
456.67	4.0000	48.412	0.020656	554.12	636.75	2.4079	0.81196	1.0579	321.31	3.7200	22.746	0.031047	vapor
458.33	4.0000	48.202	0.020746	555.53	638.51	2.4118	0.81294	1.0582	321.98	3.6872	22.815	0.031176	vapor
460.00	4.0000	47.995	0.020835	556.93	640.27	2.4156	0.81391	1.0585	322.64	3.6547	22.884	0.031305	vapor
461.67	4.0000	47.790	0.020925	558.34	642.04	2.4194	0.81489	1.0589	323.30	3.6227	22.953	0.031435	vapor
463.33	4.0000	47.587	0.021014	559.75	643.80	2.4232	0.81587	1.0592	323.95	3.5911	23.022	0.031564	vapor
465.00	4.0000	47.386	0.021103	561.15	645.57	2.4270	0.81684	1.0596	324.61	3.5598	23.090	0.031694	vapor
466.67	4.0000	47.186	0.021193	562.56	647.33	2.4308	0.81782	1.0599	325.26	3.5290	23.159	0.031823	vapor
468.33	4.0000	46.989	0.021282	563.97	649.10	2.4346	0.81880	1.0603	325.91	3.4985	23.227	0.031953	vapor
470.00	4.0000	46.794	0.021370	565.39	650.87	2.4384	0.81978	1.0607	326.55	3.4684	23.296	0.032083	vapor
471.67	4.0000	46.600	0.021459	566.80	652.64	2.4421	0.82075	1.0611	327.20	3.4387	23.364	0.032212	vapor
473.33	4.0000	46.408	0.021548	568.21	654.41	2.4459	0.82173	1.0615	327.84	3.4093	23.432	0.032342	vapor
475.00	4.0000	46.218	0.021636	569.63	656.17	2.4496	0.82271	1.0619	328.48	3.3803	23.500	0.032472	vapor
476.67	4.0000	46.030	0.021725	571.05	657.95	2.4533	0.82369	1.0624	329.12	3.3516	23.569	0.032602	vapor
478.33	4.0000	45.844	0.021813	572.46	659.72	2.4570	0.82467	1.0628	329.76	3.3233	23.636	0.032732	vapor
480.00	4.0000	45.659	0.021901	573.88	661.49	2.4607	0.82564	1.0633	330.39	3.2953	23.704	0.032862	vapor
481.67	4.0000	45.476	0.021990	575.30	663.26	2.4644	0.82662	1.0637	331.02	3.2676	23.772	0.032992	vapor
483.33	4.0000	45.295	0.022078	576.72	665.03	2.4681	0.82760	1.0642	331.65	3.2403	23.840	0.033123	vapor
485.00	4.0000	45.115	0.022166	578.14	666.81	2.4718	0.82857	1.0646	332.28	3.2133	23.907	0.033253	vapor
486.67	4.0000	44.937	0.022254	579.57	668.58	2.4754	0.82955	1.0651	332.90	3.1866	23.975	0.033383	vapor
488.33	4.0000	44.760	0.022341	580.99	670.36	2.4791	0.83052	1.0656	333.53	3.1602	24.042	0.033513	vapor
490.00	4.0000	44.585	0.022429	582.42	672.13	2.4827	0.83150	1.0661	334.15	3.1341	24.110	0.033644	vapor
491.67	4.0000	44.412	0.022517	583.85	673.91	2.4863	0.83247	1.0666	334.77	3.1084	24.177	0.033774	vapor
493.33	4.0000	44.240	0.022604	585.27	675.69	2.4899	0.83344	1.0671	335.39	3.0829	24.244	0.033905	vapor
495.00	4.0000	44.069	0.022692	586.70	677.47	2.4935	0.83441	1.0676	336.00	3.0577	24.311	0.034035	vapor
496.67	4.0000	43.900	0.022779	588.13	679.25	2.4971	0.83539	1.0682	336.62	3.0328	24.378	0.034166	vapor
498.33	4.0000	43.733	0.022866	589.56	681.03	2.5007	0.83636	1.0687	337.23	3.0082	24.445	0.034296	vapor
500.00	4.0000	43.566	0.022953	591.00	682.81	2.5043	0.83733	1.0692	337.84	2.9838	24.512	0.034427	vapor
501.67	4.0000	43.402	0.023041	592.43	684.59	2.5078	0.83829	1.0698	338.45	2.9597	24.578	0.034558	vapor
503.33	4.0000	43.238	0.023128	593.87	686.38	2.5114	0.83926	1.0703	339.05	2.9359	24.645	0.034688	vapor
505.00	4.0000	43.076	0.023215	595.30	688.16	2.5149	0.84023	1.0709	339.66	2.9124	24.711	0.034819	vapor
506.67	4.0000	42.916	0.023301	596.74	689.95	2.5184	0.84119	1.0714	340.26	2.8891	24.778	0.034950	vapor
508.33	4.0000	42.757	0.023388	598.18	691.73	2.5220	0.84216	1.0720	340.86	2.8661	24.844	0.035081	vapor
510.00	4.0000	42.599	0.023475	599.62	693.52	2.5255	0.84312	1.0726	341.46	2.8433	24.911	0.035211	vapor
511.67	4.0000	42.442	0.023562	601.06	695.31	2.5290	0.84408	1.0731	342.06	2.8208	24.977	0.035342	vapor
513.33	4.0000	42.287	0.023648	602.50	697.10	2.5325	0.84504	1.0737	342.65	2.7985	25.043	0.035473	vapor
515.00	4.0000	42.133	0.023735	603.95	698.89	2.5359	0.84600	1.0743	343.25	2.7765	25.109	0.035604	vapor
516.67	4.0000	41.980	0.023821	605.39	700.68	2.5394	0.84696	1.0749	343.84	2.7547	25.175	0.035735	vapor
518.33	4.0000	41.828	0.023907	606.84	702.47	2.5429	0.84791	1.0755	344.43	2.7332	25.241	0.035865	vapor
520.00	4.0000	41.678	0.023994	608.29	704.26	2.5463	0.84887	1.0761	345.02	2.7118	25.306	0.035996	vapor
521.67	4.0000	41.528	0.024080	609.74	706.06	2.5498	0.84982	1.0766	345.60	2.6907	25.372	0.036127	vapor
523.33	4.0000	41.380	0.024166	611.19	707.85	2.5532	0.85078	1.0773	346.19	2.6698	25.437	0.036258	vapor
525.00	4.0000	41.233	0.024252	612.64	709.65	2.5566	0.85173	1.0779	346.77	2.6492	25.503	0.036389	vapor
526.67	4.0000	41.088	0.024338	614.09	711.44	2.5601	0.85268	1.0785	347.36	2.6287	25.568	0.036520	vapor
528.33	4.0000	40.943	0.024424	615.55	713.24	2.5635	0.85362	1.0791	347.94	2.6085	25.634	0.036651	vapor
530.00	4.0000	40.800	0.024510	617.00	715.04	2.5669	0.85457	1.0797	348.52	2.5885	25.699	0.036782	vapor
531.67	4.0000	40.657	0.024596	618.46	716.84	2.5703	0.85551	1.0803	349.10	2.5687	25.764	0.036913	vapor
533.33	4.0000	40.516	0.024682	619.92	718.64	2.5736	0.85646	1.0809	349.67	2.5491	25.829	0.037044	vapor
535.00	4.0000	40.376	0.024767	621.37	720.44	2.5770	0.85740	1.0816	350.25	2.5297	25.894	0.037175	vapor
536.67	4.0000	40.237	0.024853	622.84	722.25	2.5804	0.85834	1.0822	350.82	2.5105	25.959	0.037306	vapor
538.33	4.0000	40.098	0.024939	624.30	724.05	2.5837	0.85928	1.0828	351.39	2.4915	26.024	0.037437	vapor
540.00	4.0000	39.961	0.025024	625.76	725.86	2.5871	0.86021	1.0834	351.96	2.4726	26.088	0.037568	vapor
541.67	4.0000	39.825	0.025110	627.22	727.66	2.5904	0.86115	1.0841	352.53	2.4540	26.153	0.037699	vapor
543.33	4.0000	39.690	0.025195	628.69	729.47	2.5938	0.86208	1.0847	353.10	2.4356	26.218	0.037829	vapor
545.00	4.0000	39.556	0.025280	630.16	731.28	2.5971	0.86301	1.0853	353.67	2.4173	26.282	0.037960	vapor
546.67	4.0000	39.423	0.025366	631.63	733.09	2.6004	0.86394	1.0860	354.23	2.3993	26.346	0.038091	vapor
548.33	4.0000	39.291	0.025451	633.09	734.90	2.6037	0.86487	1.0866	354.79	2.3814	26.411	0.038222	vapor
550.00	4.0000	39.160	0.025536	634.57	736.71	2.6070	0.86580	1.0873	355.36	2.3637	26.475	0.038353	vapor
551.67	4.0000	39.030	0.025621	636.04	738.52	2.6103	0.86672	1.0879	355.92	2.3461	26.539	0.038484	vapor
553.33	4.0000	38.901	0.025706	637.51	740.34	2.6136	0.86765	1.0886	356.48	2.3288	26.603	0.038615	vapor
555.00	4.0000	38.773	0.025791	638.99	742.15	2.6168	0.86857	1.0892	357.03	2.3116	26.667	0.038746	vapor
556.67	4.0000	38.645	0.025876	640.46	743.97	2.6201	0.86949	1.0899	357.59	2.2945	26.731	0.038877	vapor
558.33	4.0000	38.519	0.025961	641.94	745.78	2.6234	0.87040	1.0905	358.14	2.2777	26.795	0.039008	vapor
560.00	4.0000	38.393	0.026046	643.42	747.60	2.6266	0.87132	1.0912	358.70	2.2610	26.858	0.039138	vapor
561.67	4.0000	38.269	0.026131	644.90	749.42	2.6299	0.87223	1.0918	359.25	2.2445	26.922	0.039269	vapor
563.33	4.0000	38.145	0.026216	646.38	751.24	2.6331	0.87315	1.0925	359.80	2.2281	26.986	0.039400	vapor
565.00	4.0000	38.022	0.026301	647.86	753.06	2.6363	0.87406	1.0932	360.35	2.2119	27.049	0.039531	vapor
566.67	4.0000	37.900	0.026385	649.34	754.89	2.6396	0.87496	1.0938	360.90	2.1958	27.112	0.039662	vapor
568.33	4.0000	37.779	0.026470	650.83	756.71	2.6428	0.87587	1.0945	361.45	2.1799	27.176	0.039792	vapor
570.00	4.0000	37.658	0.026555	652.32	758.53	2.6460	0.87677	1.0951	362.00	2.1641	27.239	0.039923	vapor
571.67	4.0000	37.539	0.026639	653.80	760.36	2.6492	0.87768	1.0958	362.54	2.1485	27.302	0.040054	vapor
573.33	4.0000	37.420	0.026724	655.29	762.19	2.6524	0.87858	1.0965	363.08	2.1331	27.365	0.040184	vapor
575.00	4.0000	37.302	0.026808	656.78	764.01	2.6555	0.87948	1.0971	363.63	2.1177	27.428	0.040315	vapor
576.67	4.0000	37.185	0.026892	658.27	765.84	2.6587	0.88037	1.0978	364.17	2.1026	27.491	0.040446	vapor
578.33	4.0000	37.069	0.026977	659.77	767.67	2.6619	0.88127	1.0985	364.71	2.0875	27.554	0.040576	vapor
580.00	4.0000	36.953	0.027061	661.26	769.51	2.6651	0.88216	1.0992	365.25	2.0726	27.617	0.040707	vapor
581.67	4.0000	36.839	0.027145	662.76	771.34	2.6682	0.88305	1.0998	365.79	2.0579	27.679	0.040837	vapor
583.33	4.0000	36.725	0.027230	664.25	773.17	2.6714	0.88394	1.1005	366.32	2.0433	27.742	0.040968	vapor
585.00	4.0000	36.611	0.027314	665.75	775.01	2.6745	0.88483	1.1012	366.86	2.0288	27.804	0.041098	vapor
586.67	4.0000	36.499	0.027398	667.25	776.84	2.6776	0.88571	1.1018	367.39	2.0144	27.867	0.041229	vapor
588.33	4.0000	36.387	0.027482	668.75	778.68	2.6808	0.88660	1.1025	367.93	2.0002	27.929	0.041359	vapor
590.00	4.0000	36.276	0.027566	670.25	780.52	2.6839	0.88748	1.1032	368.46	1.9861	27.991	0.041490	vapor
591.67	4.0000	36.166	0.027650	671.76	782.36	2.6870	0.88836	1.1039	368.99	1.9721	28.054	0.041620	vapor
593.33	4.0000	36.056	0.027734	673.26	784.20	2.6901	0.88923	1.1045	369.52	1.9583	28.116	0.041750	vapor
595.00	4.0000	35.948	0.027818	674.77	786.04	2.6932	0.89011	1.1052	370.05	1.9445	28.178	0.041881	vapor
596.67	4.0000	35.840	0.027902	676.27	787.88	2.6963	0.89098	1.1059	370.58	1.9309	28.240	0.042011	vapor
598.33	4.0000	35.732	0.027986	677.78	789.72	2.6994	0.89185	1.1066	371.10	1.9175	28.302	0.042141	vapor
600.00	4.0000	35.625	0.028070	679.29	791.57	2.7025	0.89272	1.1072	371.63	1.9041	28.363	0.042272	vapor
601.67	4.0000	35.519	0.028154	680.80	793.42	2.7055	0.89359	1.1079	372.15	1.8909	28.425	0.042402	vapor
603.33	4.0000	35.414	0.028237	682.31	795.26	2.7086	0.89445	1.1086	372.68	1.8778	28.487	0.042532	vapor
605.00	4.0000	35.309	0.028321	683.83	797.11	2.7116	0.89531	1.1093	373.20	1.8647	28.548	0.042662	vapor
606.67	4.0000	35.205	0.028405	685.34	798.96	2.7147	0.89618	1.1099	373.72	1.8518	28.610	0.042792	vapor
608.33	4.0000	35.102	0.028489	686.86	800.81	2.7177	0.89703	1.1106	374.24	1.8391	28.671	0.042922	vapor
610.00	4.0000	34.999	0.028572	688.37	802.66	2.7208	0.89789	1.1113	374.76	1.8264	28.733	0.043052	vapor
611.67	4.0000	34.897	0.028656	689.89	804.51	2.7238	0.89875	1.1120	375.28	1.8138	28.794	0.043182	vapor
613.33	4.0000	34.795	0.028739	691.41	806.37	2.7268	0.89960	1.1126	375.79	1.8014	28.855	0.043312	vapor
615.00	4.0000	34.695	0.028823	692.93	808.22	2.7299	0.90045	1.1133	376.31	1.7890	28.916	0.043442	vapor
616.67	4.0000	34.594	0.028906	694.45	810.08	2.7329	0.90130	1.1140	376.83	1.7768	28.977	0.043572	vapor
618.33	4.0000	34.495	0.028990	695.98	811.94	2.7359	0.90214	1.1147	377.34	1.7647	29.038	0.043701	vapor
620.00	4.0000	34.396	0.029073	697.50	813.80	2.7389	0.90299	1.1153	377.85	1.7526	29.099	0.043831	vapor
621.67	4.0000	34.297	0.029157	699.03	815.65	2.7419	0.90383	1.1160	378.37	1.7407	29.160	0.043961	vapor
623.33	4.0000	34.200	0.029240	700.56	817.52	2.7449	0.90467	1.1167	378.88	1.7289	29.221	0.044090	vapor
625.00	4.0000	34.103	0.029323	702.08	819.38	2.7479	0.90551	1.1174	379.39	1.7171	29.282	0.044220	vapor
626.67	4.0000	34.006	0.029407	703.61	821.24	2.7508	0.90635	1.1180	379.90	1.7055	29.342	0.044350	vapor
628.33	4.0000	33.910	0.029490	705.14	823.10	2.7538	0.90718	1.1187	380.40	1.6939	29.403	0.044479	vapor
630.00	4.0000	33.814	0.029573	706.68	824.97	2.7568	0.90801	1.1194	380.91	1.6825	29.463	0.044609	vapor
631.67	4.0000	33.720	0.029656	708.21	826.83	2.7597	0.90884	1.1201	381.42	1.6712	29.524	0.044738	vapor
633.33	4.0000	33.625	0.029740	709.74	828.70	2.7627	0.90967	1.1207	381.92	1.6599	29.584	0.044867	vapor
635.00	4.0000	33.532	0.029823	711.28	830.57	2.7656	0.91050	1.1214	382.43	1.6487	29.644	0.044997	vapor
636.67	4.0000	33.438	0.029906	712.82	832.44	2.7686	0.91132	1.1221	382.93	1.6377	29.704	0.045126	vapor
638.33	4.0000	33.346	0.029989	714.36	834.31	2.7715	0.91214	1.1227	383.44	1.6267	29.764	0.045255	vapor
640.00	4.0000	33.254	0.030072	715.90	836.18	2.7744	0.91296	1.1234	383.94	1.6158	29.824	0.045384	vapor
641.67	4.0000	33.162	0.030155	717.44	838.06	2.7773	0.91378	1.1241	384.44	1.6050	29.884	0.045513	vapor
643.33	4.0000	33.071	0.030238	718.98	839.93	2.7803	0.91460	1.1248	384.94	1.5943	29.944	0.045643	vapor
645.00	4.0000	32.981	0.030321	720.52	841.80	2.7832	0.91541	1.1254	385.44	1.5837	30.004	0.045772	vapor
646.67	4.0000	32.891	0.030404	722.07	843.68	2.7861	0.91622	1.1261	385.94	1.5731	30.064	0.045901	vapor
648.33	4.0000	32.801	0.030487	723.61	845.56	2.7890	0.91703	1.1268	386.43	1.5627	30.123	0.046029	vapor
650.00	4.0000	32.712	0.030570	725.16	847.44	2.7919	0.91784	1.1274	386.93	1.5523	30.183	0.046158	vapor
651.67	4.0000	32.624	0.030652	726.71	849.32	2.7948	0.91864	1.1281	387.43	1.5420	30.243	0.046287	vapor
653.33	4.0000	32.536	0.030735	728.26	851.20	2.7976	0.91945	1.1288	387.92	1.5318	30.302	0.046416	vapor
655.00	4.0000	32.448	0.030818	729.81	853.08	2.8005	0.92025	1.1294	388.41	1.5217	30.361	0.046545	vapor
656.67	4.0000	32.362	0.030901	731.36	854.96	2.8034	0.92105	1.1301	388.91	1.5116	30.421	0.046673	vapor
658.33	4.0000	32.275	0.030984	732.91	856.85	2.8063	0.92185	1.1308	389.40	1.5017	30.480	0.046802	vapor
660.00	4.0000	32.189	0.031066	734.47	858.73	2.8091	0.92264	1.1314	389.89	1.4918	30.539	0.046931	vapor
661.67	4.0000	32.104	0.031149	736.02	860.62	2.8120	0.92343	1.1321	390.38	1.4820	30.598	0.047059	vapor
663.33	4.0000	32.019	0.031232	737.58	862.50	2.8148	0.92423	1.1328	390.87	1.4722	30.657	0.047187	vapor
665.00	4.0000	31.934	0.031314	739.14	864.39	2.8177	0.92501	1.1334	391.36	1.4626	30.716	0.047316	vapor
666.67	4.0000	31.850	0.031397	740.69	866.28	2.8205	0.92580	1.1341	391.85	1.4530	30.775	0.047444	vapor
668.33	4.0000	31.767	0.031480	742.26	868.17	2.8233	0.92659	1.1347	392.34	1.4435	30.834	0.047572	vapor
670.00	4.0000	31.683	0.031562	743.82	870.07	2.8262	0.92737	1.1354	392.82	1.4340	30.893	0.047701	vapor
671.67	4.0000	31.601	0.031645	745.38	871.96	2.8290	0.92815	1.1361	393.31	1.4247	30.952	0.047829	vapor
673.33	4.0000	31.519	0.031727	746.94	873.85	2.8318	0.92893	1.1367	393.79	1.4154	31.010	0.047957	vapor
675.00	4.0000	31.437	0.031810	748.51	875.75	2.8346	0.92971	1.1374	394.28	1.4061	31.069	0.048085	vapor
676.67	4.0000	31.356	0.031892	750.07	877.64	2.8374	0.93048	1.1380	394.76	1.3970	31.127	0.048213	vapor
678.33	4.0000	31.275	0.031975	751.64	879.54	2.8402	0.93125	1.1387	395.24	1.3879	31.186	0.048341	vapor
680.00	4.0000	31.194	0.032057	753.21	881.44	2.8430	0.93202	1.1393	395.73	1.3789	31.244	0.048469	vapor
681.67	4.0000	31.114	0.032140	754.78	883.34	2.8458	0.93279	1.1400	396.21	1.3699	31.302	0.048597	vapor
683.33	4.0000	31.035	0.032222	756.35	885.24	2.8486	0.93356	1.1406	396.69	1.3611	31.361	0.048724	vapor
685.00	4.0000	30.956	0.032304	757.92	887.14	2.8514	0.93432	1.1413	397.17	1.3522	31.419	0.048852	vapor
686.67	4.0000	30.877	0.032387	759.50	889.04	2.8541	0.93509	1.1419	397.64	1.3435	31.477	0.048980	vapor
688.33	4.0000	30.799	0.032469	761.07	890.95	2.8569	0.93585	1.1426	398.12	1.3348	31.535	0.049107	vapor
690.00	4.0000	30.721	0.032551	762.65	892.85	2.8597	0.93661	1.1432	398.60	1.3262	31.593	0.049235	vapor
691.67	4.0000	30.643	0.032634	764.22	894.76	2.8624	0.93736	1.1439	399.08	1.3176	31.651	0.049362	vapor
693.33	4.0000	30.566	0.032716	765.80	896.66	2.8652	0.93812	1.1445	399.55	1.3091	31.709	0.049490	vapor
695.00	4.0000	30.490	0.032798	767.38	898.57	2.8679	0.93887	1.1452	400.03	1.3007	31.766	0.049617	vapor
696.67	4.0000	30.413	0.032880	768.96	900.48	2.8707	0.93962	1.1458	400.50	1.2923	31.824	0.049744	vapor
698.33	4.0000	30.338	0.032962	770.54	902.39	2.8734	0.94037	1.1465	400.97	1.2840	31.882	0.049871	vapor
700.00	4.0000	30.262	0.033045	772.13	904.30	2.8762	0.94111	1.1471	401.45	1.2758	31.939	0.049999	vapor
701.67	4.0000	30.187	0.033127	773.71	906.22	2.8789	0.94186	1.1477	401.92	1.2676	31.997	0.050126	vapor
703.33	4.0000	30.112	0.033209	775.29	908.13	2.8816	0.94260	1.1484	402.39	1.2595	32.054	0.050253	vapor
705.00	4.0000	30.038	0.033291	776.88	910.04	2.8843	0.94334	1.1490	402.86	1.2514	32.112	0.050380	vapor
706.67	4.0000	29.964	0.033373	778.47	911.96	2.8870	0.94408	1.1497	403.33	1.2434	32.169	0.050506	vapor
708.33	4.0000	29.891	0.033455	780.06	913.88	2.8897	0.94482	1.1503	403.80	1.2354	32.226	0.050633	vapor
710.00	4.0000	29.818	0.033537	781.64	915.79	2.8925	0.94555	1.1509	404.27	1.2275	32.283	0.050760	vapor
711.67	4.0000	29.745	0.033619	783.24	917.71	2.8951	0.94628	1.1516	404.74	1.2197	32.341	0.050887	vapor
713.33	4.0000	29.672	0.033701	784.83	919.63	2.8978	0.94701	1.1522	405.20	1.2119	32.398	0.051013	vapor
715.00	4.0000	29.600	0.033783	786.42	921.55	2.9005	0.94774	1.1528	405.67	1.2042	32.455	0.051140	vapor
716.67	4.0000	29.529	0.033865	788.01	923.48	2.9032	0.94847	1.1535	406.14	1.1965	32.512	0.051266	vapor
718.33	4.0000	29.457	0.033947	789.61	925.40	2.9059	0.94919	1.1541	406.60	1.1889	32.568	0.051393	vapor
720.00	4.0000	29.387	0.034029	791.21	927.32	2.9086	0.94992	1.1547	407.07	1.1813	32.625	0.051519	vapor
721.67	4.0000	29.316	0.034111	792.80	929.25	2.9112	0.95064	1.1553	407.53	1.1738	32.682	0.051646	vapor
723.33	4.0000	29.246	0.034193	794.40	931.17	2.9139	0.95136	1.1560	407.99	1.1663	32.739	0.051772	vapor
725.00	4.0000	29.176	0.034275	796.00	933.10	2.9166	0.95207	1.1566	408.45	1.1589	32.795	0.051898	vapor
726.67	4.0000	29.106	0.034357	797.60	935.03	2.9192	0.95279	1.1572	408.92	1.1515	32.852	0.052024	vapor
728.33	4.0000	29.037	0.034439	799.20	936.96	2.9219	0.95350	1.1578	409.38	1.1442	32.908	0.052150	vapor
730.00	4.0000	28.968	0.034520	800.81	938.89	2.9245	0.95421	1.1585	409.84	1.1370	32.965	0.052276	vapor
731.67	4.0000	28.900	0.034602	802.41	940.82	2.9272	0.95492	1.1591	410.30	1.1298	33.021	0.052402	vapor
733.33	4.0000	28.832	0.034684	804.02	942.75	2.9298	0.95563	1.1597	410.76	1.1226	33.078	0.052528	vapor
735.00	4.0000	28.764	0.034766	805.62	944.69	2.9324	0.95633	1.1603	411.21	1.1155	33.134	0.052654	vapor
736.67	4.0000	28.696	0.034848	807.23	946.62	2.9351	0.95703	1.1609	411.67	1.1084	33.190	0.052779	vapor
738.33	4.0000	28.629	0.034929	808.84	948.55	2.9377	0.95774	1.1616	412.13	1.1014	33.246	0.052905	vapor
740.00	4.0000	28.562	0.035011	810.45	950.49	2.9403	0.95844	1.1622	412.59	1.0944	33.302	0.053031	vapor
741.67	4.0000	28.496	0.035093	812.06	952.43	2.9429	0.95913	1.1628	413.04	1.0875	33.358	0.053156	vapor
743.33	4.0000	28.430	0.035174	813.67	954.37	2.9455	0.95983	1.1634	413.50	1.0807	33.414	0.053281	vapor
745.00	4.0000	28.364	0.035256	815.28	956.31	2.9481	0.96052	1.1640	413.95	1.0738	33.470	0.053407	vapor
746.67	4.0000	28.298	0.035338	816.90	958.25	2.9507	0.96121	1.1646	414.41	1.0670	33.526	0.053532	vapor
748.33	4.0000	28.233	0.035419	818.51	960.19	2.9533	0.96190	1.1652	414.86	1.0603	33.582	0.053657	vapor
750.00	4.0000	28.168	0.035501	820.13	962.13	2.9559	0.96259	1.1658	415.31	1.0536	33.638	0.053782	vapor
751.67	4.0000	28.104	0.035583	821.74	964.08	2.9585	0.96328	1.1664	415.76	1.0470	33.693	0.053908	vapor
753.33	4.0000	28.039	0.035664	823.36	966.02	2.9611	0.96396	1.1671	416.21	1.0404	33.749	0.054033	vapor
755.00	4.0000	27.975	0.035746	824.98	967.97	2.9637	0.96464	1.1677	416.67	1.0338	33.804	0.054158	vapor
756.67	4.0000	27.912	0.035827	826.60	969.91	2.9663	0.96532	1.1683	417.12	1.0273	33.860	0.054282	vapor
758.33	4.0000	27.848	0.035909	828.22	971.86	2.9688	0.96600	1.1689	417.57	1.0208	33.915	0.054407	vapor
760.00	4.0000	27.785	0.035990	829.85	973.81	2.9714	0.96668	1.1695	418.01	1.0144	33.971	0.054532	vapor
761.67	4.0000	27.722	0.036072	831.47	975.76	2.9740	0.96735	1.1701	418.46	1.0080	34.026	0.054657	vapor
763.33	4.0000	27.660	0.036154	833.09	977.71	2.9765	0.96802	1.1707	418.91	1.0017	34.081	0.054781	vapor
765.00	4.0000	27.598	0.036235	834.72	979.66	2.9791	0.96870	1.1713	419.36	0.99535	34.137	0.054906	vapor
766.67	4.0000	27.536	0.036316	836.35	981.61	2.9816	0.96936	1.1718	419.80	0.98908	34.192	0.055030	vapor
768.33	4.0000	27.474	0.036398	837.97	983.57	2.9842	0.97003	1.1724	420.25	0.98286	34.247	0.055155	vapor
770.00	4.0000	27.413	0.036479	839.60	985.52	2.9867	0.97070	1.1730	420.70	0.97667	34.302	0.055279	vapor
771.67	4.0000	27.352	0.036561	841.23	987.48	2.9893	0.97136	1.1736	421.14	0.97053	34.357	0.055403	vapor
773.33	4.0000	27.291	0.036642	842.86	989.43	2.9918	0.97202	1.1742	421.59	0.96443	34.412	0.055527	vapor
775.00	4.0000	27.230	0.036724	844.50	991.39	2.9943	0.97268	1.1748	422.03	0.95836	34.467	0.055651	vapor
776.67	4.0000	27.170	0.036805	846.13	993.35	2.9968	0.97334	1.1754	422.47	0.95233	34.522	0.055775	vapor
778.33	4.0000	27.110	0.036886	847.76	995.31	2.9994	0.97399	1.1760	422.92	0.94634	34.576	0.055899	vapor
780.00	4.0000	27.051	0.036968	849.40	997.27	3.0019	0.97465	1.1766	423.36	0.94039	34.631	0.056023	vapor
781.67	4.0000	26.991	0.037049	851.03	999.23	3.0044	0.97530	1.1771	423.80	0.93448	34.686	0.056147	vapor
783.33	4.0000	26.932	0.037130	852.67	1001.2	3.0069	0.97595	1.1777	424.24	0.92860	34.740	0.056271	vapor
785.00	4.0000	26.873	0.037212	854.31	1003.2	3.0094	0.97660	1.1783	424.68	0.92277	34.795	0.056395	vapor
786.67	4.0000	26.815	0.037293	855.95	1005.1	3.0119	0.97725	1.1789	425.12	0.91696	34.849	0.056518	vapor
788.33	4.0000	26.756	0.037374	857.59	1007.1	3.0144	0.97789	1.1795	425.56	0.91120	34.904	0.056642	vapor
790.00	4.0000	26.698	0.037456	859.23	1009.1	3.0169	0.97854	1.1800	426.00	0.90547	34.958	0.056765	vapor
791.67	4.0000	26.640	0.037537	860.87	1011.0	3.0194	0.97918	1.1806	426.44	0.89977	35.012	0.056888	vapor
793.33	4.0000	26.583	0.037618	862.51	1013.0	3.0219	0.97982	1.1812	426.87	0.89412	35.067	0.057012	vapor
795.00	4.0000	26.526	0.037699	864.16	1015.0	3.0243	0.98045	1.1818	427.31	0.88849	35.121	0.057135	vapor
796.67	4.0000	26.469	0.037781	865.80	1016.9	3.0268	0.98109	1.1823	427.75	0.88290	35.175	0.057258	vapor
798.33	4.0000	26.412	0.037862	867.45	1018.9	3.0293	0.98172	1.1829	428.18	0.87735	35.229	0.057381	vapor
800.00	4.0000	26.355	0.037943	869.10	1020.9	3.0317	0.98236	1.1835	428.62	0.87183	35.283	0.057504	vapor
801.67	4.0000	26.299	0.038024	870.75	1022.8	3.0342	0.98299	1.1840	429.05	0.86634	35.337	0.057627	vapor
803.33	4.0000	26.243	0.038105	872.39	1024.8	3.0367	0.98362	1.1846	429.49	0.86089	35.391	0.057750	vapor
805.00	4.0000	26.187	0.038187	874.04	1026.8	3.0391	0.98424	1.1852	429.92	0.85547	35.445	0.057873	vapor
806.67	4.0000	26.132	0.038268	875.70	1028.8	3.0416	0.98487	1.1857	430.36	0.85008	35.499	0.057996	vapor
808.33	4.0000	26.076	0.038349	877.35	1030.7	3.0440	0.98549	1.1863	430.79	0.84473	35.553	0.058118	vapor
810.00	4.0000	26.021	0.038430	879.00	1032.7	3.0465	0.98611	1.1869	431.22	0.83941	35.606	0.058241	vapor
811.67	4.0000	25.967	0.038511	880.66	1034.7	3.0489	0.98673	1.1874	431.65	0.83412	35.660	0.058363	vapor
813.33	4.0000	25.912	0.038592	882.31	1036.7	3.0513	0.98735	1.1880	432.08	0.82886	35.714	0.058486	vapor
815.00	4.0000	25.858	0.038673	883.97	1038.7	3.0538	0.98797	1.1885	432.51	0.82363	35.767	0.058608	vapor
816.67	4.0000	25.804	0.038754	885.62	1040.6	3.0562	0.98858	1.1891	432.94	0.81844	35.821	0.058730	vapor
818.33	4.0000	25.750	0.038835	887.28	1042.6	3.0586	0.98920	1.1897	433.37	0.81328	35.874	0.058853	vapor
820.00	4.0000	25.696	0.038917	888.94	1044.6	3.0611	0.98981	1.1902	433.80	0.80814	35.928	0.058975	vapor
821.67	4.0000	25.643	0.038998	890.60	1046.6	3.0635	0.99042	1.1908	434.23	0.80304	35.981	0.059097	vapor
823.33	4.0000	25.589	0.039079	892.26	1048.6	3.0659	0.99102	1.1913	434.66	0.79797	36.034	0.059219	vapor
825.00	4.0000	25.536	0.039160	893.92	1050.6	3.0683	0.99163	1.1919	435.09	0.79293	36.088	0.059341	vapor
826.67	4.0000	25.484	0.039241	895.59	1052.5	3.0707	0.99223	1.1924	435.51	0.78791	36.141	0.059463	vapor
828.33	4.0000	25.431	0.039322	897.25	1054.5	3.0731	0.99284	1.1930	435.94	0.78293	36.194	0.059584	vapor
830.00	4.0000	25.379	0.039403	898.91	1056.5	3.0755	0.99344	1.1935	436.37	0.77798	36.247	0.059706	vapor
831.67	4.0000	25.327	0.039484	900.58	1058.5	3.0779	0.99404	1.1940	436.79	0.77305	36.300	0.059828	vapor
833.33	4.0000	25.275	0.039565	902.25	1060.5	3.0803	0.99464	1.1946	437.22	0.76816	36.353	0.059949	vapor
835.00	4.0000	25.223	0.039646	903.91	1062.5	3.0827	0.99523	1.1951	437.64	0.76329	36.406	0.060071	vapor
836.67	4.0000	25.172	0.039727	905.58	1064.5	3.0851	0.99582	1.1957	438.07	0.75845	36.459	0.060192	vapor
838.33	4.0000	25.121	0.039807	907.25	1066.5	3.0874	0.99642	1.1962	438.49	0.75364	36.512	0.060313	vapor
840.00	4.0000	25.070	0.039888	908.92	1068.5	3.0898	0.99701	1.1968	438.91	0.74886	36.565	0.060435	vapor
841.67	4.0000	25.019	0.039969	910.59	1070.5	3.0922	0.99760	1.1973	439.34	0.74410	36.618	0.060556	vapor
843.33	4.0000	24.969	0.040050	912.27	1072.5	3.0946	0.99818	1.1978	439.76	0.73937	36.670	0.060677	vapor
845.00	4.0000	24.918	0.040131	913.94	1074.5	3.0969	0.99877	1.1984	440.18	0.73467	36.723	0.060798	vapor
846.67	4.0000	24.868	0.040212	915.61	1076.5	3.0993	0.99935	1.1989	440.60	0.73000	36.776	0.060919	vapor
848.33	4.0000	24.818	0.040293	917.29	1078.5	3.1016	0.99994	1.1994	441.02	0.72535	36.828	0.061040	vapor
850.00	4.0000	24.769	0.040374	918.97	1080.5	3.1040	1.0005	1.2000	441.44	0.72073	36.881	0.061161	vapor
851.67	4.0000	24.719	0.040455	920.64	1082.5	3.1063	1.0011	1.2005	441.86	0.71613	36.933	0.061281	vapor
853.33	4.0000	24.670	0.040535	922.32	1084.5	3.1087	1.0017	1.2010	442.28	0.71157	36.986	0.061402	vapor
855.00	4.0000	24.621	0.040616	924.00	1086.5	3.1110	1.0022	1.2015	442.70	0.70702	37.038	0.061523	vapor
856.67	4.0000	24.572	0.040697	925.68	1088.5	3.1134	1.0028	1.2021	443.12	0.70251	37.090	0.061643	vapor
858.33	4.0000	24.523	0.040778	927.36	1090.5	3.1157	1.0034	1.2026	443.54	0.69801	37.143	0.061763	vapor
860.00	4.0000	24.475	0.040859	929.04	1092.5	3.1181	1.0040	1.2031	443.96	0.69355	37.195	0.061884	vapor
861.67	4.0000	24.426	0.040940	930.72	1094.5	3.1204	1.0045	1.2036	444.37	0.68911	37.247	0.062004	vapor
863.33	4.0000	24.378	0.041020	932.41	1096.5	3.1227	1.0051	1.2041	444.79	0.68469	37.299	0.062124	vapor
865.00	4.0000	24.330	0.041101	934.09	1098.5	3.1250	1.0057	1.2047	445.21	0.68030	37.351	0.062244	vapor
866.67	4.0000	24.283	0.041182	935.78	1100.5	3.1273	1.0062	1.2052	445.62	0.67593	37.403	0.062364	vapor
868.33	4.0000	24.235	0.041263	937.46	1102.5	3.1297	1.0068	1.2057	446.04	0.67159	37.455	0.062484	vapor
870.00	4.0000	24.188	0.041343	939.15	1104.5	3.1320	1.0074	1.2062	446.45	0.66727	37.507	0.062604	vapor
871.67	4.0000	24.141	0.041424	940.84	1106.5	3.1343	1.0079	1.2067	446.87	0.66297	37.559	0.062724	vapor
873.33	4.0000	24.094	0.041505	942.53	1108.5	3.1366	1.0085	1.2072	447.28	0.65870	37.611	0.062844	vapor
875.00	4.0000	24.047	0.041586	944.21	1110.6	3.1389	1.0090	1.2077	447.69	0.65445	37.663	0.062964	vapor
876.67	4.0000	24.000	0.041666	945.91	1112.6	3.1412	1.0096	1.2083	448.11	0.65023	37.714	0.063083	vapor
878.33	4.0000	23.954	0.041747	947.60	1114.6	3.1435	1.0101	1.2088	448.52	0.64603	37.766	0.063203	vapor
880.00	4.0000	23.908	0.041828	949.29	1116.6	3.1458	1.0107	1.2093	448.93	0.64185	37.818	0.063322	vapor
881.67	4.0000	23.862	0.041908	950.98	1118.6	3.1481	1.0112	1.2098	449.34	0.63769	37.869	0.063442	vapor
883.33	4.0000	23.816	0.041989	952.68	1120.6	3.1504	1.0118	1.2103	449.75	0.63356	37.921	0.063561	vapor
885.00	4.0000	23.770	0.042070	954.37	1122.6	3.1526	1.0123	1.2108	450.17	0.62945	37.972	0.063680	vapor
886.67	4.0000	23.725	0.042150	956.07	1124.7	3.1549	1.0129	1.2113	450.58	0.62536	38.024	0.063799	vapor
888.33	4.0000	23.679	0.042231	957.76	1126.7	3.1572	1.0134	1.2118	450.99	0.62129	38.075	0.063918	vapor
890.00	4.0000	23.634	0.042312	959.46	1128.7	3.1595	1.0140	1.2123	451.40	0.61724	38.127	0.064037	vapor
891.67	4.0000	23.589	0.042392	961.16	1130.7	3.1617	1.0145	1.2128	451.80	0.61322	38.178	0.064156	vapor
893.33	4.0000	23.544	0.042473	962.86	1132.8	3.1640	1.0150	1.2133	452.21	0.60922	38.229	0.064275	vapor
895.00	4.0000	23.500	0.042553	964.56	1134.8	3.1663	1.0156	1.2138	452.62	0.60524	38.281	0.064394	vapor
896.67	4.0000	23.455	0.042634	966.26	1136.8	3.1685	1.0161	1.2143	453.03	0.60128	38.332	0.064513	vapor
898.33	4.0000	23.411	0.042715	967.96	1138.8	3.1708	1.0167	1.2148	453.44	0.59734	38.383	0.064631	vapor
900.00	4.0000	23.367	0.042795	969.66	1140.8	3.1730	1.0172	1.2153	453.84	0.59343	38.434	0.064750	vapor
901.67	4.0000	23.323	0.042876	971.37	1142.9	3.1753	1.0177	1.2157	454.25	0.58953	38.485	0.064868	vapor
903.33	4.0000	23.279	0.042956	973.07	1144.9	3.1775	1.0182	1.2162	454.66	0.58565	38.536	0.064987	vapor
905.00	4.0000	23.236	0.043037	974.78	1146.9	3.1798	1.0188	1.2167	455.06	0.58180	38.587	0.065105	vapor
906.67	4.0000	23.192	0.043118	976.48	1149.0	3.1820	1.0193	1.2172	455.47	0.57796	38.638	0.065223	vapor
908.33	4.0000	23.149	0.043198	978.19	1151.0	3.1842	1.0198	1.2177	455.87	0.57415	38.689	0.065341	vapor
910.00	4.0000	23.106	0.043279	979.90	1153.0	3.1865	1.0204	1.2182	456.28	0.57035	38.740	0.065459	vapor
911.67	4.0000	23.063	0.043359	981.61	1155.0	3.1887	1.0209	1.2187	456.68	0.56658	38.791	0.065577	vapor
913.33	4.0000	23.020	0.043440	983.32	1157.1	3.1909	1.0214	1.2191	457.08	0.56282	38.841	0.065695	vapor
915.00	4.0000	22.978	0.043520	985.03	1159.1	3.1931	1.0219	1.2196	457.49	0.55909	38.892	0.065813	vapor
916.67	4.0000	22.935	0.043601	986.74	1161.1	3.1954	1.0224	1.2201	457.89	0.55537	38.943	0.065931	vapor
918.33	4.0000	22.893	0.043681	988.45	1163.2	3.1976	1.0229	1.2206	458.29	0.55167	38.994	0.066049	vapor
920.00	4.0000	22.851	0.043762	990.16	1165.2	3.1998	1.0235	1.2211	458.70	0.54799	39.044	0.066166	vapor
921.67	4.0000	22.809	0.043842	991.88	1167.2	3.2020	1.0240	1.2215	459.10	0.54433	39.095	0.066284	vapor
923.33	4.0000	22.767	0.043923	993.59	1169.3	3.2042	1.0245	1.2220	459.50	0.54069	39.145	0.066401	vapor
925.00	4.0000	22.726	0.044003	995.30	1171.3	3.2064	1.0250	1.2225	459.90	0.53707	39.196	0.066519	vapor
926.67	4.0000	22.684	0.044084	997.02	1173.4	3.2086	1.0255	1.2230	460.30	0.53347	39.246	0.066636	vapor
928.33	4.0000	22.643	0.044164	998.74	1175.4	3.2108	1.0260	1.2234	460.70	0.52988	39.296	0.066754	vapor
930.00	4.0000	22.602	0.044245	1000.5	1177.4	3.2130	1.0265	1.2239	461.10	0.52632	39.347	0.066871	vapor
931.67	4.0000	22.561	0.044325	1002.2	1179.5	3.2152	1.0270	1.2244	461.50	0.52277	39.397	0.066988	vapor
933.33	4.0000	22.520	0.044405	1003.9	1181.5	3.2174	1.0275	1.2248	461.90	0.51924	39.447	0.067105	vapor
935.00	4.0000	22.479	0.044486	1005.6	1183.6	3.2196	1.0280	1.2253	462.30	0.51572	39.497	0.067222	vapor
936.67	4.0000	22.438	0.044566	1007.3	1185.6	3.2218	1.0285	1.2258	462.69	0.51223	39.548	0.067339	vapor
938.33	4.0000	22.398	0.044647	1009.1	1187.6	3.2239	1.0290	1.2262	463.09	0.50875	39.598	0.067456	vapor
940.00	4.0000	22.358	0.044727	1010.8	1189.7	3.2261	1.0295	1.2267	463.49	0.50529	39.648	0.067572	vapor
941.67	4.0000	22.318	0.044807	1012.5	1191.7	3.2283	1.0300	1.2271	463.89	0.50185	39.698	0.067689	vapor
943.33	4.0000	22.278	0.044888	1014.2	1193.8	3.2305	1.0305	1.2276	464.28	0.49842	39.748	0.067806	vapor
945.00	4.0000	22.238	0.044968	1016.0	1195.8	3.2326	1.0310	1.2281	464.68	0.49502	39.798	0.067922	vapor
946.67	4.0000	22.198	0.045049	1017.7	1197.9	3.2348	1.0315	1.2285	465.08	0.49163	39.848	0.068039	vapor
948.33	4.0000	22.159	0.045129	1019.4	1199.9	3.2370	1.0320	1.2290	465.47	0.48825	39.898	0.068155	vapor
950.00	4.0000	22.119	0.045209	1021.1	1202.0	3.2391	1.0325	1.2294	465.87	0.48489	39.947	0.068271	vapor
951.67	4.0000	22.080	0.045290	1022.9	1204.0	3.2413	1.0330	1.2299	466.26	0.48155	39.997	0.068387	vapor
953.33	4.0000	22.041	0.045370	1024.6	1206.1	3.2434	1.0335	1.2303	466.66	0.47823	40.047	0.068504	vapor
955.00	4.0000	22.002	0.045450	1026.3	1208.1	3.2456	1.0339	1.2308	467.05	0.47492	40.097	0.068620	vapor
956.67	4.0000	21.963	0.045531	1028.0	1210.2	3.2477	1.0344	1.2312	467.44	0.47163	40.146	0.068736	vapor
958.33	4.0000	21.924	0.045611	1029.8	1212.2	3.2499	1.0349	1.2317	467.84	0.46835	40.196	0.068852	vapor
960.00	4.0000	21.886	0.045691	1031.5	1214.3	3.2520	1.0354	1.2321	468.23	0.46509	40.246	0.068967	vapor
961.67	4.0000	21.848	0.045772	1033.2	1216.3	3.2541	1.0359	1.2326	468.62	0.46185	40.295	0.069083	vapor
963.33	4.0000	21.809	0.045852	1035.0	1218.4	3.2563	1.0363	1.2330	469.01	0.45862	40.345	0.069199	vapor
965.00	4.0000	21.771	0.045932	1036.7	1220.4	3.2584	1.0368	1.2335	469.41	0.45541	40.394	0.069315	vapor
966.67	4.0000	21.733	0.046013	1038.4	1222.5	3.2605	1.0373	1.2339	469.80	0.45221	40.444	0.069430	vapor
968.33	4.0000	21.695	0.046093	1040.2	1224.6	3.2627	1.0378	1.2344	470.19	0.44903	40.493	0.069546	vapor
970.00	4.0000	21.658	0.046173	1041.9	1226.6	3.2648	1.0382	1.2348	470.58	0.44587	40.542	0.069661	vapor
971.67	4.0000	21.620	0.046254	1043.7	1228.7	3.2669	1.0387	1.2352	470.97	0.44272	40.592	0.069776	vapor
973.33	4.0000	21.583	0.046334	1045.4	1230.7	3.2690	1.0392	1.2357	471.36	0.43958	40.641	0.069892	vapor
975.00	4.0000	21.545	0.046414	1047.1	1232.8	3.2711	1.0397	1.2361	471.75	0.43646	40.690	0.070007	vapor
976.67	4.0000	21.508	0.046494	1048.9	1234.8	3.2732	1.0401	1.2366	472.14	0.43336	40.739	0.070122	vapor
978.33	4.0000	21.471	0.046575	1050.6	1236.9	3.2754	1.0406	1.2370	472.53	0.43027	40.788	0.070237	vapor
980.00	4.0000	21.434	0.046655	1052.4	1239.0	3.2775	1.0410	1.2374	472.91	0.42719	40.838	0.070352	vapor
981.67	4.0000	21.397	0.046735	1054.1	1241.0	3.2796	1.0415	1.2379	473.30	0.42413	40.887	0.070467	vapor
983.33	4.0000	21.361	0.046815	1055.8	1243.1	3.2817	1.0420	1.2383	473.69	0.42108	40.936	0.070582	vapor
985.00	4.0000	21.324	0.046896	1057.6	1245.2	3.2838	1.0424	1.2387	474.08	0.41805	40.985	0.070696	vapor
986.67	4.0000	21.288	0.046976	1059.3	1247.2	3.2859	1.0429	1.2391	474.46	0.41503	41.034	0.070811	vapor
988.33	4.0000	21.251	0.047056	1061.1	1249.3	3.2879	1.0434	1.2396	474.85	0.41203	41.083	0.070926	vapor
990.00	4.0000	21.215	0.047136	1062.8	1251.4	3.2900	1.0438	1.2400	475.24	0.40904	41.131	0.071040	vapor
991.67	4.0000	21.179	0.047216	1064.6	1253.4	3.2921	1.0443	1.2404	475.62	0.40607	41.180	0.071155	vapor
993.33	4.0000	21.143	0.047297	1066.3	1255.5	3.2942	1.0447	1.2409	476.01	0.40310	41.229	0.071269	vapor
995.00	4.0000	21.107	0.047377	1068.1	1257.6	3.2963	1.0452	1.2413	476.39	0.40016	41.278	0.071383	vapor
996.67	4.0000	21.072	0.047457	1069.8	1259.6	3.2984	1.0456	1.2417	476.78	0.39722	41.327	0.071497	vapor
998.33	4.0000	21.036	0.047537	1071.6	1261.7	3.3004	1.0461	1.2421	477.16	0.39430	41.375	0.071612	vapor
1000.0	4.0000	21.001	0.047617	1073.3	1263.8	3.3025	1.0465	1.2425	477.55	0.39140	41.424	0.071726	vapor
1001.7	4.0000	20.965	0.047697	1075.1	1265.8	3.3046	1.0470	1.2430	477.93	0.38851	41.472	0.071840	vapor
1003.3	4.0000	20.930	0.047778	1076.8	1267.9	3.3067	1.0474	1.2434	478.32	0.38563	41.521	0.071954	vapor
1005.0	4.0000	20.895	0.047858	1078.6	1270.0	3.3087	1.0479	1.2438	478.70	0.38276	41.570	0.072067	vapor
1006.7	4.0000	20.860	0.047938	1080.3	1272.1	3.3108	1.0483	1.2442	479.08	0.37991	41.618	0.072181	vapor
1008.3	4.0000	20.825	0.048018	1082.1	1274.1	3.3128	1.0487	1.2446	479.47	0.37707	41.667	0.072295	vapor
1010.0	4.0000	20.791	0.048098	1083.8	1276.2	3.3149	1.0492	1.2450	479.85	0.37424	41.715	0.072409	vapor
1011.7	4.0000	20.756	0.048178	1085.6	1278.3	3.3169	1.0496	1.2454	480.23	0.37143	41.763	0.072522	vapor
1013.3	4.0000	20.722	0.048259	1087.3	1280.4	3.3190	1.0501	1.2459	480.61	0.36863	41.812	0.072636	vapor
1015.0	4.0000	20.687	0.048339	1089.1	1282.4	3.3210	1.0505	1.2463	480.99	0.36584	41.860	0.072749	vapor
1016.7	4.0000	20.653	0.048419	1090.8	1284.5	3.3231	1.0509	1.2467	481.37	0.36306	41.908	0.072862	vapor
1018.3	4.0000	20.619	0.048499	1092.6	1286.6	3.3251	1.0514	1.2471	481.75	0.36030	41.957	0.072976	vapor
1020.0	4.0000	20.585	0.048579	1094.4	1288.7	3.3272	1.0518	1.2475	482.13	0.35755	42.005	0.073089	vapor
1021.7	4.0000	20.551	0.048659	1096.1	1290.8	3.3292	1.0522	1.2479	482.51	0.35481	42.053	0.073202	vapor
1023.3	4.0000	20.517	0.048739	1097.9	1292.8	3.3312	1.0527	1.2483	482.89	0.35209	42.101	0.073315	vapor
1025.0	4.0000	20.484	0.048819	1099.6	1294.9	3.3333	1.0531	1.2487	483.27	0.34938	42.149	0.073428	vapor
1026.7	4.0000	20.450	0.048899	1101.4	1297.0	3.3353	1.0535	1.2491	483.65	0.34668	42.197	0.073541	vapor
1028.3	4.0000	20.417	0.048979	1103.2	1299.1	3.3373	1.0540	1.2495	484.03	0.34399	42.245	0.073654	vapor
1030.0	4.0000	20.383	0.049060	1104.9	1301.2	3.3394	1.0544	1.2499	484.41	0.34131	42.293	0.073766	vapor
1031.7	4.0000	20.350	0.049140	1106.7	1303.2	3.3414	1.0548	1.2503	484.79	0.33865	42.341	0.073879	vapor
1033.3	4.0000	20.317	0.049220	1108.4	1305.3	3.3434	1.0552	1.2507	485.16	0.33599	42.389	0.073992	vapor
1035.0	4.0000	20.284	0.049300	1110.2	1307.4	3.3454	1.0557	1.2511	485.54	0.33335	42.437	0.074104	vapor
1036.7	4.0000	20.251	0.049380	1112.0	1309.5	3.3474	1.0561	1.2515	485.92	0.33072	42.485	0.074217	vapor
1038.3	4.0000	20.218	0.049460	1113.7	1311.6	3.3494	1.0565	1.2519	486.29	0.32811	42.533	0.074329	vapor
1040.0	4.0000	20.186	0.049540	1115.5	1313.7	3.3514	1.0569	1.2523	486.67	0.32550	42.580	0.074441	vapor
1041.7	4.0000	20.153	0.049620	1117.3	1315.8	3.3534	1.0573	1.2527	487.05	0.32291	42.628	0.074554	vapor
1043.3	4.0000	20.121	0.049700	1119.0	1317.8	3.3554	1.0577	1.2531	487.42	0.32032	42.676	0.074666	vapor
1045.0	4.0000	20.088	0.049780	1120.8	1319.9	3.3574	1.0582	1.2535	487.80	0.31775	42.724	0.074778	vapor
1046.7	4.0000	20.056	0.049860	1122.6	1322.0	3.3594	1.0586	1.2539	488.17	0.31519	42.771	0.074890	vapor
1048.3	4.0000	20.024	0.049940	1124.4	1324.1	3.3614	1.0590	1.2543	488.55	0.31265	42.819	0.075002	vapor
1050.0	4.0000	19.992	0.050020	1126.1	1326.2	3.3634	1.0594	1.2546	488.92	0.31011	42.866	0.075114	vapor
1051.7	4.0000	19.960	0.050100	1127.9	1328.3	3.3654	1.0598	1.2550	489.30	0.30758	42.914	0.075226	vapor
1053.3	4.0000	19.928	0.050180	1129.7	1330.4	3.3674	1.0602	1.2554	489.67	0.30507	42.961	0.075337	vapor
1055.0	4.0000	19.897	0.050260	1131.4	1332.5	3.3694	1.0606	1.2558	490.04	0.30256	43.009	0.075449	vapor
1056.7	4.0000	19.865	0.050340	1133.2	1334.6	3.3714	1.0610	1.2562	490.42	0.30007	43.056	0.075561	vapor
1058.3	4.0000	19.833	0.050420	1135.0	1336.7	3.3734	1.0614	1.2566	490.79	0.29759	43.104	0.075672	vapor
1060.0	4.0000	19.802	0.050500	1136.8	1338.8	3.3753	1.0619	1.2569	491.16	0.29511	43.151	0.075784	vapor
1061.7	4.0000	19.771	0.050580	1138.5	1340.9	3.3773	1.0623	1.2573	491.54	0.29265	43.198	0.075895	vapor
1063.3	4.0000	19.739	0.050660	1140.3	1343.0	3.3793	1.0627	1.2577	491.91	0.29020	43.246	0.076006	vapor
1065.0	4.0000	19.708	0.050740	1142.1	1345.0	3.3813	1.0631	1.2581	492.28	0.28776	43.293	0.076118	vapor
1066.7	4.0000	19.677	0.050820	1143.9	1347.1	3.3832	1.0635	1.2585	492.65	0.28533	43.340	0.076229	vapor
1068.3	4.0000	19.646	0.050900	1145.6	1349.2	3.3852	1.0639	1.2588	493.02	0.28291	43.387	0.076340	vapor
1070.0	4.0000	19.616	0.050980	1147.4	1351.3	3.3872	1.0643	1.2592	493.39	0.28050	43.434	0.076451	vapor
1071.7	4.0000	19.585	0.051060	1149.2	1353.4	3.3891	1.0647	1.2596	493.76	0.27810	43.482	0.076562	vapor
1073.3	4.0000	19.554	0.051140	1151.0	1355.5	3.3911	1.0651	1.2600	494.13	0.27572	43.529	0.076673	vapor
1075.0	4.0000	19.524	0.051220	1152.8	1357.6	3.3930	1.0654	1.2603	494.50	0.27334	43.576	0.076784	vapor
1076.7	4.0000	19.493	0.051300	1154.5	1359.7	3.3950	1.0658	1.2607	494.87	0.27097	43.623	0.076894	vapor
1078.3	4.0000	19.463	0.051380	1156.3	1361.8	3.3969	1.0662	1.2611	495.24	0.26861	43.670	0.077005	vapor
1080.0	4.0000	19.433	0.051460	1158.1	1363.9	3.3989	1.0666	1.2615	495.61	0.26626	43.717	0.077116	vapor
1081.7	4.0000	19.403	0.051539	1159.9	1366.0	3.4008	1.0670	1.2618	495.98	0.26393	43.764	0.077226	vapor
1083.3	4.0000	19.373	0.051619	1161.7	1368.2	3.4028	1.0674	1.2622	496.35	0.26160	43.811	0.077337	vapor
1085.0	4.0000	19.343	0.051699	1163.5	1370.3	3.4047	1.0678	1.2626	496.72	0.25928	43.857	0.077447	vapor
1086.7	4.0000	19.313	0.051779	1165.2	1372.4	3.4066	1.0682	1.2629	497.08	0.25697	43.904	0.077557	vapor
1088.3	4.0000	19.283	0.051859	1167.0	1374.5	3.4086	1.0686	1.2633	497.45	0.25467	43.951	0.077668	vapor
1090.0	4.0000	19.253	0.051939	1168.8	1376.6	3.4105	1.0690	1.2636	497.82	0.25238	43.998	0.077778	vapor
1091.7	4.0000	19.224	0.052019	1170.6	1378.7	3.4124	1.0693	1.2640	498.18	0.25010	44.044	0.077888	vapor
1093.3	4.0000	19.194	0.052099	1172.4	1380.8	3.4144	1.0697	1.2644	498.55	0.24783	44.091	0.077998	vapor
1095.0	4.0000	19.165	0.052179	1174.2	1382.9	3.4163	1.0701	1.2647	498.92	0.24557	44.138	0.078108	vapor
1096.7	4.0000	19.136	0.052259	1176.0	1385.0	3.4182	1.0705	1.2651	499.28	0.24332	44.184	0.078218	vapor
1098.3	4.0000	19.106	0.052339	1177.8	1387.1	3.4201	1.0709	1.2655	499.65	0.24108	44.231	0.078328	vapor
1100.0	4.0000	19.077	0.052418	1179.5	1389.2	3.4221	1.0712	1.2658	500.01	0.23884	44.278	0.078437	vapor
1101.7	4.0000	19.048	0.052498	1181.3	1391.3	3.4240	1.0716	1.2662	500.38	0.23662	44.324	0.078547	vapor
1103.3	4.0000	19.019	0.052578	1183.1	1393.4	3.4259	1.0720	1.2665	500.74	0.23441	44.371	0.078657	vapor
1105.0	4.0000	18.990	0.052658	1184.9	1395.6	3.4278	1.0724	1.2669	501.11	0.23220	44.417	0.078766	vapor
1106.7	4.0000	18.962	0.052738	1186.7	1397.7	3.4297	1.0727	1.2672	501.47	0.23000	44.464	0.078876	vapor
1108.3	4.0000	18.933	0.052818	1188.5	1399.8	3.4316	1.0731	1.2676	501.84	0.22782	44.510	0.078985	vapor
1110.0	4.0000	18.904	0.052898	1190.3	1401.9	3.4335	1.0735	1.2679	502.20	0.22564	44.556	0.079094	vapor
1111.7	4.0000	18.876	0.052977	1192.1	1404.0	3.4354	1.0739	1.2683	502.56	0.22347	44.603	0.079204	vapor
1113.3	4.0000	18.848	0.053057	1193.9	1406.1	3.4373	1.0742	1.2686	502.93	0.22131	44.649	0.079313	vapor
1115.0	4.0000	18.819	0.053137	1195.7	1408.2	3.4392	1.0746	1.2690	503.29	0.21916	44.695	0.079422	vapor
1116.7	4.0000	18.791	0.053217	1197.5	1410.3	3.4411	1.0750	1.2693	503.65	0.21701	44.741	0.079531	vapor
1118.3	4.0000	18.763	0.053297	1199.3	1412.5	3.4430	1.0753	1.2697	504.02	0.21488	44.788	0.079640	vapor
1120.0	4.0000	18.735	0.053377	1201.1	1414.6	3.4449	1.0757	1.2700	504.38	0.21275	44.834	0.079749	vapor
1121.7	4.0000	18.707	0.053457	1202.9	1416.7	3.4468	1.0761	1.2704	504.74	0.21064	44.880	0.079858	vapor
1123.3	4.0000	18.679	0.053536	1204.7	1418.8	3.4487	1.0764	1.2707	505.10	0.20853	44.926	0.079967	vapor
1125.0	4.0000	18.651	0.053616	1206.5	1420.9	3.4506	1.0768	1.2711	505.46	0.20643	44.972	0.080075	vapor
1126.7	4.0000	18.623	0.053696	1208.3	1423.0	3.4524	1.0772	1.2714	505.82	0.20434	45.018	0.080184	vapor
1128.3	4.0000	18.596	0.053776	1210.1	1425.2	3.4543	1.0775	1.2718	506.18	0.20225	45.064	0.080292	vapor
1130.0	4.0000	18.568	0.053856	1211.9	1427.3	3.4562	1.0779	1.2721	506.54	0.20018	45.110	0.080401	vapor
1131.7	4.0000	18.541	0.053935	1213.7	1429.4	3.4581	1.0782	1.2724	506.90	0.19811	45.156	0.080509	vapor
1133.3	4.0000	18.513	0.054015	1215.5	1431.5	3.4600	1.0786	1.2728	507.26	0.19605	45.202	0.080618	vapor
1135.0	4.0000	18.486	0.054095	1217.3	1433.7	3.4618	1.0790	1.2731	507.62	0.19400	45.248	0.080726	vapor
1136.7	4.0000	18.459	0.054175	1219.1	1435.8	3.4637	1.0793	1.2735	507.98	0.19196	45.294	0.080834	vapor
1138.3	4.0000	18.432	0.054255	1220.9	1437.9	3.4656	1.0797	1.2738	508.34	0.18992	45.340	0.080942	vapor
1140.0	4.0000	18.405	0.054334	1222.7	1440.0	3.4674	1.0800	1.2741	508.70	0.18790	45.386	0.081051	vapor
1141.7	4.0000	18.378	0.054414	1224.5	1442.1	3.4693	1.0804	1.2745	509.06	0.18588	45.431	0.081159	vapor
1143.3	4.0000	18.351	0.054494	1226.3	1444.3	3.4711	1.0807	1.2748	509.42	0.18387	45.477	0.081267	vapor
1145.0	4.0000	18.324	0.054574	1228.1	1446.4	3.4730	1.0811	1.2751	509.78	0.18187	45.523	0.081374	vapor
1146.7	4.0000	18.297	0.054653	1229.9	1448.5	3.4749	1.0814	1.2755	510.13	0.17987	45.569	0.081482	vapor
1148.3	4.0000	18.270	0.054733	1231.7	1450.6	3.4767	1.0818	1.2758	510.49	0.17789	45.614	0.081590	vapor
1150.0	4.0000	18.244	0.054813	1233.5	1452.8	3.4786	1.0821	1.2761	510.85	0.17591	45.660	0.081698	vapor
1151.7	4.0000	18.217	0.054893	1235.3	1454.9	3.4804	1.0825	1.2765	511.20	0.17394	45.706	0.081805	vapor
1153.3	4.0000	18.191	0.054973	1237.1	1457.0	3.4823	1.0828	1.2768	511.56	0.17198	45.751	0.081913	vapor
1155.0	4.0000	18.165	0.055052	1238.9	1459.2	3.4841	1.0832	1.2771	511.92	0.17002	45.797	0.082020	vapor
1156.7	4.0000	18.138	0.055132	1240.8	1461.3	3.4859	1.0835	1.2774	512.27	0.16807	45.842	0.082128	vapor
1158.3	4.0000	18.112	0.055212	1242.6	1463.4	3.4878	1.0838	1.2778	512.63	0.16613	45.888	0.082235	vapor
1160.0	4.0000	18.086	0.055292	1244.4	1465.5	3.4896	1.0842	1.2781	512.98	0.16420	45.933	0.082342	vapor
1161.7	4.0000	18.060	0.055371	1246.2	1467.7	3.4915	1.0845	1.2784	513.34	0.16227	45.979	0.082450	vapor
1163.3	4.0000	18.034	0.055451	1248.0	1469.8	3.4933	1.0849	1.2787	513.69	0.16035	46.024	0.082557	vapor
1165.0	4.0000	18.008	0.055531	1249.8	1471.9	3.4951	1.0852	1.2791	514.05	0.15844	46.069	0.082664	vapor
1166.7	4.0000	17.982	0.055611	1251.6	1474.1	3.4969	1.0856	1.2794	514.40	0.15654	46.115	0.082771	vapor
1168.3	4.0000	17.956	0.055690	1253.4	1476.2	3.4988	1.0859	1.2797	514.76	0.15464	46.160	0.082878	vapor
1170.0	4.0000	17.931	0.055770	1255.3	1478.3	3.5006	1.0862	1.2800	515.11	0.15276	46.205	0.082985	vapor
1171.7	4.0000	17.905	0.055850	1257.1	1480.5	3.5024	1.0866	1.2803	515.47	0.15087	46.250	0.083091	vapor
1173.3	4.0000	17.880	0.055929	1258.9	1482.6	3.5042	1.0869	1.2807	515.82	0.14900	46.296	0.083198	vapor
1175.0	4.0000	17.854	0.056009	1260.7	1484.7	3.5061	1.0872	1.2810	516.17	0.14713	46.341	0.083305	vapor
1176.7	4.0000	17.829	0.056089	1262.5	1486.9	3.5079	1.0876	1.2813	516.53	0.14527	46.386	0.083411	vapor
1178.3	4.0000	17.804	0.056169	1264.3	1489.0	3.5097	1.0879	1.2816	516.88	0.14342	46.431	0.083518	vapor
1180.0	4.0000	17.778	0.056248	1266.1	1491.1	3.5115	1.0882	1.2819	517.23	0.14157	46.476	0.083624	vapor
1181.7	4.0000	17.753	0.056328	1268.0	1493.3	3.5133	1.0886	1.2822	517.58	0.13974	46.521	0.083731	vapor
1183.3	4.0000	17.728	0.056408	1269.8	1495.4	3.5151	1.0889	1.2826	517.93	0.13790	46.566	0.083837	vapor
1185.0	4.0000	17.703	0.056487	1271.6	1497.6	3.5169	1.0892	1.2829	518.29	0.13608	46.611	0.083943	vapor
1186.7	4.0000	17.678	0.056567	1273.4	1499.7	3.5187	1.0895	1.2832	518.64	0.13426	46.656	0.084050	vapor
1188.3	4.0000	17.653	0.056647	1275.2	1501.8	3.5205	1.0899	1.2835	518.99	0.13245	46.701	0.084156	vapor
1190.0	4.0000	17.628	0.056726	1277.1	1504.0	3.5223	1.0902	1.2838	519.34	0.13064	46.746	0.084262	vapor
1191.7	4.0000	17.604	0.056806	1278.9	1506.1	3.5241	1.0905	1.2841	519.69	0.12885	46.791	0.084368	vapor
1193.3	4.0000	17.579	0.056886	1280.7	1508.3	3.5259	1.0908	1.2844	520.04	0.12706	46.836	0.084474	vapor
1195.0	4.0000	17.555	0.056965	1282.5	1510.4	3.5277	1.0912	1.2847	520.39	0.12527	46.881	0.084580	vapor
1196.7	4.0000	17.530	0.057045	1284.4	1512.5	3.5295	1.0915	1.2850	520.74	0.12349	46.926	0.084685	vapor
1198.3	4.0000	17.506	0.057125	1286.2	1514.7	3.5313	1.0918	1.2853	521.09	0.12172	46.971	0.084791	vapor
1200.0	4.0000	17.481	0.057204	1288.0	1516.8	3.5331	1.0921	1.2857	521.44	0.11996	47.015	0.084897	vapor
1201.7	4.0000	17.457	0.057284	1289.8	1519.0	3.5349	1.0925	1.2860	521.79	0.11820	47.060	0.085002	vapor
1203.3	4.0000	17.433	0.057364	1291.7	1521.1	3.5366	1.0928	1.2863	522.14	0.11645	47.105	0.085108	vapor
1205.0	4.0000	17.408	0.057443	1293.5	1523.2	3.5384	1.0931	1.2866	522.49	0.11470	47.150	0.085213	vapor
1206.7	4.0000	17.384	0.057523	1295.3	1525.4	3.5402	1.0934	1.2869	522.83	0.11297	47.194	0.085319	vapor
1208.3	4.0000	17.360	0.057603	1297.1	1527.5	3.5420	1.0937	1.2872	523.18	0.11123	47.239	0.085424	vapor
1210.0	4.0000	17.336	0.057682	1299.0	1529.7	3.5438	1.0940	1.2875	523.53	0.10951	47.283	0.085529	vapor
1211.7	4.0000	17.312	0.057762	1300.8	1531.8	3.5455	1.0944	1.2878	523.88	0.10779	47.328	0.085635	vapor
1213.3	4.0000	17.289	0.057842	1302.6	1534.0	3.5473	1.0947	1.2881	524.23	0.10607	47.373	0.085740	vapor
1215.0	4.0000	17.265	0.057921	1304.4	1536.1	3.5491	1.0950	1.2884	524.57	0.10437	47.417	0.085845	vapor
1216.7	4.0000	17.241	0.058001	1306.3	1538.3	3.5508	1.0953	1.2887	524.92	0.10267	47.462	0.085950	vapor
1218.3	4.0000	17.217	0.058081	1308.1	1540.4	3.5526	1.0956	1.2890	525.27	0.10097	47.506	0.086055	vapor
1220.0	4.0000	17.194	0.058160	1309.9	1542.6	3.5544	1.0959	1.2893	525.61	0.099285	47.550	0.086160	vapor
1221.7	4.0000	17.170	0.058240	1311.8	1544.7	3.5561	1.0962	1.2896	525.96	0.097603	47.595	0.086264	vapor
1223.3	4.0000	17.147	0.058319	1313.6	1546.9	3.5579	1.0965	1.2898	526.31	0.095927	47.639	0.086369	vapor
1225.0	4.0000	17.124	0.058399	1315.4	1549.0	3.5596	1.0968	1.2901	526.65	0.094257	47.684	0.086474	vapor
1226.7	4.0000	17.100	0.058479	1317.3	1551.2	3.5614	1.0972	1.2904	527.00	0.092593	47.728	0.086579	vapor
1228.3	4.0000	17.077	0.058558	1319.1	1553.3	3.5631	1.0975	1.2907	527.34	0.090935	47.772	0.086683	vapor
1230.0	4.0000	17.054	0.058638	1320.9	1555.5	3.5649	1.0978	1.2910	527.69	0.089283	47.817	0.086788	vapor
1231.7	4.0000	17.031	0.058718	1322.8	1557.6	3.5666	1.0981	1.2913	528.03	0.087637	47.861	0.086892	vapor
1233.3	4.0000	17.008	0.058797	1324.6	1559.8	3.5684	1.0984	1.2916	528.38	0.085997	47.905	0.086996	vapor
1235.0	4.0000	16.985	0.058877	1326.4	1561.9	3.5701	1.0987	1.2919	528.72	0.084363	47.949	0.087101	vapor
1236.7	4.0000	16.962	0.058956	1328.3	1564.1	3.5719	1.0990	1.2922	529.06	0.082735	47.993	0.087205	vapor
1238.3	4.0000	16.939	0.059036	1330.1	1566.2	3.5736	1.0993	1.2925	529.41	0.081113	48.038	0.087309	vapor
1240.0	4.0000	16.916	0.059116	1331.9	1568.4	3.5753	1.0996	1.2928	529.75	0.079496	48.082	0.087413	vapor
1241.7	4.0000	16.893	0.059195	1333.8	1570.5	3.5771	1.0999	1.2930	530.10	0.077885	48.126	0.087517	vapor
1243.3	4.0000	16.871	0.059275	1335.6	1572.7	3.5788	1.1002	1.2933	530.44	0.076280	48.170	0.087621	vapor
1245.0	4.0000	16.848	0.059354	1337.4	1574.9	3.5806	1.1005	1.2936	530.78	0.074681	48.214	0.087725	vapor
1246.7	4.0000	16.825	0.059434	1339.3	1577.0	3.5823	1.1008	1.2939	531.12	0.073087	48.258	0.087829	vapor
1248.3	4.0000	16.803	0.059513	1341.1	1579.2	3.5840	1.1011	1.2942	531.47	0.071499	48.302	0.087933	vapor
1250.0	4.0000	16.780	0.059593	1343.0	1581.3	3.5857	1.1014	1.2945	531.81	0.069916	48.346	0.088037	vapor
1251.7	4.0000	16.758	0.059673	1344.8	1583.5	3.5875	1.1017	1.2947	532.15	0.068339	48.390	0.088140	vapor
1253.3	4.0000	16.736	0.059752	1346.6	1585.6	3.5892	1.1020	1.2950	532.49	0.066768	48.434	0.088244	vapor
1255.0	4.0000	16.714	0.059832	1348.5	1587.8	3.5909	1.1022	1.2953	532.83	0.065202	48.478	0.088347	vapor
1256.7	4.0000	16.691	0.059911	1350.3	1590.0	3.5926	1.1025	1.2956	533.18	0.063642	48.521	0.088451	vapor
1258.3	4.0000	16.669	0.059991	1352.2	1592.1	3.5943	1.1028	1.2959	533.52	0.062087	48.565	0.088554	vapor
1260.0	4.0000	16.647	0.060070	1354.0	1594.3	3.5961	1.1031	1.2961	533.86	0.060537	48.609	0.088657	vapor
1261.7	4.0000	16.625	0.060150	1355.8	1596.4	3.5978	1.1034	1.2964	534.20	0.058993	48.653	0.088761	vapor
1263.3	4.0000	16.603	0.060230	1357.7	1598.6	3.5995	1.1037	1.2967	534.54	0.057455	48.697	0.088864	vapor
1265.0	4.0000	16.581	0.060309	1359.5	1600.8	3.6012	1.1040	1.2970	534.88	0.055922	48.740	0.088967	vapor
1266.7	4.0000	16.559	0.060389	1361.4	1602.9	3.6029	1.1043	1.2972	535.22	0.054394	48.784	0.089070	vapor
1268.3	4.0000	16.538	0.060468	1363.2	1605.1	3.6046	1.1046	1.2975	535.56	0.052871	48.828	0.089173	vapor
1270.0	4.0000	16.516	0.060548	1365.1	1607.2	3.6063	1.1049	1.2978	535.90	0.051354	48.871	0.089276	vapor
1271.7	4.0000	16.494	0.060627	1366.9	1609.4	3.6080	1.1051	1.2981	536.24	0.049842	48.915	0.089379	vapor
1273.3	4.0000	16.473	0.060707	1368.7	1611.6	3.6097	1.1054	1.2983	536.58	0.048335	48.959	0.089482	vapor
1275.0	4.0000	16.451	0.060786	1370.6	1613.7	3.6114	1.1057	1.2986	536.91	0.046833	49.002	0.089585	vapor
1276.7	4.0000	16.430	0.060866	1372.4	1615.9	3.6131	1.1060	1.2989	537.25	0.045337	49.046	0.089687	vapor
1278.3	4.0000	16.408	0.060945	1374.3	1618.1	3.6148	1.1063	1.2992	537.59	0.043845	49.089	0.089790	vapor
1280.0	4.0000	16.387	0.061025	1376.1	1620.2	3.6165	1.1066	1.2994	537.93	0.042359	49.133	0.089893	vapor
1281.7	4.0000	16.365	0.061105	1378.0	1622.4	3.6182	1.1068	1.2997	538.27	0.040878	49.176	0.089995	vapor
1283.3	4.0000	16.344	0.061184	1379.8	1624.6	3.6199	1.1071	1.3000	538.60	0.039402	49.220	0.090098	vapor
1285.0	4.0000	16.323	0.061264	1381.7	1626.7	3.6216	1.1074	1.3002	538.94	0.037931	49.263	0.090200	vapor
1286.7	4.0000	16.302	0.061343	1383.5	1628.9	3.6233	1.1077	1.3005	539.28	0.036465	49.307	0.090302	vapor
1288.3	4.0000	16.281	0.061423	1385.4	1631.1	3.6249	1.1080	1.3008	539.62	0.035004	49.350	0.090405	vapor
1290.0	4.0000	16.260	0.061502	1387.2	1633.2	3.6266	1.1082	1.3010	539.95	0.033548	49.393	0.090507	vapor
1291.7	4.0000	16.239	0.061582	1389.1	1635.4	3.6283	1.1085	1.3013	540.29	0.032097	49.437	0.090609	vapor
1293.3	4.0000	16.218	0.061661	1390.9	1637.6	3.6300	1.1088	1.3016	540.63	0.030651	49.480	0.090711	vapor
1295.0	4.0000	16.197	0.061741	1392.8	1639.7	3.6317	1.1091	1.3018	540.96	0.029210	49.523	0.090813	vapor
1296.7	4.0000	16.176	0.061820	1394.6	1641.9	3.6333	1.1093	1.3021	541.30	0.027774	49.567	0.090915	vapor
1298.3	4.0000	16.155	0.061900	1396.5	1644.1	3.6350	1.1096	1.3023	541.63	0.026342	49.610	0.091017	vapor
1300.0	4.0000	16.134	0.061979	1398.3	1646.3	3.6367	1.1099	1.3026	541.97	0.024916	49.653	0.091119	vapor