Temperature (K)	Pressure (MPa)	Density (kg/m3)	Volume (m3/kg)	Internal Energy (kJ/kg)	Enthalpy (kJ/kg)	Entropy (J/g*K)	Cv (J/g*K)	Cp (J/g*K)	Sound Spd. (m/s)	Joule-Thomson (K/MPa)	Viscosity (uPa*s)	Therm. Cond. (W/m*K)	Phase
300.00	5.0000	128.40	0.0077883	407.01	445.95	1.8509	0.85258	1.8025	223.25	10.702	16.601	0.023974	vapor
301.67	5.0000	126.01	0.0079360	409.22	448.90	1.8607	0.84426	1.7398	225.35	10.542	16.644	0.023790	vapor
303.33	5.0000	123.78	0.0080788	411.36	451.75	1.8701	0.83696	1.6855	227.35	10.385	16.690	0.023641	vapor
305.00	5.0000	121.69	0.0082173	413.44	454.52	1.8792	0.83051	1.6378	229.28	10.232	16.740	0.023522	vapor
306.67	5.0000	119.73	0.0083519	415.46	457.22	1.8880	0.82478	1.5957	231.13	10.081	16.791	0.023428	vapor
308.33	5.0000	117.88	0.0084831	417.43	459.84	1.8966	0.81966	1.5582	232.92	9.9344	16.845	0.023355	vapor
310.00	5.0000	116.13	0.0086111	419.36	462.41	1.9049	0.81508	1.5246	234.66	9.7908	16.901	0.023300	vapor
311.67	5.0000	114.47	0.0087363	421.25	464.93	1.9130	0.81096	1.4943	236.34	9.6504	16.958	0.023261	vapor
313.33	5.0000	112.88	0.0088588	423.10	467.40	1.9209	0.80724	1.4668	237.97	9.5131	17.017	0.023235	vapor
315.00	5.0000	111.37	0.0089790	424.92	469.82	1.9286	0.80388	1.4418	239.55	9.3788	17.077	0.023221	vapor
316.67	5.0000	109.93	0.0090970	426.72	472.20	1.9361	0.80085	1.4189	241.10	9.2474	17.138	0.023218	vapor
318.33	5.0000	108.54	0.0092129	428.48	474.55	1.9435	0.79810	1.3979	242.61	9.1189	17.200	0.023224	vapor
320.00	5.0000	107.22	0.0093270	430.23	476.86	1.9508	0.79562	1.3786	244.08	8.9931	17.263	0.023238	vapor
321.67	5.0000	105.94	0.0094393	431.95	479.15	1.9579	0.79337	1.3607	245.52	8.8700	17.327	0.023260	vapor
323.33	5.0000	104.71	0.0095499	433.65	481.40	1.9649	0.79134	1.3442	246.93	8.7495	17.391	0.023289	vapor
325.00	5.0000	103.53	0.0096590	435.33	483.63	1.9718	0.78951	1.3289	248.32	8.6315	17.456	0.023324	vapor
326.67	5.0000	102.39	0.0097667	437.00	485.83	1.9785	0.78786	1.3147	249.67	8.5159	17.522	0.023364	vapor
328.33	5.0000	101.29	0.0098729	438.64	488.01	1.9852	0.78638	1.3014	251.00	8.4027	17.588	0.023410	vapor
330.00	5.0000	100.22	0.0099779	440.28	490.17	1.9917	0.78505	1.2890	252.30	8.2917	17.655	0.023460	vapor
331.67	5.0000	99.189	0.010082	441.90	492.31	1.9982	0.78385	1.2774	253.58	8.1830	17.722	0.023515	vapor
333.33	5.0000	98.190	0.010184	443.50	494.43	2.0046	0.78279	1.2666	254.84	8.0764	17.790	0.023573	vapor
335.00	5.0000	97.221	0.010286	445.10	496.53	2.0109	0.78185	1.2564	256.08	7.9719	17.858	0.023635	vapor
336.67	5.0000	96.280	0.010386	446.68	498.61	2.0171	0.78101	1.2468	257.30	7.8695	17.926	0.023701	vapor
338.33	5.0000	95.366	0.010486	448.26	500.69	2.0232	0.78027	1.2378	258.50	7.7691	17.994	0.023770	vapor
340.00	5.0000	94.478	0.010584	449.82	502.74	2.0293	0.77963	1.2294	259.68	7.6706	18.063	0.023841	vapor
341.67	5.0000	93.615	0.010682	451.37	504.78	2.0353	0.77907	1.2214	260.85	7.5740	18.132	0.023916	vapor
343.33	5.0000	92.774	0.010779	452.92	506.81	2.0412	0.77860	1.2138	262.00	7.4793	18.201	0.023992	vapor
345.00	5.0000	91.955	0.010875	454.46	508.83	2.0471	0.77820	1.2067	263.13	7.3863	18.271	0.024072	vapor
346.67	5.0000	91.157	0.010970	455.98	510.84	2.0529	0.77786	1.2000	264.25	7.2951	18.340	0.024153	vapor
348.33	5.0000	90.379	0.011065	457.51	512.83	2.0586	0.77760	1.1936	265.36	7.2056	18.410	0.024236	vapor
350.00	5.0000	89.619	0.011158	459.02	514.81	2.0643	0.77739	1.1875	266.45	7.1178	18.480	0.024322	vapor
351.67	5.0000	88.878	0.011251	460.53	516.79	2.0699	0.77725	1.1818	267.53	7.0315	18.550	0.024409	vapor
353.33	5.0000	88.154	0.011344	462.03	518.75	2.0755	0.77715	1.1764	268.59	6.9469	18.620	0.024498	vapor
355.00	5.0000	87.447	0.011435	463.53	520.71	2.0810	0.77711	1.1712	269.64	6.8638	18.690	0.024589	vapor
356.67	5.0000	86.756	0.011527	465.02	522.66	2.0865	0.77712	1.1663	270.69	6.7821	18.760	0.024681	vapor
358.33	5.0000	86.080	0.011617	466.51	524.60	2.0919	0.77717	1.1617	271.72	6.7020	18.831	0.024775	vapor
360.00	5.0000	85.418	0.011707	467.99	526.53	2.0973	0.77727	1.1573	272.74	6.6232	18.901	0.024870	vapor
361.67	5.0000	84.771	0.011797	469.47	528.46	2.1026	0.77740	1.1530	273.74	6.5459	18.971	0.024966	vapor
363.33	5.0000	84.137	0.011885	470.95	530.37	2.1079	0.77758	1.1490	274.74	6.4698	19.042	0.025064	vapor
365.00	5.0000	83.516	0.011974	472.42	532.29	2.1132	0.77779	1.1452	275.73	6.3951	19.113	0.025163	vapor
366.67	5.0000	82.908	0.012062	473.88	534.19	2.1184	0.77804	1.1416	276.71	6.3217	19.183	0.025263	vapor
368.33	5.0000	82.311	0.012149	475.35	536.09	2.1235	0.77832	1.1382	277.68	6.2496	19.254	0.025364	vapor
370.00	5.0000	81.726	0.012236	476.81	537.99	2.1287	0.77863	1.1349	278.64	6.1787	19.324	0.025466	vapor
371.67	5.0000	81.153	0.012322	478.26	539.87	2.1338	0.77897	1.1318	279.59	6.1090	19.395	0.025569	vapor
373.33	5.0000	80.590	0.012408	479.72	541.76	2.1388	0.77934	1.1288	280.54	6.0404	19.466	0.025673	vapor
375.00	5.0000	80.038	0.012494	481.17	543.64	2.1438	0.77974	1.1259	281.47	5.9730	19.536	0.025778	vapor
376.67	5.0000	79.496	0.012579	482.61	545.51	2.1488	0.78017	1.1232	282.40	5.9067	19.607	0.025884	vapor
378.33	5.0000	78.963	0.012664	484.06	547.38	2.1538	0.78062	1.1207	283.32	5.8415	19.678	0.025990	vapor
380.00	5.0000	78.440	0.012749	485.50	549.25	2.1587	0.78109	1.1182	284.23	5.7774	19.748	0.026098	vapor
381.67	5.0000	77.926	0.012833	486.95	551.11	2.1636	0.78158	1.1159	285.13	5.7143	19.819	0.026206	vapor
383.33	5.0000	77.421	0.012916	488.38	552.97	2.1684	0.78210	1.1137	286.03	5.6522	19.890	0.026315	vapor
385.00	5.0000	76.925	0.013000	489.82	554.82	2.1733	0.78263	1.1115	286.92	5.5912	19.960	0.026424	vapor
386.67	5.0000	76.437	0.013083	491.26	556.67	2.1781	0.78319	1.1095	287.80	5.5311	20.031	0.026535	vapor
388.33	5.0000	75.957	0.013165	492.69	558.52	2.1828	0.78377	1.1076	288.68	5.4719	20.102	0.026645	vapor
390.00	5.0000	75.484	0.013248	494.13	560.36	2.1876	0.78436	1.1058	289.55	5.4137	20.172	0.026757	vapor
391.67	5.0000	75.020	0.013330	495.56	562.21	2.1923	0.78497	1.1040	290.41	5.3564	20.243	0.026869	vapor
393.33	5.0000	74.563	0.013412	496.99	564.04	2.1970	0.78559	1.1024	291.27	5.3000	20.313	0.026982	vapor
395.00	5.0000	74.113	0.013493	498.42	565.88	2.2016	0.78623	1.1008	292.12	5.2445	20.383	0.027095	vapor
396.67	5.0000	73.670	0.013574	499.84	567.71	2.2063	0.78689	1.0993	292.96	5.1899	20.454	0.027209	vapor
398.33	5.0000	73.233	0.013655	501.27	569.54	2.2109	0.78756	1.0979	293.80	5.1360	20.524	0.027323	vapor
400.00	5.0000	72.804	0.013736	502.70	571.37	2.2155	0.78824	1.0965	294.63	5.0830	20.595	0.027438	vapor
401.67	5.0000	72.380	0.013816	504.12	573.20	2.2200	0.78893	1.0953	295.46	5.0308	20.665	0.027553	vapor
403.33	5.0000	71.963	0.013896	505.54	575.02	2.2245	0.78964	1.0940	296.28	4.9794	20.735	0.027669	vapor
405.00	5.0000	71.552	0.013976	506.97	576.85	2.2291	0.79036	1.0929	297.10	4.9288	20.805	0.027785	vapor
406.67	5.0000	71.147	0.014055	508.39	578.67	2.2335	0.79109	1.0918	297.91	4.8789	20.875	0.027902	vapor
408.33	5.0000	70.748	0.014135	509.81	580.49	2.2380	0.79183	1.0908	298.72	4.8297	20.945	0.028019	vapor
410.00	5.0000	70.355	0.014214	511.23	582.30	2.2424	0.79259	1.0898	299.52	4.7813	21.015	0.028136	vapor
411.67	5.0000	69.966	0.014293	512.66	584.12	2.2469	0.79335	1.0889	300.32	4.7336	21.085	0.028254	vapor
413.33	5.0000	69.584	0.014371	514.08	585.93	2.2513	0.79412	1.0880	301.11	4.6866	21.155	0.028372	vapor
415.00	5.0000	69.206	0.014450	515.50	587.75	2.2556	0.79490	1.0872	301.90	4.6402	21.225	0.028491	vapor
416.67	5.0000	68.834	0.014528	516.92	589.56	2.2600	0.79569	1.0864	302.68	4.5946	21.295	0.028609	vapor
418.33	5.0000	68.466	0.014606	518.34	591.37	2.2643	0.79648	1.0857	303.46	4.5495	21.364	0.028729	vapor
420.00	5.0000	68.104	0.014684	519.76	593.18	2.2686	0.79729	1.0850	304.24	4.5052	21.434	0.028848	vapor
421.67	5.0000	67.746	0.014761	521.18	594.98	2.2729	0.79810	1.0844	305.01	4.4614	21.504	0.028968	vapor
423.33	5.0000	67.393	0.014838	522.60	596.79	2.2772	0.79892	1.0838	305.77	4.4183	21.573	0.029088	vapor
425.00	5.0000	67.044	0.014916	524.02	598.60	2.2815	0.79974	1.0832	306.53	4.3758	21.642	0.029208	vapor
426.67	5.0000	66.700	0.014993	525.44	600.40	2.2857	0.80057	1.0827	307.29	4.3339	21.712	0.029329	vapor
428.33	5.0000	66.360	0.015069	526.86	602.20	2.2899	0.80141	1.0822	308.04	4.2925	21.781	0.029450	vapor
430.00	5.0000	66.024	0.015146	528.28	604.01	2.2941	0.80226	1.0818	308.79	4.2518	21.850	0.029571	vapor
431.67	5.0000	65.692	0.015222	529.70	605.81	2.2983	0.80310	1.0813	309.54	4.2116	21.919	0.029693	vapor
433.33	5.0000	65.365	0.015299	531.12	607.61	2.3025	0.80396	1.0810	310.28	4.1719	21.989	0.029815	vapor
435.00	5.0000	65.041	0.015375	532.54	609.41	2.3066	0.80482	1.0806	311.02	4.1328	22.058	0.029936	vapor
436.67	5.0000	64.722	0.015451	533.96	611.21	2.3108	0.80568	1.0803	311.75	4.0942	22.127	0.030059	vapor
438.33	5.0000	64.406	0.015527	535.38	613.01	2.3149	0.80655	1.0800	312.48	4.0561	22.195	0.030181	vapor
440.00	5.0000	64.094	0.015602	536.80	614.81	2.3190	0.80743	1.0798	313.21	4.0186	22.264	0.030304	vapor
441.67	5.0000	63.785	0.015678	538.23	616.61	2.3231	0.80830	1.0795	313.93	3.9815	22.333	0.030426	vapor
443.33	5.0000	63.480	0.015753	539.65	618.41	2.3271	0.80918	1.0794	314.65	3.9450	22.402	0.030549	vapor
445.00	5.0000	63.179	0.015828	541.07	620.21	2.3312	0.81007	1.0792	315.37	3.9089	22.470	0.030672	vapor
446.67	5.0000	62.881	0.015903	542.50	622.01	2.3352	0.81096	1.0790	316.08	3.8733	22.539	0.030795	vapor
448.33	5.0000	62.586	0.015978	543.92	623.81	2.3392	0.81185	1.0789	316.79	3.8381	22.607	0.030918	vapor
450.00	5.0000	62.295	0.016053	545.34	625.61	2.3432	0.81274	1.0788	317.50	3.8034	22.675	0.031042	vapor
451.67	5.0000	62.007	0.016127	546.77	627.40	2.3472	0.81364	1.0787	318.21	3.7692	22.744	0.031165	vapor
453.33	5.0000	61.722	0.016202	548.19	629.20	2.3512	0.81454	1.0787	318.91	3.7354	22.812	0.031288	vapor
455.00	5.0000	61.440	0.016276	549.62	631.00	2.3551	0.81544	1.0787	319.60	3.7021	22.880	0.031410	vapor
456.67	5.0000	61.161	0.016350	551.05	632.80	2.3591	0.81635	1.0786	320.30	3.6691	22.948	0.031530	vapor
458.33	5.0000	60.886	0.016424	552.47	634.60	2.3630	0.81726	1.0787	320.99	3.6366	23.016	0.031656	vapor
460.00	5.0000	60.613	0.016498	553.90	636.39	2.3669	0.81817	1.0787	321.68	3.6045	23.084	0.031782	vapor
461.67	5.0000	60.343	0.016572	555.33	638.19	2.3708	0.81908	1.0787	322.36	3.5728	23.152	0.031909	vapor
463.33	5.0000	60.076	0.016646	556.76	639.99	2.3747	0.81999	1.0788	323.05	3.5415	23.219	0.032035	vapor
465.00	5.0000	59.811	0.016719	558.19	641.79	2.3786	0.82091	1.0789	323.73	3.5106	23.287	0.032162	vapor
466.67	5.0000	59.550	0.016793	559.62	643.59	2.3825	0.82183	1.0790	324.41	3.4800	23.355	0.032289	vapor
468.33	5.0000	59.291	0.016866	561.05	645.38	2.3863	0.82275	1.0791	325.08	3.4499	23.422	0.032416	vapor
470.00	5.0000	59.035	0.016939	562.49	647.18	2.3901	0.82367	1.0792	325.75	3.4201	23.489	0.032543	vapor
471.67	5.0000	58.781	0.017012	563.92	648.98	2.3940	0.82459	1.0794	326.42	3.3907	23.557	0.032670	vapor
473.33	5.0000	58.530	0.017085	565.35	650.78	2.3978	0.82551	1.0796	327.09	3.3616	23.624	0.032797	vapor
475.00	5.0000	58.281	0.017158	566.79	652.58	2.4016	0.82643	1.0798	327.75	3.3329	23.691	0.032925	vapor
476.67	5.0000	58.035	0.017231	568.23	654.38	2.4053	0.82736	1.0799	328.41	3.3045	23.758	0.033052	vapor
478.33	5.0000	57.791	0.017304	569.66	656.18	2.4091	0.82828	1.0802	329.07	3.2765	23.825	0.033180	vapor
480.00	5.0000	57.550	0.017376	571.10	657.98	2.4129	0.82921	1.0804	329.73	3.2488	23.892	0.033307	vapor
481.67	5.0000	57.311	0.017449	572.54	659.78	2.4166	0.83014	1.0806	330.38	3.2214	23.959	0.033435	vapor
483.33	5.0000	57.074	0.017521	573.98	661.58	2.4204	0.83106	1.0809	331.04	3.1944	24.026	0.033563	vapor
485.00	5.0000	56.840	0.017593	575.42	663.38	2.4241	0.83199	1.0811	331.69	3.1677	24.093	0.033691	vapor
486.67	5.0000	56.608	0.017665	576.86	665.19	2.4278	0.83292	1.0814	332.33	3.1413	24.159	0.033819	vapor
488.33	5.0000	56.377	0.017738	578.30	666.99	2.4315	0.83385	1.0817	332.98	3.1152	24.226	0.033947	vapor
490.00	5.0000	56.150	0.017810	579.74	668.79	2.4352	0.83478	1.0820	333.62	3.0894	24.292	0.034075	vapor
491.67	5.0000	55.924	0.017881	581.19	670.60	2.4388	0.83571	1.0823	334.26	3.0639	24.359	0.034203	vapor
493.33	5.0000	55.700	0.017953	582.63	672.40	2.4425	0.83664	1.0826	334.90	3.0387	24.425	0.034331	vapor
495.00	5.0000	55.478	0.018025	584.08	674.20	2.4462	0.83757	1.0829	335.53	3.0137	24.491	0.034460	vapor
496.67	5.0000	55.259	0.018097	585.53	676.01	2.4498	0.83849	1.0833	336.17	2.9891	24.557	0.034588	vapor
498.33	5.0000	55.041	0.018168	586.97	677.82	2.4534	0.83942	1.0836	336.80	2.9647	24.623	0.034716	vapor
500.00	5.0000	54.826	0.018240	588.42	679.62	2.4570	0.84035	1.0840	337.43	2.9407	24.689	0.034845	vapor
501.67	5.0000	54.612	0.018311	589.87	681.43	2.4607	0.84128	1.0843	338.05	2.9169	24.755	0.034973	vapor
503.33	5.0000	54.400	0.018382	591.32	683.24	2.4643	0.84221	1.0847	338.68	2.8933	24.821	0.035102	vapor
505.00	5.0000	54.190	0.018454	592.78	685.04	2.4678	0.84314	1.0851	339.30	2.8700	24.887	0.035231	vapor
506.67	5.0000	53.982	0.018525	594.23	686.85	2.4714	0.84407	1.0855	339.92	2.8470	24.952	0.035359	vapor
508.33	5.0000	53.776	0.018596	595.68	688.66	2.4750	0.84499	1.0859	340.54	2.8242	25.018	0.035488	vapor
510.00	5.0000	53.571	0.018667	597.14	690.47	2.4785	0.84592	1.0863	341.16	2.8017	25.083	0.035617	vapor
511.67	5.0000	53.368	0.018738	598.60	692.28	2.4821	0.84685	1.0867	341.78	2.7795	25.149	0.035746	vapor
513.33	5.0000	53.167	0.018809	600.05	694.10	2.4856	0.84777	1.0871	342.39	2.7574	25.214	0.035875	vapor
515.00	5.0000	52.968	0.018879	601.51	695.91	2.4891	0.84870	1.0876	343.00	2.7356	25.279	0.036004	vapor
516.67	5.0000	52.771	0.018950	602.97	697.72	2.4927	0.84962	1.0880	343.61	2.7141	25.344	0.036133	vapor
518.33	5.0000	52.575	0.019021	604.43	699.53	2.4962	0.85054	1.0885	344.22	2.6928	25.409	0.036262	vapor
520.00	5.0000	52.380	0.019091	605.89	701.35	2.4997	0.85147	1.0889	344.82	2.6717	25.474	0.036391	vapor
521.67	5.0000	52.188	0.019162	607.36	703.16	2.5031	0.85239	1.0894	345.43	2.6508	25.539	0.036520	vapor
523.33	5.0000	51.997	0.019232	608.82	704.98	2.5066	0.85331	1.0898	346.03	2.6302	25.604	0.036649	vapor
525.00	5.0000	51.807	0.019302	610.29	706.80	2.5101	0.85423	1.0903	346.63	2.6097	25.669	0.036778	vapor
526.67	5.0000	51.619	0.019373	611.75	708.61	2.5135	0.85515	1.0908	347.23	2.5895	25.734	0.036908	vapor
528.33	5.0000	51.433	0.019443	613.22	710.43	2.5170	0.85607	1.0913	347.82	2.5695	25.798	0.037037	vapor
530.00	5.0000	51.248	0.019513	614.69	712.25	2.5204	0.85698	1.0917	348.42	2.5498	25.863	0.037166	vapor
531.67	5.0000	51.064	0.019583	616.16	714.07	2.5238	0.85790	1.0922	349.01	2.5302	25.927	0.037295	vapor
533.33	5.0000	50.883	0.019653	617.63	715.89	2.5273	0.85881	1.0927	349.60	2.5108	25.991	0.037425	vapor
535.00	5.0000	50.702	0.019723	619.10	717.71	2.5307	0.85973	1.0932	350.19	2.4916	26.056	0.037554	vapor
536.67	5.0000	50.523	0.019793	620.57	719.54	2.5341	0.86064	1.0937	350.78	2.4726	26.120	0.037683	vapor
538.33	5.0000	50.345	0.019863	622.05	721.36	2.5375	0.86155	1.0942	351.37	2.4538	26.184	0.037813	vapor
540.00	5.0000	50.169	0.019933	623.52	723.18	2.5409	0.86246	1.0948	351.95	2.4352	26.248	0.037942	vapor
541.67	5.0000	49.994	0.020002	625.00	725.01	2.5442	0.86337	1.0953	352.54	2.4168	26.312	0.038071	vapor
543.33	5.0000	49.821	0.020072	626.48	726.84	2.5476	0.86428	1.0958	353.12	2.3986	26.376	0.038201	vapor
545.00	5.0000	49.649	0.020142	627.95	728.66	2.5510	0.86519	1.0963	353.70	2.3806	26.440	0.038330	vapor
546.67	5.0000	49.478	0.020211	629.43	730.49	2.5543	0.86609	1.0969	354.28	2.3627	26.503	0.038460	vapor
548.33	5.0000	49.308	0.020281	630.92	732.32	2.5576	0.86699	1.0974	354.85	2.3450	26.567	0.038589	vapor
550.00	5.0000	49.140	0.020350	632.40	734.15	2.5610	0.86790	1.0979	355.43	2.3275	26.631	0.038719	vapor
551.67	5.0000	48.973	0.020419	633.88	735.98	2.5643	0.86880	1.0985	356.00	2.3102	26.694	0.038848	vapor
553.33	5.0000	48.807	0.020489	635.37	737.81	2.5676	0.86970	1.0990	356.57	2.2931	26.758	0.038977	vapor
555.00	5.0000	48.643	0.020558	636.85	739.64	2.5709	0.87060	1.0996	357.14	2.2761	26.821	0.039107	vapor
556.67	5.0000	48.480	0.020627	638.34	741.47	2.5742	0.87149	1.1001	357.71	2.2592	26.884	0.039236	vapor
558.33	5.0000	48.318	0.020696	639.83	743.31	2.5775	0.87239	1.1007	358.28	2.2426	26.947	0.039366	vapor
560.00	5.0000	48.157	0.020766	641.32	745.14	2.5808	0.87328	1.1012	358.85	2.2261	27.010	0.039495	vapor
561.67	5.0000	47.997	0.020835	642.81	746.98	2.5841	0.87417	1.1018	359.41	2.2098	27.073	0.039625	vapor
563.33	5.0000	47.839	0.020904	644.30	748.82	2.5873	0.87506	1.1024	359.98	2.1936	27.136	0.039754	vapor
565.00	5.0000	47.681	0.020973	645.79	750.65	2.5906	0.87595	1.1029	360.54	2.1776	27.199	0.039884	vapor
566.67	5.0000	47.525	0.021042	647.28	752.49	2.5938	0.87684	1.1035	361.10	2.1617	27.262	0.040013	vapor
568.33	5.0000	47.370	0.021110	648.78	754.33	2.5971	0.87773	1.1041	361.66	2.1460	27.325	0.040142	vapor
570.00	5.0000	47.216	0.021179	650.28	756.17	2.6003	0.87861	1.1046	362.22	2.1304	27.387	0.040272	vapor
571.67	5.0000	47.063	0.021248	651.77	758.01	2.6035	0.87950	1.1052	362.77	2.1150	27.450	0.040401	vapor
573.33	5.0000	46.911	0.021317	653.27	759.86	2.6068	0.88038	1.1058	363.33	2.0997	27.512	0.040531	vapor
575.00	5.0000	46.761	0.021385	654.77	761.70	2.6100	0.88126	1.1064	363.88	2.0846	27.575	0.040660	vapor
576.67	5.0000	46.611	0.021454	656.27	763.54	2.6132	0.88213	1.1070	364.44	2.0696	27.637	0.040790	vapor
578.33	5.0000	46.462	0.021523	657.78	765.39	2.6164	0.88301	1.1075	364.99	2.0547	27.699	0.040919	vapor
580.00	5.0000	46.315	0.021591	659.28	767.24	2.6195	0.88389	1.1081	365.54	2.0400	27.762	0.041048	vapor
581.67	5.0000	46.168	0.021660	660.78	769.08	2.6227	0.88476	1.1087	366.09	2.0254	27.824	0.041178	vapor
583.33	5.0000	46.023	0.021728	662.29	770.93	2.6259	0.88563	1.1093	366.63	2.0110	27.886	0.041307	vapor
585.00	5.0000	45.878	0.021797	663.80	772.78	2.6291	0.88650	1.1099	367.18	1.9967	27.948	0.041436	vapor
586.67	5.0000	45.735	0.021865	665.31	774.63	2.6322	0.88737	1.1105	367.73	1.9825	28.009	0.041566	vapor
588.33	5.0000	45.592	0.021933	666.82	776.48	2.6354	0.88823	1.1111	368.27	1.9685	28.071	0.041695	vapor
590.00	5.0000	45.451	0.022002	668.33	778.34	2.6385	0.88910	1.1117	368.81	1.9545	28.133	0.041824	vapor
591.67	5.0000	45.310	0.022070	669.84	780.19	2.6417	0.88996	1.1123	369.35	1.9407	28.195	0.041953	vapor
593.33	5.0000	45.171	0.022138	671.35	782.04	2.6448	0.89082	1.1129	369.89	1.9271	28.256	0.042083	vapor
595.00	5.0000	45.032	0.022206	672.87	783.90	2.6479	0.89168	1.1135	370.43	1.9135	28.318	0.042212	vapor
596.67	5.0000	44.894	0.022275	674.38	785.75	2.6510	0.89254	1.1141	370.97	1.9001	28.379	0.042341	vapor
598.33	5.0000	44.757	0.022343	675.90	787.61	2.6541	0.89339	1.1147	371.51	1.8868	28.441	0.042470	vapor
600.00	5.0000	44.621	0.022411	677.42	789.47	2.6572	0.89425	1.1153	372.04	1.8736	28.502	0.042599	vapor
601.67	5.0000	44.486	0.022479	678.94	791.33	2.6603	0.89510	1.1159	372.58	1.8605	28.563	0.042728	vapor
603.33	5.0000	44.352	0.022547	680.46	793.19	2.6634	0.89595	1.1165	373.11	1.8476	28.624	0.042857	vapor
605.00	5.0000	44.219	0.022615	681.98	795.05	2.6665	0.89680	1.1171	373.64	1.8347	28.685	0.042986	vapor
606.67	5.0000	44.086	0.022683	683.50	796.91	2.6696	0.89765	1.1177	374.17	1.8220	28.746	0.043115	vapor
608.33	5.0000	43.955	0.022751	685.02	798.78	2.6726	0.89849	1.1184	374.70	1.8094	28.807	0.043244	vapor
610.00	5.0000	43.824	0.022818	686.55	800.64	2.6757	0.89933	1.1190	375.23	1.7968	28.868	0.043373	vapor
611.67	5.0000	43.694	0.022886	688.08	802.51	2.6788	0.90017	1.1196	375.76	1.7844	28.929	0.043502	vapor
613.33	5.0000	43.565	0.022954	689.60	804.37	2.6818	0.90101	1.1202	376.28	1.7721	28.989	0.043631	vapor
615.00	5.0000	43.437	0.023022	691.13	806.24	2.6848	0.90185	1.1208	376.81	1.7600	29.050	0.043760	vapor
616.67	5.0000	43.310	0.023090	692.66	808.11	2.6879	0.90269	1.1214	377.33	1.7479	29.111	0.043889	vapor
618.33	5.0000	43.183	0.023157	694.19	809.98	2.6909	0.90352	1.1220	377.85	1.7359	29.171	0.044018	vapor
620.00	5.0000	43.057	0.023225	695.73	811.85	2.6939	0.90435	1.1227	378.38	1.7240	29.232	0.044146	vapor
621.67	5.0000	42.932	0.023293	697.26	813.72	2.6969	0.90518	1.1233	378.90	1.7122	29.292	0.044275	vapor
623.33	5.0000	42.808	0.023360	698.79	815.59	2.6999	0.90601	1.1239	379.42	1.7005	29.352	0.044404	vapor
625.00	5.0000	42.685	0.023428	700.33	817.47	2.7030	0.90684	1.1245	379.93	1.6890	29.412	0.044533	vapor
626.67	5.0000	42.562	0.023495	701.87	819.34	2.7059	0.90766	1.1251	380.45	1.6775	29.472	0.044661	vapor
628.33	5.0000	42.440	0.023563	703.40	821.22	2.7089	0.90848	1.1257	380.97	1.6661	29.533	0.044790	vapor
630.00	5.0000	42.319	0.023630	704.94	823.10	2.7119	0.90930	1.1264	381.48	1.6548	29.592	0.044918	vapor
631.67	5.0000	42.198	0.023698	706.48	824.97	2.7149	0.91012	1.1270	382.00	1.6436	29.652	0.045047	vapor
633.33	5.0000	42.079	0.023765	708.03	826.85	2.7179	0.91094	1.1276	382.51	1.6325	29.712	0.045175	vapor
635.00	5.0000	41.960	0.023832	709.57	828.73	2.7208	0.91175	1.1282	383.02	1.6215	29.772	0.045304	vapor
636.67	5.0000	41.842	0.023900	711.11	830.61	2.7238	0.91256	1.1288	383.54	1.6105	29.832	0.045432	vapor
638.33	5.0000	41.724	0.023967	712.66	832.49	2.7267	0.91338	1.1295	384.05	1.5997	29.891	0.045560	vapor
640.00	5.0000	41.607	0.024034	714.21	834.38	2.7297	0.91418	1.1301	384.56	1.5890	29.951	0.045689	vapor
641.67	5.0000	41.491	0.024102	715.75	836.26	2.7326	0.91499	1.1307	385.06	1.5783	30.010	0.045817	vapor
643.33	5.0000	41.376	0.024169	717.30	838.15	2.7356	0.91580	1.1313	385.57	1.5677	30.070	0.045945	vapor
645.00	5.0000	41.261	0.024236	718.85	840.03	2.7385	0.91660	1.1319	386.08	1.5572	30.129	0.046073	vapor
646.67	5.0000	41.147	0.024303	720.40	841.92	2.7414	0.91740	1.1326	386.58	1.5468	30.189	0.046202	vapor
648.33	5.0000	41.034	0.024370	721.96	843.81	2.7443	0.91820	1.1332	387.09	1.5365	30.248	0.046330	vapor
650.00	5.0000	40.921	0.024437	723.51	845.70	2.7472	0.91900	1.1338	387.59	1.5263	30.307	0.046458	vapor
651.67	5.0000	40.809	0.024504	725.06	847.59	2.7501	0.91979	1.1344	388.10	1.5161	30.366	0.046586	vapor
653.33	5.0000	40.698	0.024571	726.62	849.48	2.7530	0.92059	1.1350	388.60	1.5061	30.425	0.046714	vapor
655.00	5.0000	40.587	0.024639	728.18	851.37	2.7559	0.92138	1.1357	389.10	1.4961	30.484	0.046842	vapor
656.67	5.0000	40.477	0.024706	729.74	853.26	2.7588	0.92217	1.1363	389.60	1.4862	30.543	0.046969	vapor
658.33	5.0000	40.367	0.024772	731.30	855.16	2.7617	0.92296	1.1369	390.10	1.4763	30.602	0.047097	vapor
660.00	5.0000	40.259	0.024839	732.86	857.05	2.7646	0.92374	1.1375	390.60	1.4666	30.660	0.047225	vapor
661.67	5.0000	40.150	0.024906	734.42	858.95	2.7674	0.92453	1.1381	391.09	1.4569	30.719	0.047353	vapor
663.33	5.0000	40.043	0.024973	735.98	860.85	2.7703	0.92531	1.1388	391.59	1.4473	30.778	0.047480	vapor
665.00	5.0000	39.936	0.025040	737.54	862.75	2.7732	0.92609	1.1394	392.09	1.4377	30.836	0.047608	vapor
666.67	5.0000	39.830	0.025107	739.11	864.65	2.7760	0.92687	1.1400	392.58	1.4283	30.895	0.047736	vapor
668.33	5.0000	39.724	0.025174	740.68	866.55	2.7789	0.92764	1.1406	393.07	1.4189	30.953	0.047863	vapor
670.00	5.0000	39.619	0.025241	742.24	868.45	2.7817	0.92842	1.1412	393.57	1.4096	31.012	0.047991	vapor
671.67	5.0000	39.514	0.025307	743.81	870.35	2.7845	0.92919	1.1418	394.06	1.4003	31.070	0.048118	vapor
673.33	5.0000	39.410	0.025374	745.38	872.25	2.7874	0.92996	1.1425	394.55	1.3912	31.128	0.048245	vapor
675.00	5.0000	39.307	0.025441	746.95	874.16	2.7902	0.93073	1.1431	395.04	1.3821	31.186	0.048373	vapor
676.67	5.0000	39.204	0.025508	748.53	876.06	2.7930	0.93149	1.1437	395.53	1.3730	31.244	0.048500	vapor
678.33	5.0000	39.102	0.025574	750.10	877.97	2.7958	0.93226	1.1443	396.02	1.3641	31.302	0.048627	vapor
680.00	5.0000	39.000	0.025641	751.67	879.88	2.7986	0.93302	1.1449	396.51	1.3552	31.360	0.048754	vapor
681.67	5.0000	38.899	0.025708	753.25	881.79	2.8014	0.93378	1.1455	396.99	1.3463	31.418	0.048881	vapor
683.33	5.0000	38.799	0.025774	754.83	883.70	2.8042	0.93454	1.1462	397.48	1.3376	31.476	0.049008	vapor
685.00	5.0000	38.699	0.025841	756.40	885.61	2.8070	0.93530	1.1468	397.97	1.3289	31.534	0.049135	vapor
686.67	5.0000	38.599	0.025907	757.98	887.52	2.8098	0.93605	1.1474	398.45	1.3202	31.591	0.049262	vapor
688.33	5.0000	38.500	0.025974	759.56	889.43	2.8126	0.93681	1.1480	398.93	1.3117	31.649	0.049389	vapor
690.00	5.0000	38.402	0.026040	761.14	891.35	2.8154	0.93756	1.1486	399.42	1.3032	31.707	0.049516	vapor
691.67	5.0000	38.304	0.026107	762.73	893.26	2.8182	0.93831	1.1492	399.90	1.2947	31.764	0.049643	vapor
693.33	5.0000	38.207	0.026173	764.31	895.18	2.8209	0.93905	1.1498	400.38	1.2864	31.822	0.049770	vapor
695.00	5.0000	38.110	0.026240	765.89	897.09	2.8237	0.93980	1.1504	400.86	1.2780	31.879	0.049896	vapor
696.67	5.0000	38.014	0.026306	767.48	899.01	2.8264	0.94054	1.1510	401.34	1.2698	31.936	0.050023	vapor
698.33	5.0000	37.918	0.026373	769.07	900.93	2.8292	0.94128	1.1517	401.82	1.2616	31.994	0.050149	vapor
700.00	5.0000	37.823	0.026439	770.65	902.85	2.8319	0.94202	1.1523	402.30	1.2534	32.051	0.050276	vapor
701.67	5.0000	37.728	0.026506	772.24	904.77	2.8347	0.94276	1.1529	402.78	1.2454	32.108	0.050402	vapor
703.33	5.0000	37.634	0.026572	773.83	906.69	2.8374	0.94350	1.1535	403.25	1.2373	32.165	0.050529	vapor
705.00	5.0000	37.540	0.026638	775.42	908.62	2.8401	0.94423	1.1541	403.73	1.2294	32.222	0.050655	vapor
706.67	5.0000	37.447	0.026705	777.02	910.54	2.8429	0.94496	1.1547	404.20	1.2215	32.279	0.050781	vapor
708.33	5.0000	37.354	0.026771	778.61	912.46	2.8456	0.94569	1.1553	404.68	1.2136	32.336	0.050908	vapor
710.00	5.0000	37.262	0.026837	780.21	914.39	2.8483	0.94642	1.1559	405.15	1.2058	32.393	0.051034	vapor
711.67	5.0000	37.170	0.026903	781.80	916.32	2.8510	0.94714	1.1565	405.62	1.1981	32.449	0.051160	vapor
713.33	5.0000	37.079	0.026970	783.40	918.25	2.8537	0.94787	1.1571	406.10	1.1904	32.506	0.051286	vapor
715.00	5.0000	36.988	0.027036	785.00	920.17	2.8564	0.94859	1.1577	406.57	1.1828	32.563	0.051412	vapor
716.67	5.0000	36.898	0.027102	786.59	922.10	2.8591	0.94931	1.1583	407.04	1.1752	32.619	0.051538	vapor
718.33	5.0000	36.808	0.027168	788.19	924.04	2.8618	0.95003	1.1589	407.51	1.1677	32.676	0.051664	vapor
720.00	5.0000	36.718	0.027234	789.80	925.97	2.8645	0.95075	1.1595	407.98	1.1602	32.732	0.051789	vapor
721.67	5.0000	36.629	0.027301	791.40	927.90	2.8672	0.95146	1.1601	408.45	1.1528	32.789	0.051915	vapor
723.33	5.0000	36.541	0.027367	793.00	929.83	2.8699	0.95217	1.1607	408.91	1.1455	32.845	0.052041	vapor
725.00	5.0000	36.453	0.027433	794.61	931.77	2.8725	0.95288	1.1613	409.38	1.1382	32.901	0.052166	vapor
726.67	5.0000	36.365	0.027499	796.21	933.71	2.8752	0.95359	1.1619	409.85	1.1309	32.958	0.052292	vapor
728.33	5.0000	36.278	0.027565	797.82	935.64	2.8779	0.95430	1.1625	410.31	1.1237	33.014	0.052417	vapor
730.00	5.0000	36.191	0.027631	799.43	937.58	2.8805	0.95501	1.1631	410.78	1.1165	33.070	0.052543	vapor
731.67	5.0000	36.105	0.027697	801.03	939.52	2.8832	0.95571	1.1637	411.24	1.1094	33.126	0.052668	vapor
733.33	5.0000	36.019	0.027763	802.64	941.46	2.8858	0.95641	1.1642	411.71	1.1024	33.182	0.052793	vapor
735.00	5.0000	35.934	0.027829	804.25	943.40	2.8885	0.95711	1.1648	412.17	1.0953	33.238	0.052919	vapor
736.67	5.0000	35.849	0.027895	805.87	945.34	2.8911	0.95781	1.1654	412.63	1.0884	33.294	0.053044	vapor
738.33	5.0000	35.764	0.027961	807.48	947.28	2.8937	0.95850	1.1660	413.09	1.0815	33.350	0.053169	vapor
740.00	5.0000	35.680	0.028027	809.09	949.23	2.8964	0.95920	1.1666	413.55	1.0746	33.405	0.053294	vapor
741.67	5.0000	35.596	0.028093	810.71	951.17	2.8990	0.95989	1.1672	414.01	1.0678	33.461	0.053419	vapor
743.33	5.0000	35.513	0.028159	812.33	953.12	2.9016	0.96058	1.1678	414.47	1.0610	33.517	0.053544	vapor
745.00	5.0000	35.430	0.028225	813.94	955.07	2.9042	0.96127	1.1684	414.93	1.0543	33.572	0.053668	vapor
746.67	5.0000	35.347	0.028291	815.56	957.01	2.9068	0.96195	1.1689	415.39	1.0476	33.628	0.053793	vapor
748.33	5.0000	35.265	0.028357	817.18	958.96	2.9094	0.96264	1.1695	415.85	1.0409	33.683	0.053918	vapor
750.00	5.0000	35.184	0.028422	818.80	960.91	2.9120	0.96332	1.1701	416.31	1.0343	33.739	0.054043	vapor
751.67	5.0000	35.102	0.028488	820.42	962.86	2.9146	0.96400	1.1707	416.76	1.0278	33.794	0.054167	vapor
753.33	5.0000	35.021	0.028554	822.04	964.81	2.9172	0.96468	1.1713	417.22	1.0213	33.849	0.054292	vapor
755.00	5.0000	34.941	0.028620	823.67	966.77	2.9198	0.96536	1.1719	417.67	1.0148	33.904	0.054416	vapor
756.67	5.0000	34.861	0.028686	825.29	968.72	2.9224	0.96603	1.1724	418.13	1.0084	33.960	0.054540	vapor
758.33	5.0000	34.781	0.028751	826.92	970.68	2.9250	0.96671	1.1730	418.58	1.0020	34.015	0.054665	vapor
760.00	5.0000	34.702	0.028817	828.54	972.63	2.9276	0.96738	1.1736	419.03	0.99564	34.070	0.054789	vapor
761.67	5.0000	34.623	0.028883	830.17	974.59	2.9301	0.96805	1.1742	419.49	0.98934	34.125	0.054913	vapor
763.33	5.0000	34.544	0.028949	831.80	976.54	2.9327	0.96872	1.1747	419.94	0.98309	34.180	0.055037	vapor
765.00	5.0000	34.466	0.029014	833.43	978.50	2.9353	0.96938	1.1753	420.39	0.97687	34.235	0.055161	vapor
766.67	5.0000	34.388	0.029080	835.06	980.46	2.9378	0.97005	1.1759	420.84	0.97069	34.290	0.055285	vapor
768.33	5.0000	34.310	0.029146	836.69	982.42	2.9404	0.97071	1.1764	421.29	0.96455	34.344	0.055409	vapor
770.00	5.0000	34.233	0.029211	838.33	984.38	2.9429	0.97137	1.1770	421.74	0.95846	34.399	0.055533	vapor
771.67	5.0000	34.156	0.029277	839.96	986.35	2.9455	0.97203	1.1776	422.19	0.95240	34.454	0.055657	vapor
773.33	5.0000	34.080	0.029343	841.60	988.31	2.9480	0.97269	1.1781	422.63	0.94638	34.508	0.055781	vapor
775.00	5.0000	34.004	0.029408	843.23	990.27	2.9506	0.97334	1.1787	423.08	0.94040	34.563	0.055904	vapor
776.67	5.0000	33.928	0.029474	844.87	992.24	2.9531	0.97400	1.1793	423.53	0.93445	34.617	0.056028	vapor
778.33	5.0000	33.853	0.029540	846.51	994.20	2.9556	0.97465	1.1798	423.98	0.92855	34.672	0.056151	vapor
780.00	5.0000	33.778	0.029605	848.14	996.17	2.9581	0.97530	1.1804	424.42	0.92268	34.726	0.056275	vapor
781.67	5.0000	33.703	0.029671	849.78	998.14	2.9607	0.97595	1.1810	424.87	0.91685	34.781	0.056398	vapor
783.33	5.0000	33.629	0.029736	851.43	1000.1	2.9632	0.97659	1.1815	425.31	0.91106	34.835	0.056521	vapor
785.00	5.0000	33.555	0.029802	853.07	1002.1	2.9657	0.97724	1.1821	425.75	0.90530	34.889	0.056645	vapor
786.67	5.0000	33.481	0.029867	854.71	1004.0	2.9682	0.97788	1.1826	426.20	0.89958	34.943	0.056768	vapor
788.33	5.0000	33.408	0.029933	856.35	1006.0	2.9707	0.97852	1.1832	426.64	0.89389	34.997	0.056891	vapor
790.00	5.0000	33.335	0.029999	858.00	1008.0	2.9732	0.97916	1.1838	427.08	0.88825	35.052	0.057014	vapor
791.67	5.0000	33.262	0.030064	859.65	1010.0	2.9757	0.97980	1.1843	427.52	0.88263	35.106	0.057137	vapor
793.33	5.0000	33.190	0.030130	861.29	1011.9	2.9782	0.98043	1.1849	427.97	0.87705	35.160	0.057260	vapor
795.00	5.0000	33.118	0.030195	862.94	1013.9	2.9807	0.98107	1.1854	428.41	0.87151	35.213	0.057382	vapor
796.67	5.0000	33.046	0.030260	864.59	1015.9	2.9832	0.98170	1.1860	428.85	0.86600	35.267	0.057505	vapor
798.33	5.0000	32.975	0.030326	866.24	1017.9	2.9856	0.98233	1.1865	429.28	0.86052	35.321	0.057628	vapor
800.00	5.0000	32.904	0.030391	867.89	1019.8	2.9881	0.98296	1.1871	429.72	0.85508	35.375	0.057750	vapor
801.67	5.0000	32.833	0.030457	869.54	1021.8	2.9906	0.98359	1.1876	430.16	0.84967	35.429	0.057873	vapor
803.33	5.0000	32.763	0.030522	871.19	1023.8	2.9931	0.98421	1.1882	430.60	0.84429	35.482	0.057995	vapor
805.00	5.0000	32.693	0.030588	872.85	1025.8	2.9955	0.98484	1.1887	431.04	0.83895	35.536	0.058118	vapor
806.67	5.0000	32.623	0.030653	874.50	1027.8	2.9980	0.98546	1.1893	431.47	0.83364	35.589	0.058240	vapor
808.33	5.0000	32.554	0.030718	876.16	1029.7	3.0004	0.98608	1.1898	431.91	0.82836	35.643	0.058362	vapor
810.00	5.0000	32.485	0.030784	877.81	1031.7	3.0029	0.98670	1.1904	432.34	0.82311	35.696	0.058485	vapor
811.67	5.0000	32.416	0.030849	879.47	1033.7	3.0053	0.98731	1.1909	432.78	0.81790	35.750	0.058607	vapor
813.33	5.0000	32.347	0.030914	881.13	1035.7	3.0078	0.98793	1.1914	433.21	0.81271	35.803	0.058729	vapor
815.00	5.0000	32.279	0.030980	882.79	1037.7	3.0102	0.98854	1.1920	433.65	0.80756	35.856	0.058851	vapor
816.67	5.0000	32.211	0.031045	884.45	1039.7	3.0126	0.98915	1.1925	434.08	0.80244	35.910	0.058973	vapor
818.33	5.0000	32.144	0.031110	886.11	1041.7	3.0151	0.98976	1.1930	434.51	0.79735	35.963	0.059094	vapor
820.00	5.0000	32.076	0.031176	887.77	1043.7	3.0175	0.99037	1.1936	434.95	0.79229	36.016	0.059216	vapor
821.67	5.0000	32.009	0.031241	889.44	1045.6	3.0199	0.99097	1.1941	435.38	0.78726	36.069	0.059338	vapor
823.33	5.0000	31.943	0.031306	891.10	1047.6	3.0223	0.99158	1.1947	435.81	0.78226	36.122	0.059459	vapor
825.00	5.0000	31.876	0.031371	892.77	1049.6	3.0248	0.99218	1.1952	436.24	0.77729	36.175	0.059581	vapor
826.67	5.0000	31.810	0.031437	894.43	1051.6	3.0272	0.99278	1.1957	436.67	0.77235	36.228	0.059702	vapor
828.33	5.0000	31.744	0.031502	896.10	1053.6	3.0296	0.99338	1.1962	437.10	0.76743	36.281	0.059824	vapor
830.00	5.0000	31.679	0.031567	897.77	1055.6	3.0320	0.99398	1.1968	437.53	0.76255	36.334	0.059945	vapor
831.67	5.0000	31.613	0.031632	899.44	1057.6	3.0344	0.99458	1.1973	437.96	0.75769	36.387	0.060066	vapor
833.33	5.0000	31.548	0.031698	901.11	1059.6	3.0368	0.99517	1.1978	438.38	0.75287	36.439	0.060187	vapor
835.00	5.0000	31.483	0.031763	902.78	1061.6	3.0392	0.99576	1.1984	438.81	0.74807	36.492	0.060309	vapor
836.67	5.0000	31.419	0.031828	904.45	1063.6	3.0416	0.99636	1.1989	439.24	0.74330	36.545	0.060430	vapor
838.33	5.0000	31.355	0.031893	906.12	1065.6	3.0440	0.99694	1.1994	439.66	0.73856	36.597	0.060551	vapor
840.00	5.0000	31.291	0.031958	907.80	1067.6	3.0463	0.99753	1.1999	440.09	0.73384	36.650	0.060671	vapor
841.67	5.0000	31.227	0.032023	909.47	1069.6	3.0487	0.99812	1.2004	440.52	0.72915	36.702	0.060792	vapor
843.33	5.0000	31.164	0.032089	911.15	1071.6	3.0511	0.99870	1.2010	440.94	0.72449	36.755	0.060913	vapor
845.00	5.0000	31.101	0.032154	912.82	1073.6	3.0535	0.99929	1.2015	441.36	0.71986	36.807	0.061034	vapor
846.67	5.0000	31.038	0.032219	914.50	1075.6	3.0558	0.99987	1.2020	441.79	0.71525	36.860	0.061154	vapor
848.33	5.0000	30.975	0.032284	916.18	1077.6	3.0582	1.0004	1.2025	442.21	0.71067	36.912	0.061275	vapor
850.00	5.0000	30.913	0.032349	917.86	1079.6	3.0606	1.0010	1.2030	442.64	0.70611	36.964	0.061395	vapor
851.67	5.0000	30.851	0.032414	919.54	1081.6	3.0629	1.0016	1.2035	443.06	0.70158	37.016	0.061516	vapor
853.33	5.0000	30.789	0.032479	921.22	1083.6	3.0653	1.0022	1.2041	443.48	0.69708	37.069	0.061636	vapor
855.00	5.0000	30.727	0.032544	922.90	1085.6	3.0676	1.0027	1.2046	443.90	0.69260	37.121	0.061756	vapor
856.67	5.0000	30.666	0.032609	924.58	1087.6	3.0700	1.0033	1.2051	444.32	0.68815	37.173	0.061876	vapor
858.33	5.0000	30.605	0.032674	926.27	1089.6	3.0723	1.0039	1.2056	444.74	0.68372	37.225	0.061996	vapor
860.00	5.0000	30.544	0.032739	927.95	1091.6	3.0747	1.0045	1.2061	445.16	0.67931	37.277	0.062116	vapor
861.67	5.0000	30.484	0.032804	929.64	1093.7	3.0770	1.0050	1.2066	445.58	0.67494	37.329	0.062236	vapor
863.33	5.0000	30.423	0.032869	931.32	1095.7	3.0793	1.0056	1.2071	446.00	0.67058	37.381	0.062356	vapor
865.00	5.0000	30.363	0.032934	933.01	1097.7	3.0816	1.0062	1.2076	446.42	0.66625	37.432	0.062476	vapor
866.67	5.0000	30.304	0.032999	934.70	1099.7	3.0840	1.0067	1.2081	446.84	0.66195	37.484	0.062596	vapor
868.33	5.0000	30.244	0.033064	936.39	1101.7	3.0863	1.0073	1.2086	447.26	0.65767	37.536	0.062715	vapor
870.00	5.0000	30.185	0.033129	938.08	1103.7	3.0886	1.0078	1.2091	447.67	0.65341	37.588	0.062835	vapor
871.67	5.0000	30.126	0.033194	939.77	1105.7	3.0909	1.0084	1.2096	448.09	0.64917	37.639	0.062955	vapor
873.33	5.0000	30.067	0.033259	941.46	1107.8	3.0932	1.0089	1.2101	448.51	0.64496	37.691	0.063074	vapor
875.00	5.0000	30.008	0.033324	943.15	1109.8	3.0955	1.0095	1.2106	448.92	0.64077	37.742	0.063193	vapor
876.67	5.0000	29.950	0.033389	944.85	1111.8	3.0978	1.0101	1.2111	449.34	0.63661	37.794	0.063313	vapor
878.33	5.0000	29.892	0.033454	946.54	1113.8	3.1002	1.0106	1.2116	449.75	0.63247	37.845	0.063432	vapor
880.00	5.0000	29.834	0.033519	948.23	1115.8	3.1024	1.0112	1.2121	450.17	0.62835	37.897	0.063551	vapor
881.67	5.0000	29.776	0.033584	949.93	1117.9	3.1047	1.0117	1.2126	450.58	0.62425	37.948	0.063670	vapor
883.33	5.0000	29.719	0.033649	951.63	1119.9	3.1070	1.0122	1.2131	450.99	0.62017	38.000	0.063789	vapor
885.00	5.0000	29.661	0.033714	953.33	1121.9	3.1093	1.0128	1.2136	451.41	0.61612	38.051	0.063908	vapor
886.67	5.0000	29.604	0.033779	955.02	1123.9	3.1116	1.0133	1.2141	451.82	0.61209	38.102	0.064027	vapor
888.33	5.0000	29.548	0.033844	956.72	1125.9	3.1139	1.0139	1.2145	452.23	0.60808	38.153	0.064146	vapor
890.00	5.0000	29.491	0.033909	958.42	1128.0	3.1162	1.0144	1.2150	452.64	0.60409	38.204	0.064264	vapor
891.67	5.0000	29.435	0.033973	960.12	1130.0	3.1184	1.0150	1.2155	453.05	0.60013	38.256	0.064383	vapor
893.33	5.0000	29.379	0.034038	961.83	1132.0	3.1207	1.0155	1.2160	453.47	0.59618	38.307	0.064501	vapor
895.00	5.0000	29.323	0.034103	963.53	1134.0	3.1230	1.0160	1.2165	453.88	0.59226	38.358	0.064620	vapor
896.67	5.0000	29.267	0.034168	965.23	1136.1	3.1252	1.0166	1.2170	454.29	0.58836	38.409	0.064738	vapor
898.33	5.0000	29.212	0.034233	966.94	1138.1	3.1275	1.0171	1.2174	454.69	0.58447	38.460	0.064857	vapor
900.00	5.0000	29.157	0.034298	968.64	1140.1	3.1298	1.0176	1.2179	455.10	0.58061	38.510	0.064975	vapor
901.67	5.0000	29.102	0.034362	970.35	1142.2	3.1320	1.0182	1.2184	455.51	0.57677	38.561	0.065093	vapor
903.33	5.0000	29.047	0.034427	972.06	1144.2	3.1343	1.0187	1.2189	455.92	0.57295	38.612	0.065211	vapor
905.00	5.0000	28.992	0.034492	973.76	1146.2	3.1365	1.0192	1.2193	456.33	0.56915	38.663	0.065329	vapor
906.67	5.0000	28.938	0.034557	975.47	1148.3	3.1387	1.0197	1.2198	456.74	0.56537	38.714	0.065447	vapor
908.33	5.0000	28.884	0.034622	977.18	1150.3	3.1410	1.0203	1.2203	457.14	0.56161	38.764	0.065565	vapor
910.00	5.0000	28.830	0.034686	978.89	1152.3	3.1432	1.0208	1.2208	457.55	0.55787	38.815	0.065683	vapor
911.67	5.0000	28.776	0.034751	980.60	1154.4	3.1455	1.0213	1.2212	457.96	0.55414	38.865	0.065801	vapor
913.33	5.0000	28.722	0.034816	982.32	1156.4	3.1477	1.0218	1.2217	458.36	0.55044	38.916	0.065918	vapor
915.00	5.0000	28.669	0.034881	984.03	1158.4	3.1499	1.0223	1.2222	458.77	0.54676	38.966	0.066036	vapor
916.67	5.0000	28.616	0.034946	985.74	1160.5	3.1521	1.0228	1.2226	459.17	0.54310	39.017	0.066153	vapor
918.33	5.0000	28.563	0.035010	987.46	1162.5	3.1544	1.0234	1.2231	459.58	0.53945	39.067	0.066271	vapor
920.00	5.0000	28.510	0.035075	989.17	1164.5	3.1566	1.0239	1.2236	459.98	0.53582	39.118	0.066388	vapor
921.67	5.0000	28.458	0.035140	990.89	1166.6	3.1588	1.0244	1.2240	460.38	0.53222	39.168	0.066506	vapor
923.33	5.0000	28.406	0.035204	992.60	1168.6	3.1610	1.0249	1.2245	460.79	0.52863	39.218	0.066623	vapor
925.00	5.0000	28.353	0.035269	994.32	1170.7	3.1632	1.0254	1.2250	461.19	0.52506	39.269	0.066740	vapor
926.67	5.0000	28.301	0.035334	996.04	1172.7	3.1654	1.0259	1.2254	461.59	0.52151	39.319	0.066857	vapor
928.33	5.0000	28.250	0.035399	997.76	1174.8	3.1676	1.0264	1.2259	461.99	0.51797	39.369	0.066974	vapor
930.00	5.0000	28.198	0.035463	999.48	1176.8	3.1698	1.0269	1.2263	462.39	0.51446	39.419	0.067091	vapor
931.67	5.0000	28.147	0.035528	1001.2	1178.8	3.1720	1.0274	1.2268	462.80	0.51096	39.469	0.067208	vapor
933.33	5.0000	28.096	0.035593	1002.9	1180.9	3.1742	1.0279	1.2273	463.20	0.50748	39.519	0.067325	vapor
935.00	5.0000	28.045	0.035657	1004.6	1182.9	3.1764	1.0284	1.2277	463.60	0.50401	39.569	0.067441	vapor
936.67	5.0000	27.994	0.035722	1006.4	1185.0	3.1786	1.0289	1.2282	464.00	0.50057	39.619	0.067558	vapor
938.33	5.0000	27.943	0.035787	1008.1	1187.0	3.1808	1.0294	1.2286	464.40	0.49714	39.669	0.067675	vapor
940.00	5.0000	27.893	0.035851	1009.8	1189.1	3.1830	1.0299	1.2291	464.79	0.49373	39.719	0.067791	vapor
941.67	5.0000	27.843	0.035916	1011.5	1191.1	3.1851	1.0304	1.2295	465.19	0.49034	39.769	0.067908	vapor
943.33	5.0000	27.793	0.035980	1013.3	1193.2	3.1873	1.0309	1.2300	465.59	0.48696	39.818	0.068024	vapor
945.00	5.0000	27.743	0.036045	1015.0	1195.2	3.1895	1.0314	1.2304	465.99	0.48360	39.868	0.068140	vapor
946.67	5.0000	27.693	0.036110	1016.7	1197.3	3.1916	1.0319	1.2309	466.39	0.48026	39.918	0.068256	vapor
948.33	5.0000	27.644	0.036174	1018.5	1199.3	3.1938	1.0324	1.2313	466.78	0.47693	39.968	0.068372	vapor
950.00	5.0000	27.595	0.036239	1020.2	1201.4	3.1960	1.0329	1.2318	467.18	0.47362	40.017	0.068489	vapor
951.67	5.0000	27.546	0.036304	1021.9	1203.4	3.1981	1.0333	1.2322	467.58	0.47033	40.067	0.068605	vapor
953.33	5.0000	27.497	0.036368	1023.6	1205.5	3.2003	1.0338	1.2326	467.97	0.46705	40.116	0.068720	vapor
955.00	5.0000	27.448	0.036433	1025.4	1207.5	3.2024	1.0343	1.2331	468.37	0.46379	40.166	0.068836	vapor
956.67	5.0000	27.399	0.036497	1027.1	1209.6	3.2046	1.0348	1.2335	468.76	0.46054	40.215	0.068952	vapor
958.33	5.0000	27.351	0.036562	1028.8	1211.7	3.2067	1.0353	1.2340	469.16	0.45731	40.265	0.069068	vapor
960.00	5.0000	27.303	0.036626	1030.6	1213.7	3.2089	1.0358	1.2344	469.55	0.45410	40.314	0.069183	vapor
961.67	5.0000	27.255	0.036691	1032.3	1215.8	3.2110	1.0362	1.2348	469.95	0.45090	40.363	0.069299	vapor
963.33	5.0000	27.207	0.036756	1034.0	1217.8	3.2132	1.0367	1.2353	470.34	0.44772	40.413	0.069414	vapor
965.00	5.0000	27.159	0.036820	1035.8	1219.9	3.2153	1.0372	1.2357	470.73	0.44455	40.462	0.069530	vapor
966.67	5.0000	27.112	0.036885	1037.5	1221.9	3.2174	1.0377	1.2361	471.13	0.44140	40.511	0.069645	vapor
968.33	5.0000	27.064	0.036949	1039.3	1224.0	3.2196	1.0381	1.2366	471.52	0.43826	40.560	0.069760	vapor
970.00	5.0000	27.017	0.037014	1041.0	1226.1	3.2217	1.0386	1.2370	471.91	0.43514	40.610	0.069875	vapor
971.67	5.0000	26.970	0.037078	1042.7	1228.1	3.2238	1.0391	1.2374	472.30	0.43204	40.659	0.069991	vapor
973.33	5.0000	26.923	0.037143	1044.5	1230.2	3.2259	1.0395	1.2379	472.69	0.42895	40.708	0.070106	vapor
975.00	5.0000	26.877	0.037207	1046.2	1232.3	3.2281	1.0400	1.2383	473.08	0.42587	40.757	0.070221	vapor
976.67	5.0000	26.830	0.037272	1048.0	1234.3	3.2302	1.0405	1.2387	473.48	0.42281	40.806	0.070335	vapor
978.33	5.0000	26.784	0.037336	1049.7	1236.4	3.2323	1.0409	1.2392	473.87	0.41976	40.855	0.070450	vapor
980.00	5.0000	26.737	0.037401	1051.4	1238.4	3.2344	1.0414	1.2396	474.26	0.41673	40.904	0.070565	vapor
981.67	5.0000	26.691	0.037465	1053.2	1240.5	3.2365	1.0419	1.2400	474.65	0.41371	40.953	0.070680	vapor
983.33	5.0000	26.646	0.037530	1054.9	1242.6	3.2386	1.0423	1.2404	475.03	0.41071	41.001	0.070794	vapor
985.00	5.0000	26.600	0.037594	1056.7	1244.6	3.2407	1.0428	1.2408	475.42	0.40772	41.050	0.070909	vapor
986.67	5.0000	26.554	0.037659	1058.4	1246.7	3.2428	1.0432	1.2413	475.81	0.40475	41.099	0.071023	vapor
988.33	5.0000	26.509	0.037723	1060.2	1248.8	3.2449	1.0437	1.2417	476.20	0.40178	41.148	0.071138	vapor
990.00	5.0000	26.464	0.037787	1061.9	1250.9	3.2470	1.0441	1.2421	476.59	0.39884	41.196	0.071252	vapor
991.67	5.0000	26.419	0.037852	1063.7	1252.9	3.2491	1.0446	1.2425	476.97	0.39590	41.245	0.071366	vapor
993.33	5.0000	26.374	0.037916	1065.4	1255.0	3.2512	1.0451	1.2429	477.36	0.39298	41.294	0.071480	vapor
995.00	5.0000	26.329	0.037981	1067.2	1257.1	3.2533	1.0455	1.2434	477.75	0.39008	41.342	0.071594	vapor
996.67	5.0000	26.285	0.038045	1068.9	1259.1	3.2553	1.0460	1.2438	478.13	0.38719	41.391	0.071708	vapor
998.33	5.0000	26.240	0.038110	1070.7	1261.2	3.2574	1.0464	1.2442	478.52	0.38431	41.439	0.071822	vapor
1000.0	5.0000	26.196	0.038174	1072.4	1263.3	3.2595	1.0469	1.2446	478.91	0.38144	41.488	0.071936	vapor
1001.7	5.0000	26.152	0.038238	1074.2	1265.4	3.2616	1.0473	1.2450	479.29	0.37859	41.536	0.072050	vapor
1003.3	5.0000	26.108	0.038303	1075.9	1267.4	3.2636	1.0477	1.2454	479.68	0.37575	41.585	0.072164	vapor
1005.0	5.0000	26.064	0.038367	1077.7	1269.5	3.2657	1.0482	1.2458	480.06	0.37293	41.633	0.072277	vapor
1006.7	5.0000	26.020	0.038432	1079.4	1271.6	3.2678	1.0486	1.2462	480.44	0.37011	41.681	0.072391	vapor
1008.3	5.0000	25.977	0.038496	1081.2	1273.7	3.2698	1.0491	1.2466	480.83	0.36731	41.730	0.072504	vapor
1010.0	5.0000	25.933	0.038560	1082.9	1275.7	3.2719	1.0495	1.2470	481.21	0.36453	41.778	0.072618	vapor
1011.7	5.0000	25.890	0.038625	1084.7	1277.8	3.2739	1.0499	1.2474	481.60	0.36175	41.826	0.072731	vapor
1013.3	5.0000	25.847	0.038689	1086.5	1279.9	3.2760	1.0504	1.2478	481.98	0.35899	41.874	0.072845	vapor
1015.0	5.0000	25.804	0.038754	1088.2	1282.0	3.2780	1.0508	1.2483	482.36	0.35624	41.922	0.072958	vapor
1016.7	5.0000	25.761	0.038818	1090.0	1284.1	3.2801	1.0513	1.2487	482.74	0.35351	41.970	0.073071	vapor
1018.3	5.0000	25.719	0.038882	1091.7	1286.1	3.2821	1.0517	1.2491	483.12	0.35078	42.019	0.073184	vapor
1020.0	5.0000	25.676	0.038947	1093.5	1288.2	3.2842	1.0521	1.2495	483.51	0.34807	42.067	0.073297	vapor
1021.7	5.0000	25.634	0.039011	1095.3	1290.3	3.2862	1.0526	1.2498	483.89	0.34537	42.115	0.073410	vapor
1023.3	5.0000	25.592	0.039075	1097.0	1292.4	3.2883	1.0530	1.2502	484.27	0.34269	42.163	0.073523	vapor
1025.0	5.0000	25.550	0.039140	1098.8	1294.5	3.2903	1.0534	1.2506	484.65	0.34001	42.210	0.073635	vapor
1026.7	5.0000	25.508	0.039204	1100.5	1296.6	3.2923	1.0538	1.2510	485.03	0.33735	42.258	0.073748	vapor
1028.3	5.0000	25.466	0.039268	1102.3	1298.7	3.2944	1.0543	1.2514	485.41	0.33470	42.306	0.073861	vapor
1030.0	5.0000	25.424	0.039333	1104.1	1300.7	3.2964	1.0547	1.2518	485.79	0.33206	42.354	0.073973	vapor
1031.7	5.0000	25.383	0.039397	1105.8	1302.8	3.2984	1.0551	1.2522	486.17	0.32943	42.402	0.074086	vapor
1033.3	5.0000	25.341	0.039461	1107.6	1304.9	3.3004	1.0555	1.2526	486.54	0.32682	42.450	0.074198	vapor
1035.0	5.0000	25.300	0.039526	1109.4	1307.0	3.3024	1.0560	1.2530	486.92	0.32421	42.497	0.074311	vapor
1036.7	5.0000	25.259	0.039590	1111.1	1309.1	3.3045	1.0564	1.2534	487.30	0.32162	42.545	0.074423	vapor
1038.3	5.0000	25.218	0.039654	1112.9	1311.2	3.3065	1.0568	1.2538	487.68	0.31904	42.593	0.074535	vapor
1040.0	5.0000	25.177	0.039718	1114.7	1313.3	3.3085	1.0572	1.2542	488.06	0.31647	42.640	0.074647	vapor
1041.7	5.0000	25.137	0.039783	1116.4	1315.4	3.3105	1.0576	1.2545	488.43	0.31391	42.688	0.074759	vapor
1043.3	5.0000	25.096	0.039847	1118.2	1317.4	3.3125	1.0580	1.2549	488.81	0.31137	42.735	0.074871	vapor
1045.0	5.0000	25.056	0.039911	1120.0	1319.5	3.3145	1.0585	1.2553	489.19	0.30883	42.783	0.074983	vapor
1046.7	5.0000	25.015	0.039976	1121.8	1321.6	3.3165	1.0589	1.2557	489.56	0.30631	42.830	0.075095	vapor
1048.3	5.0000	24.975	0.040040	1123.5	1323.7	3.3185	1.0593	1.2561	489.94	0.30379	42.878	0.075207	vapor
1050.0	5.0000	24.935	0.040104	1125.3	1325.8	3.3205	1.0597	1.2565	490.31	0.30129	42.925	0.075319	vapor
1051.7	5.0000	24.895	0.040168	1127.1	1327.9	3.3225	1.0601	1.2568	490.69	0.29880	42.972	0.075430	vapor
1053.3	5.0000	24.855	0.040233	1128.8	1330.0	3.3245	1.0605	1.2572	491.06	0.29632	43.020	0.075542	vapor
1055.0	5.0000	24.816	0.040297	1130.6	1332.1	3.3265	1.0609	1.2576	491.44	0.29385	43.067	0.075653	vapor
1056.7	5.0000	24.776	0.040361	1132.4	1334.2	3.3285	1.0613	1.2580	491.81	0.29139	43.114	0.075765	vapor
1058.3	5.0000	24.737	0.040425	1134.2	1336.3	3.3304	1.0617	1.2584	492.19	0.28894	43.162	0.075876	vapor
1060.0	5.0000	24.698	0.040490	1135.9	1338.4	3.3324	1.0621	1.2587	492.56	0.28650	43.209	0.075987	vapor
1061.7	5.0000	24.659	0.040554	1137.7	1340.5	3.3344	1.0625	1.2591	492.93	0.28408	43.256	0.076099	vapor
1063.3	5.0000	24.620	0.040618	1139.5	1342.6	3.3364	1.0629	1.2595	493.31	0.28166	43.303	0.076210	vapor
1065.0	5.0000	24.581	0.040682	1141.3	1344.7	3.3383	1.0633	1.2598	493.68	0.27926	43.350	0.076321	vapor
1066.7	5.0000	24.542	0.040746	1143.1	1346.8	3.3403	1.0637	1.2602	494.05	0.27686	43.397	0.076432	vapor
1068.3	5.0000	24.503	0.040811	1144.8	1348.9	3.3423	1.0641	1.2606	494.42	0.27447	43.444	0.076543	vapor
1070.0	5.0000	24.465	0.040875	1146.6	1351.0	3.3443	1.0645	1.2610	494.79	0.27210	43.491	0.076654	vapor
1071.7	5.0000	24.427	0.040939	1148.4	1353.1	3.3462	1.0649	1.2613	495.17	0.26973	43.538	0.076764	vapor
1073.3	5.0000	24.388	0.041003	1150.2	1355.2	3.3482	1.0653	1.2617	495.54	0.26738	43.585	0.076875	vapor
1075.0	5.0000	24.350	0.041067	1152.0	1357.3	3.3501	1.0657	1.2621	495.91	0.26503	43.632	0.076986	vapor
1076.7	5.0000	24.312	0.041132	1153.7	1359.4	3.3521	1.0661	1.2624	496.28	0.26270	43.679	0.077096	vapor
1078.3	5.0000	24.274	0.041196	1155.5	1361.5	3.3540	1.0665	1.2628	496.65	0.26037	43.726	0.077207	vapor
1080.0	5.0000	24.237	0.041260	1157.3	1363.6	3.3560	1.0669	1.2632	497.02	0.25806	43.773	0.077317	vapor
1081.7	5.0000	24.199	0.041324	1159.1	1365.7	3.3579	1.0673	1.2635	497.39	0.25575	43.819	0.077428	vapor
1083.3	5.0000	24.161	0.041388	1160.9	1367.8	3.3599	1.0677	1.2639	497.76	0.25345	43.866	0.077538	vapor
1085.0	5.0000	24.124	0.041453	1162.7	1369.9	3.3618	1.0681	1.2642	498.13	0.25117	43.913	0.077648	vapor
1086.7	5.0000	24.087	0.041517	1164.5	1372.0	3.3638	1.0685	1.2646	498.49	0.24889	43.959	0.077758	vapor
1088.3	5.0000	24.050	0.041581	1166.2	1374.1	3.3657	1.0688	1.2650	498.86	0.24662	44.006	0.077869	vapor
1090.0	5.0000	24.013	0.041645	1168.0	1376.3	3.3676	1.0692	1.2653	499.23	0.24437	44.053	0.077979	vapor
1091.7	5.0000	23.976	0.041709	1169.8	1378.4	3.3696	1.0696	1.2657	499.60	0.24212	44.099	0.078088	vapor
1093.3	5.0000	23.939	0.041773	1171.6	1380.5	3.3715	1.0700	1.2660	499.97	0.23988	44.146	0.078198	vapor
1095.0	5.0000	23.902	0.041837	1173.4	1382.6	3.3734	1.0704	1.2664	500.33	0.23765	44.192	0.078308	vapor
1096.7	5.0000	23.865	0.041902	1175.2	1384.7	3.3754	1.0707	1.2667	500.70	0.23543	44.239	0.078418	vapor
1098.3	5.0000	23.829	0.041966	1177.0	1386.8	3.3773	1.0711	1.2671	501.07	0.23322	44.285	0.078528	vapor
1100.0	5.0000	23.793	0.042030	1178.8	1388.9	3.3792	1.0715	1.2674	501.43	0.23102	44.332	0.078637	vapor
1101.7	5.0000	23.756	0.042094	1180.6	1391.0	3.3811	1.0719	1.2678	501.80	0.22882	44.378	0.078747	vapor
1103.3	5.0000	23.720	0.042158	1182.4	1393.1	3.3830	1.0723	1.2681	502.16	0.22664	44.424	0.078856	vapor
1105.0	5.0000	23.684	0.042222	1184.2	1395.3	3.3850	1.0726	1.2685	502.53	0.22446	44.471	0.078966	vapor
1106.7	5.0000	23.648	0.042286	1185.9	1397.4	3.3869	1.0730	1.2688	502.89	0.22230	44.517	0.079075	vapor
1108.3	5.0000	23.613	0.042350	1187.7	1399.5	3.3888	1.0734	1.2692	503.26	0.22014	44.563	0.079184	vapor
1110.0	5.0000	23.577	0.042414	1189.5	1401.6	3.3907	1.0737	1.2695	503.62	0.21799	44.609	0.079293	vapor
1111.7	5.0000	23.541	0.042479	1191.3	1403.7	3.3926	1.0741	1.2699	503.99	0.21585	44.656	0.079402	vapor
1113.3	5.0000	23.506	0.042543	1193.1	1405.8	3.3945	1.0745	1.2702	504.35	0.21372	44.702	0.079512	vapor
1115.0	5.0000	23.470	0.042607	1194.9	1408.0	3.3964	1.0749	1.2706	504.71	0.21160	44.748	0.079620	vapor
1116.7	5.0000	23.435	0.042671	1196.7	1410.1	3.3983	1.0752	1.2709	505.08	0.20948	44.794	0.079729	vapor
1118.3	5.0000	23.400	0.042735	1198.5	1412.2	3.4002	1.0756	1.2713	505.44	0.20738	44.840	0.079838	vapor
1120.0	5.0000	23.365	0.042799	1200.3	1414.3	3.4021	1.0760	1.2716	505.80	0.20528	44.886	0.079947	vapor
1121.7	5.0000	23.330	0.042863	1202.1	1416.4	3.4040	1.0763	1.2719	506.17	0.20319	44.932	0.080056	vapor
1123.3	5.0000	23.295	0.042927	1203.9	1418.6	3.4059	1.0767	1.2723	506.53	0.20111	44.978	0.080164	vapor
1125.0	5.0000	23.261	0.042991	1205.7	1420.7	3.4078	1.0770	1.2726	506.89	0.19904	45.024	0.080273	vapor
1126.7	5.0000	23.226	0.043055	1207.5	1422.8	3.4096	1.0774	1.2730	507.25	0.19698	45.070	0.080381	vapor
1128.3	5.0000	23.191	0.043119	1209.3	1424.9	3.4115	1.0778	1.2733	507.61	0.19492	45.116	0.080490	vapor
1130.0	5.0000	23.157	0.043183	1211.1	1427.0	3.4134	1.0781	1.2736	507.97	0.19288	45.162	0.080598	vapor
1131.7	5.0000	23.123	0.043247	1212.9	1429.2	3.4153	1.0785	1.2740	508.34	0.19084	45.207	0.080707	vapor
1133.3	5.0000	23.089	0.043312	1214.7	1431.3	3.4172	1.0788	1.2743	508.70	0.18881	45.253	0.080815	vapor
1135.0	5.0000	23.054	0.043376	1216.5	1433.4	3.4190	1.0792	1.2746	509.06	0.18679	45.299	0.080923	vapor
1136.7	5.0000	23.020	0.043440	1218.3	1435.5	3.4209	1.0796	1.2750	509.42	0.18477	45.345	0.081031	vapor
1138.3	5.0000	22.987	0.043504	1220.1	1437.7	3.4228	1.0799	1.2753	509.78	0.18277	45.390	0.081139	vapor
1140.0	5.0000	22.953	0.043568	1221.9	1439.8	3.4246	1.0803	1.2756	510.13	0.18077	45.436	0.081247	vapor
1141.7	5.0000	22.919	0.043632	1223.8	1441.9	3.4265	1.0806	1.2760	510.49	0.17878	45.482	0.081355	vapor
1143.3	5.0000	22.886	0.043696	1225.6	1444.0	3.4284	1.0810	1.2763	510.85	0.17679	45.527	0.081463	vapor
1145.0	5.0000	22.852	0.043760	1227.4	1446.2	3.4302	1.0813	1.2766	511.21	0.17482	45.573	0.081570	vapor
1146.7	5.0000	22.819	0.043824	1229.2	1448.3	3.4321	1.0817	1.2769	511.57	0.17285	45.619	0.081678	vapor
1148.3	5.0000	22.785	0.043888	1231.0	1450.4	3.4339	1.0820	1.2773	511.93	0.17089	45.664	0.081786	vapor
1150.0	5.0000	22.752	0.043952	1232.8	1452.6	3.4358	1.0824	1.2776	512.29	0.16894	45.710	0.081893	vapor
1151.7	5.0000	22.719	0.044016	1234.6	1454.7	3.4376	1.0827	1.2779	512.64	0.16700	45.755	0.082001	vapor
1153.3	5.0000	22.686	0.044080	1236.4	1456.8	3.4395	1.0831	1.2782	513.00	0.16506	45.800	0.082108	vapor
1155.0	5.0000	22.653	0.044144	1238.2	1458.9	3.4413	1.0834	1.2786	513.36	0.16313	45.846	0.082216	vapor
1156.7	5.0000	22.620	0.044208	1240.0	1461.1	3.4432	1.0837	1.2789	513.71	0.16121	45.891	0.082323	vapor
1158.3	5.0000	22.588	0.044272	1241.8	1463.2	3.4450	1.0841	1.2792	514.07	0.15930	45.937	0.082430	vapor
1160.0	5.0000	22.555	0.044336	1243.7	1465.3	3.4468	1.0844	1.2795	514.43	0.15739	45.982	0.082537	vapor
1161.7	5.0000	22.523	0.044400	1245.5	1467.5	3.4487	1.0848	1.2799	514.78	0.15549	46.027	0.082644	vapor
1163.3	5.0000	22.490	0.044464	1247.3	1469.6	3.4505	1.0851	1.2802	515.14	0.15360	46.072	0.082751	vapor
1165.0	5.0000	22.458	0.044528	1249.1	1471.7	3.4524	1.0854	1.2805	515.49	0.15171	46.118	0.082858	vapor
1166.7	5.0000	22.426	0.044592	1250.9	1473.9	3.4542	1.0858	1.2808	515.85	0.14983	46.163	0.082965	vapor
1168.3	5.0000	22.394	0.044656	1252.7	1476.0	3.4560	1.0861	1.2811	516.20	0.14796	46.208	0.083072	vapor
1170.0	5.0000	22.362	0.044720	1254.5	1478.1	3.4578	1.0865	1.2814	516.56	0.14610	46.253	0.083179	vapor
1171.7	5.0000	22.330	0.044784	1256.4	1480.3	3.4597	1.0868	1.2818	516.91	0.14424	46.298	0.083285	vapor
1173.3	5.0000	22.298	0.044848	1258.2	1482.4	3.4615	1.0871	1.2821	517.27	0.14240	46.343	0.083392	vapor
1175.0	5.0000	22.266	0.044912	1260.0	1484.6	3.4633	1.0875	1.2824	517.62	0.14055	46.389	0.083498	vapor
1176.7	5.0000	22.234	0.044976	1261.8	1486.7	3.4651	1.0878	1.2827	517.97	0.13872	46.434	0.083605	vapor
1178.3	5.0000	22.203	0.045039	1263.6	1488.8	3.4669	1.0881	1.2830	518.33	0.13689	46.479	0.083711	vapor
1180.0	5.0000	22.171	0.045103	1265.4	1491.0	3.4688	1.0885	1.2833	518.68	0.13507	46.524	0.083818	vapor
1181.7	5.0000	22.140	0.045167	1267.3	1493.1	3.4706	1.0888	1.2836	519.03	0.13326	46.568	0.083924	vapor
1183.3	5.0000	22.109	0.045231	1269.1	1495.2	3.4724	1.0891	1.2839	519.38	0.13145	46.613	0.084030	vapor
1185.0	5.0000	22.077	0.045295	1270.9	1497.4	3.4742	1.0894	1.2842	519.74	0.12965	46.658	0.084136	vapor
1186.7	5.0000	22.046	0.045359	1272.7	1499.5	3.4760	1.0898	1.2846	520.09	0.12785	46.703	0.084242	vapor
1188.3	5.0000	22.015	0.045423	1274.6	1501.7	3.4778	1.0901	1.2849	520.44	0.12607	46.748	0.084348	vapor
1190.0	5.0000	21.984	0.045487	1276.4	1503.8	3.4796	1.0904	1.2852	520.79	0.12429	46.793	0.084454	vapor
1191.7	5.0000	21.953	0.045551	1278.2	1506.0	3.4814	1.0907	1.2855	521.14	0.12251	46.838	0.084560	vapor
1193.3	5.0000	21.923	0.045615	1280.0	1508.1	3.4832	1.0911	1.2858	521.49	0.12075	46.882	0.084666	vapor
1195.0	5.0000	21.892	0.045679	1281.8	1510.2	3.4850	1.0914	1.2861	521.84	0.11899	46.927	0.084772	vapor
1196.7	5.0000	21.861	0.045743	1283.7	1512.4	3.4868	1.0917	1.2864	522.19	0.11723	46.972	0.084877	vapor
1198.3	5.0000	21.831	0.045807	1285.5	1514.5	3.4886	1.0920	1.2867	522.54	0.11548	47.016	0.084983	vapor
1200.0	5.0000	21.800	0.045871	1287.3	1516.7	3.4904	1.0924	1.2870	522.89	0.11374	47.061	0.085089	vapor
1201.7	5.0000	21.770	0.045935	1289.1	1518.8	3.4921	1.0927	1.2873	523.24	0.11201	47.106	0.085194	vapor
1203.3	5.0000	21.740	0.045998	1291.0	1521.0	3.4939	1.0930	1.2876	523.59	0.11028	47.150	0.085300	vapor
1205.0	5.0000	21.710	0.046062	1292.8	1523.1	3.4957	1.0933	1.2879	523.94	0.10856	47.195	0.085405	vapor
1206.7	5.0000	21.680	0.046126	1294.6	1525.3	3.4975	1.0936	1.2882	524.29	0.10684	47.239	0.085510	vapor
1208.3	5.0000	21.650	0.046190	1296.4	1527.4	3.4993	1.0939	1.2885	524.64	0.10513	47.284	0.085615	vapor
1210.0	5.0000	21.620	0.046254	1298.3	1529.5	3.5010	1.0943	1.2888	524.99	0.10343	47.328	0.085721	vapor
1211.7	5.0000	21.590	0.046318	1300.1	1531.7	3.5028	1.0946	1.2891	525.34	0.10174	47.373	0.085826	vapor
1213.3	5.0000	21.560	0.046382	1301.9	1533.8	3.5046	1.0949	1.2894	525.68	0.10005	47.417	0.085931	vapor
1215.0	5.0000	21.531	0.046446	1303.8	1536.0	3.5064	1.0952	1.2897	526.03	0.098361	47.462	0.086036	vapor
1216.7	5.0000	21.501	0.046510	1305.6	1538.1	3.5081	1.0955	1.2900	526.38	0.096683	47.506	0.086141	vapor
1218.3	5.0000	21.471	0.046573	1307.4	1540.3	3.5099	1.0958	1.2902	526.73	0.095011	47.550	0.086245	vapor
1220.0	5.0000	21.442	0.046637	1309.3	1542.4	3.5117	1.0961	1.2905	527.07	0.093346	47.595	0.086350	vapor
1221.7	5.0000	21.413	0.046701	1311.1	1544.6	3.5134	1.0964	1.2908	527.42	0.091686	47.639	0.086455	vapor
1223.3	5.0000	21.383	0.046765	1312.9	1546.7	3.5152	1.0967	1.2911	527.77	0.090032	47.683	0.086560	vapor
1225.0	5.0000	21.354	0.046829	1314.8	1548.9	3.5169	1.0971	1.2914	528.11	0.088384	47.728	0.086664	vapor
1226.7	5.0000	21.325	0.046893	1316.6	1551.1	3.5187	1.0974	1.2917	528.46	0.086743	47.772	0.086769	vapor
1228.3	5.0000	21.296	0.046957	1318.4	1553.2	3.5204	1.0977	1.2920	528.80	0.085107	47.816	0.086873	vapor
1230.0	5.0000	21.267	0.047021	1320.3	1555.4	3.5222	1.0980	1.2923	529.15	0.083477	47.860	0.086977	vapor
1231.7	5.0000	21.238	0.047084	1322.1	1557.5	3.5239	1.0983	1.2926	529.49	0.081853	47.904	0.087082	vapor
1233.3	5.0000	21.210	0.047148	1323.9	1559.7	3.5257	1.0986	1.2928	529.84	0.080234	47.948	0.087186	vapor
1235.0	5.0000	21.181	0.047212	1325.8	1561.8	3.5274	1.0989	1.2931	530.18	0.078622	47.992	0.087290	vapor
1236.7	5.0000	21.152	0.047276	1327.6	1564.0	3.5292	1.0992	1.2934	530.53	0.077015	48.036	0.087394	vapor
1238.3	5.0000	21.124	0.047340	1329.4	1566.1	3.5309	1.0995	1.2937	530.87	0.075414	48.081	0.087498	vapor
1240.0	5.0000	21.095	0.047404	1331.3	1568.3	3.5327	1.0998	1.2940	531.22	0.073819	48.125	0.087602	vapor
1241.7	5.0000	21.067	0.047468	1333.1	1570.4	3.5344	1.1001	1.2943	531.56	0.072229	48.168	0.087706	vapor
1243.3	5.0000	21.039	0.047531	1334.9	1572.6	3.5361	1.1004	1.2945	531.90	0.070645	48.212	0.087810	vapor
1245.0	5.0000	21.011	0.047595	1336.8	1574.8	3.5379	1.1007	1.2948	532.25	0.069067	48.256	0.087914	vapor
1246.7	5.0000	20.982	0.047659	1338.6	1576.9	3.5396	1.1010	1.2951	532.59	0.067494	48.300	0.088018	vapor
1248.3	5.0000	20.954	0.047723	1340.5	1579.1	3.5413	1.1013	1.2954	532.93	0.065927	48.344	0.088121	vapor
1250.0	5.0000	20.926	0.047787	1342.3	1581.2	3.5431	1.1016	1.2957	533.27	0.064365	48.388	0.088225	vapor
1251.7	5.0000	20.898	0.047851	1344.1	1583.4	3.5448	1.1019	1.2959	533.62	0.062809	48.432	0.088329	vapor
1253.3	5.0000	20.871	0.047914	1346.0	1585.6	3.5465	1.1022	1.2962	533.96	0.061258	48.476	0.088432	vapor
1255.0	5.0000	20.843	0.047978	1347.8	1587.7	3.5482	1.1024	1.2965	534.30	0.059713	48.519	0.088536	vapor
1256.7	5.0000	20.815	0.048042	1349.7	1589.9	3.5500	1.1027	1.2968	534.64	0.058173	48.563	0.088639	vapor
1258.3	5.0000	20.788	0.048106	1351.5	1592.0	3.5517	1.1030	1.2970	534.98	0.056638	48.607	0.088742	vapor
1260.0	5.0000	20.760	0.048170	1353.4	1594.2	3.5534	1.1033	1.2973	535.32	0.055109	48.651	0.088845	vapor
1261.7	5.0000	20.733	0.048233	1355.2	1596.4	3.5551	1.1036	1.2976	535.67	0.053585	48.694	0.088949	vapor
1263.3	5.0000	20.705	0.048297	1357.0	1598.5	3.5568	1.1039	1.2979	536.01	0.052067	48.738	0.089052	vapor
1265.0	5.0000	20.678	0.048361	1358.9	1600.7	3.5585	1.1042	1.2981	536.35	0.050554	48.782	0.089155	vapor
1266.7	5.0000	20.651	0.048425	1360.7	1602.9	3.5602	1.1045	1.2984	536.69	0.049046	48.825	0.089258	vapor
1268.3	5.0000	20.623	0.048489	1362.6	1605.0	3.5620	1.1048	1.2987	537.03	0.047543	48.869	0.089361	vapor
1270.0	5.0000	20.596	0.048552	1364.4	1607.2	3.5637	1.1050	1.2990	537.37	0.046046	48.912	0.089464	vapor
1271.7	5.0000	20.569	0.048616	1366.3	1609.3	3.5654	1.1053	1.2992	537.71	0.044553	48.956	0.089566	vapor
1273.3	5.0000	20.542	0.048680	1368.1	1611.5	3.5671	1.1056	1.2995	538.05	0.043066	48.999	0.089669	vapor
1275.0	5.0000	20.515	0.048744	1370.0	1613.7	3.5688	1.1059	1.2998	538.38	0.041584	49.043	0.089772	vapor
1276.7	5.0000	20.489	0.048808	1371.8	1615.8	3.5705	1.1062	1.3000	538.72	0.040107	49.086	0.089874	vapor
1278.3	5.0000	20.462	0.048871	1373.7	1618.0	3.5722	1.1065	1.3003	539.06	0.038635	49.130	0.089977	vapor
1280.0	5.0000	20.435	0.048935	1375.5	1620.2	3.5739	1.1067	1.3006	539.40	0.037168	49.173	0.090079	vapor
1281.7	5.0000	20.409	0.048999	1377.4	1622.3	3.5755	1.1070	1.3008	539.74	0.035706	49.216	0.090182	vapor
1283.3	5.0000	20.382	0.049063	1379.2	1624.5	3.5772	1.1073	1.3011	540.08	0.034249	49.260	0.090284	vapor
1285.0	5.0000	20.356	0.049126	1381.1	1626.7	3.5789	1.1076	1.3014	540.41	0.032798	49.303	0.090387	vapor
1286.7	5.0000	20.329	0.049190	1382.9	1628.9	3.5806	1.1079	1.3016	540.75	0.031351	49.346	0.090489	vapor
1288.3	5.0000	20.303	0.049254	1384.8	1631.0	3.5823	1.1081	1.3019	541.09	0.029909	49.390	0.090591	vapor
1290.0	5.0000	20.277	0.049318	1386.6	1633.2	3.5840	1.1084	1.3021	541.43	0.028471	49.433	0.090693	vapor
1291.7	5.0000	20.250	0.049382	1388.5	1635.4	3.5857	1.1087	1.3024	541.76	0.027039	49.476	0.090795	vapor
1293.3	5.0000	20.224	0.049445	1390.3	1637.5	3.5873	1.1090	1.3027	542.10	0.025612	49.519	0.090897	vapor
1295.0	5.0000	20.198	0.049509	1392.2	1639.7	3.5890	1.1092	1.3029	542.44	0.024189	49.562	0.090999	vapor
1296.7	5.0000	20.172	0.049573	1394.0	1641.9	3.5907	1.1095	1.3032	542.77	0.022771	49.606	0.091101	vapor
1298.3	5.0000	20.146	0.049637	1395.9	1644.1	3.5924	1.1098	1.3034	543.11	0.021358	49.649	0.091203	vapor
1300.0	5.0000	20.121	0.049700	1397.7	1646.2	3.5940	1.1101	1.3037	543.44	0.019950	49.692	0.091305	vapor