Temperature (K)	Pressure (MPa)	Density (kg/m3)	Volume (m3/kg)	Internal Energy (kJ/kg)	Enthalpy (kJ/kg)	Entropy (J/g*K)	Cv (J/g*K)	Cp (J/g*K)	Sound Spd. (m/s)	Joule-Thomson (K/MPa)	Viscosity (uPa*s)	Therm. Cond. (W/m*K)	Phase
300.00	6.0000	182.31	0.0054852	389.25	422.16	1.7496	0.96413	2.9858	207.78	10.280	17.892	0.030800	vapor
301.67	6.0000	176.17	0.0056764	392.81	426.87	1.7652	0.93984	2.6887	211.19	10.170	17.819	0.029635	vapor
303.33	6.0000	170.89	0.0058516	396.05	431.16	1.7794	0.92046	2.4711	214.26	10.051	17.772	0.028757	vapor
305.00	6.0000	166.26	0.0060146	399.05	435.14	1.7925	0.90457	2.3038	217.07	9.9278	17.745	0.028074	vapor
306.67	6.0000	162.13	0.0061680	401.85	438.86	1.8047	0.89127	2.1705	219.69	9.8016	17.733	0.027530	vapor
308.33	6.0000	158.39	0.0063134	404.50	442.38	1.8161	0.87995	2.0615	222.13	9.6744	17.732	0.027089	vapor
310.00	6.0000	154.99	0.0064522	407.03	445.74	1.8270	0.87020	1.9705	224.44	9.5472	17.740	0.026728	vapor
311.67	6.0000	151.85	0.0065854	409.45	448.96	1.8374	0.86170	1.8932	226.63	9.4207	17.756	0.026430	vapor
313.33	6.0000	148.95	0.0067136	411.78	452.06	1.8473	0.85423	1.8267	228.73	9.2953	17.778	0.026182	vapor
315.00	6.0000	146.25	0.0068376	414.03	455.05	1.8568	0.84761	1.7687	230.73	9.1713	17.805	0.025977	vapor
316.67	6.0000	143.72	0.0069578	416.21	457.96	1.8660	0.84172	1.7178	232.65	9.0491	17.837	0.025806	vapor
318.33	6.0000	141.35	0.0070746	418.34	460.78	1.8749	0.83644	1.6726	234.51	8.9287	17.873	0.025665	vapor
320.00	6.0000	139.11	0.0071883	420.41	463.54	1.8835	0.83170	1.6322	236.30	8.8102	17.911	0.025548	vapor
321.67	6.0000	137.00	0.0072993	422.43	466.23	1.8919	0.82744	1.5960	238.04	8.6937	17.953	0.025453	vapor
323.33	6.0000	134.99	0.0074078	424.41	468.86	1.9001	0.82358	1.5632	239.73	8.5792	17.997	0.025377	vapor
325.00	6.0000	133.08	0.0075140	426.35	471.44	1.9080	0.82010	1.5335	241.37	8.4666	18.044	0.025317	vapor
326.67	6.0000	131.27	0.0076181	428.26	473.97	1.9158	0.81695	1.5064	242.96	8.3561	18.092	0.025272	vapor
328.33	6.0000	129.53	0.0077203	430.14	476.46	1.9234	0.81410	1.4816	244.52	8.2475	18.142	0.025239	vapor
330.00	6.0000	127.87	0.0078206	431.99	478.91	1.9308	0.81151	1.4588	246.04	8.1408	18.194	0.025218	vapor
331.67	6.0000	126.27	0.0079193	433.81	481.32	1.9381	0.80917	1.4378	247.52	8.0361	18.247	0.025207	vapor
333.33	6.0000	124.75	0.0080163	435.61	483.70	1.9453	0.80704	1.4184	248.97	7.9333	18.302	0.025204	vapor
335.00	6.0000	123.27	0.0081120	437.38	486.05	1.9523	0.80512	1.4004	250.39	7.8323	18.358	0.025211	vapor
336.67	6.0000	121.86	0.0082062	439.14	488.37	1.9592	0.80337	1.3837	251.78	7.7332	18.414	0.025224	vapor
338.33	6.0000	120.49	0.0082992	440.87	490.67	1.9660	0.80179	1.3681	253.14	7.6359	18.472	0.025245	vapor
340.00	6.0000	119.18	0.0083909	442.59	492.93	1.9727	0.80035	1.3536	254.48	7.5403	18.530	0.025271	vapor
341.67	6.0000	117.90	0.0084815	444.29	495.18	1.9793	0.79906	1.3400	255.80	7.4465	18.590	0.025303	vapor
343.33	6.0000	116.67	0.0085711	445.98	497.40	1.9858	0.79789	1.3273	257.09	7.3544	18.650	0.025341	vapor
345.00	6.0000	115.48	0.0086595	447.65	499.60	1.9922	0.79684	1.3154	258.36	7.2639	18.710	0.025383	vapor
346.67	6.0000	114.32	0.0087471	449.30	501.79	1.9985	0.79589	1.3042	259.61	7.1751	18.772	0.025430	vapor
348.33	6.0000	113.20	0.0088336	450.95	503.95	2.0047	0.79505	1.2936	260.84	7.0879	18.833	0.025481	vapor
350.00	6.0000	112.12	0.0089193	452.58	506.10	2.0109	0.79430	1.2837	262.05	7.0022	18.896	0.025535	vapor
351.67	6.0000	111.06	0.0090042	454.21	508.23	2.0170	0.79363	1.2743	263.25	6.9180	18.959	0.025593	vapor
353.33	6.0000	110.03	0.0090883	455.82	510.35	2.0230	0.79305	1.2655	264.42	6.8354	19.022	0.025655	vapor
355.00	6.0000	109.03	0.0091716	457.42	512.45	2.0289	0.79254	1.2571	265.58	6.7542	19.085	0.025719	vapor
356.67	6.0000	108.06	0.0092541	459.01	514.54	2.0348	0.79210	1.2492	266.73	6.6744	19.150	0.025786	vapor
358.33	6.0000	107.11	0.0093360	460.60	516.61	2.0406	0.79173	1.2417	267.86	6.5960	19.214	0.025857	vapor
360.00	6.0000	106.19	0.0094172	462.17	518.68	2.0463	0.79142	1.2345	268.98	6.5189	19.278	0.025929	vapor
361.67	6.0000	105.29	0.0094977	463.74	520.73	2.0520	0.79117	1.2278	270.08	6.4432	19.343	0.026004	vapor
363.33	6.0000	104.41	0.0095776	465.30	522.77	2.0576	0.79098	1.2214	271.17	6.3688	19.409	0.026081	vapor
365.00	6.0000	103.55	0.0096569	466.86	524.80	2.0632	0.79084	1.2153	272.25	6.2956	19.474	0.026160	vapor
366.67	6.0000	102.71	0.0097357	468.41	526.82	2.0687	0.79074	1.2095	273.31	6.2237	19.540	0.026242	vapor
368.33	6.0000	101.90	0.0098139	469.95	528.83	2.0742	0.79070	1.2040	274.36	6.1530	19.606	0.026325	vapor
370.00	6.0000	101.10	0.0098915	471.48	530.83	2.0796	0.79070	1.1988	275.41	6.0835	19.672	0.026410	vapor
371.67	6.0000	100.31	0.0099687	473.02	532.83	2.0850	0.79074	1.1938	276.44	6.0151	19.738	0.026496	vapor
373.33	6.0000	99.548	0.010045	474.54	534.81	2.0903	0.79082	1.1890	277.45	5.9479	19.804	0.026585	vapor
375.00	6.0000	98.799	0.010122	476.06	536.79	2.0956	0.79095	1.1845	278.46	5.8817	19.871	0.026674	vapor
376.67	6.0000	98.066	0.010197	477.58	538.76	2.1009	0.79110	1.1802	279.46	5.8167	19.937	0.026765	vapor
378.33	6.0000	97.347	0.010273	479.09	540.73	2.1061	0.79129	1.1761	280.45	5.7527	20.004	0.026858	vapor
380.00	6.0000	96.643	0.010347	480.60	542.68	2.1112	0.79152	1.1722	281.43	5.6897	20.071	0.026952	vapor
381.67	6.0000	95.953	0.010422	482.10	544.63	2.1164	0.79177	1.1684	282.40	5.6277	20.138	0.027047	vapor
383.33	6.0000	95.276	0.010496	483.60	546.58	2.1214	0.79206	1.1648	283.36	5.5668	20.205	0.027143	vapor
385.00	6.0000	94.612	0.010569	485.10	548.52	2.1265	0.79237	1.1614	284.31	5.5068	20.272	0.027240	vapor
386.67	6.0000	93.961	0.010643	486.59	550.45	2.1315	0.79271	1.1582	285.26	5.4477	20.340	0.027339	vapor
388.33	6.0000	93.322	0.010716	488.08	552.38	2.1365	0.79308	1.1550	286.19	5.3896	20.407	0.027438	vapor
390.00	6.0000	92.694	0.010788	489.57	554.30	2.1414	0.79347	1.1521	287.12	5.3324	20.474	0.027539	vapor
391.67	6.0000	92.078	0.010860	491.05	556.22	2.1463	0.79388	1.1492	288.04	5.2761	20.542	0.027640	vapor
393.33	6.0000	91.473	0.010932	492.54	558.13	2.1512	0.79432	1.1465	288.96	5.2206	20.609	0.027742	vapor
395.00	6.0000	90.878	0.011004	494.02	560.04	2.1560	0.79478	1.1439	289.86	5.1660	20.677	0.027846	vapor
396.67	6.0000	90.294	0.011075	495.49	561.94	2.1608	0.79525	1.1414	290.76	5.1123	20.744	0.027950	vapor
398.33	6.0000	89.720	0.011146	496.97	563.84	2.1656	0.79575	1.1391	291.65	5.0593	20.812	0.028055	vapor
400.00	6.0000	89.155	0.011216	498.44	565.74	2.1704	0.79627	1.1368	292.53	5.0072	20.880	0.028160	vapor
401.67	6.0000	88.600	0.011287	499.91	567.63	2.1751	0.79680	1.1346	293.41	4.9558	20.947	0.028266	vapor
403.33	6.0000	88.053	0.011357	501.38	569.52	2.1798	0.79735	1.1326	294.28	4.9052	21.015	0.028373	vapor
405.00	6.0000	87.516	0.011426	502.85	571.41	2.1845	0.79792	1.1306	295.15	4.8553	21.082	0.028481	vapor
406.67	6.0000	86.987	0.011496	504.32	573.29	2.1891	0.79850	1.1287	296.01	4.8062	21.150	0.028590	vapor
408.33	6.0000	86.466	0.011565	505.78	575.17	2.1937	0.79910	1.1269	296.86	4.7579	21.218	0.028699	vapor
410.00	6.0000	85.954	0.011634	507.24	577.05	2.1983	0.79971	1.1252	297.71	4.7102	21.285	0.028808	vapor
411.67	6.0000	85.449	0.011703	508.70	578.92	2.2029	0.80034	1.1236	298.55	4.6632	21.353	0.028918	vapor
413.33	6.0000	84.952	0.011771	510.16	580.79	2.2074	0.80098	1.1220	299.38	4.6169	21.421	0.029029	vapor
415.00	6.0000	84.462	0.011840	511.62	582.66	2.2119	0.80163	1.1205	300.21	4.5713	21.488	0.029140	vapor
416.67	6.0000	83.980	0.011908	513.08	584.53	2.2164	0.80229	1.1191	301.04	4.5263	21.556	0.029252	vapor
418.33	6.0000	83.505	0.011975	514.54	586.39	2.2209	0.80296	1.1177	301.86	4.4820	21.624	0.029364	vapor
420.00	6.0000	83.036	0.012043	516.00	588.25	2.2253	0.80365	1.1164	302.67	4.4382	21.691	0.029477	vapor
421.67	6.0000	82.575	0.012110	517.45	590.11	2.2297	0.80435	1.1152	303.48	4.3952	21.759	0.029590	vapor
423.33	6.0000	82.119	0.012177	518.91	591.97	2.2341	0.80505	1.1140	304.28	4.3527	21.826	0.029704	vapor
425.00	6.0000	81.670	0.012244	520.36	593.83	2.2385	0.80577	1.1129	305.08	4.3108	21.894	0.029818	vapor
426.67	6.0000	81.228	0.012311	521.81	595.68	2.2428	0.80649	1.1119	305.87	4.2695	21.961	0.029933	vapor
428.33	6.0000	80.791	0.012378	523.27	597.53	2.2472	0.80723	1.1109	306.66	4.2287	22.029	0.030048	vapor
430.00	6.0000	80.360	0.012444	524.72	599.38	2.2515	0.80797	1.1099	307.45	4.1886	22.096	0.030163	vapor
431.67	6.0000	79.935	0.012510	526.17	601.23	2.2558	0.80872	1.1090	308.23	4.1489	22.163	0.030279	vapor
433.33	6.0000	79.516	0.012576	527.62	603.08	2.2601	0.80948	1.1081	309.01	4.1099	22.231	0.030395	vapor
435.00	6.0000	79.102	0.012642	529.08	604.93	2.2643	0.81024	1.1073	309.78	4.0713	22.298	0.030511	vapor
436.67	6.0000	78.694	0.012708	530.53	606.77	2.2685	0.81102	1.1065	310.54	4.0333	22.365	0.030628	vapor
438.33	6.0000	78.290	0.012773	531.98	608.61	2.2728	0.81180	1.1058	311.31	3.9957	22.432	0.030745	vapor
440.00	6.0000	77.892	0.012838	533.43	610.46	2.2769	0.81258	1.1051	312.07	3.9587	22.499	0.030862	vapor
441.67	6.0000	77.499	0.012903	534.88	612.30	2.2811	0.81337	1.1045	312.82	3.9222	22.567	0.030980	vapor
443.33	6.0000	77.111	0.012968	536.33	614.14	2.2853	0.81417	1.1039	313.57	3.8861	22.634	0.031097	vapor
445.00	6.0000	76.728	0.013033	537.78	615.98	2.2894	0.81497	1.1033	314.32	3.8506	22.701	0.031215	vapor
446.67	6.0000	76.349	0.013098	539.23	617.82	2.2935	0.81578	1.1028	315.06	3.8155	22.768	0.031333	vapor
448.33	6.0000	75.975	0.013162	540.68	619.65	2.2977	0.81660	1.1023	315.80	3.7808	22.835	0.031451	vapor
450.00	6.0000	75.605	0.013227	542.13	621.49	2.3017	0.81742	1.1018	316.54	3.7466	22.901	0.031570	vapor
451.67	6.0000	75.240	0.013291	543.58	623.33	2.3058	0.81824	1.1014	317.27	3.7128	22.968	0.031688	vapor
453.33	6.0000	74.879	0.013355	545.03	625.16	2.3099	0.81907	1.1010	318.00	3.6795	23.035	0.031806	vapor
455.00	6.0000	74.522	0.013419	546.48	627.00	2.3139	0.81990	1.1006	318.72	3.6466	23.102	0.031923	vapor
456.67	6.0000	74.170	0.013483	547.94	628.83	2.3179	0.82074	1.1002	319.44	3.6141	23.168	0.032036	vapor
458.33	6.0000	73.821	0.013546	549.39	630.66	2.3219	0.82158	1.0999	320.16	3.5821	23.235	0.032158	vapor
460.00	6.0000	73.477	0.013610	550.84	632.50	2.3259	0.82242	1.0996	320.88	3.5504	23.301	0.032281	vapor
461.67	6.0000	73.136	0.013673	552.29	634.33	2.3299	0.82327	1.0994	321.59	3.5191	23.368	0.032404	vapor
463.33	6.0000	72.799	0.013736	553.74	636.16	2.3339	0.82412	1.0991	322.30	3.4883	23.434	0.032527	vapor
465.00	6.0000	72.466	0.013800	555.20	637.99	2.3378	0.82497	1.0989	323.00	3.4578	23.501	0.032651	vapor
466.67	6.0000	72.137	0.013863	556.65	639.83	2.3417	0.82583	1.0987	323.70	3.4277	23.567	0.032774	vapor
468.33	6.0000	71.811	0.013925	558.10	641.66	2.3457	0.82669	1.0986	324.40	3.3979	23.633	0.032898	vapor
470.00	6.0000	71.488	0.013988	559.56	643.49	2.3496	0.82755	1.0984	325.10	3.3685	23.699	0.033022	vapor
471.67	6.0000	71.170	0.014051	561.01	645.32	2.3535	0.82841	1.0983	325.79	3.3395	23.765	0.033146	vapor
473.33	6.0000	70.854	0.014113	562.47	647.15	2.3573	0.82928	1.0982	326.48	3.3108	23.831	0.033270	vapor
475.00	6.0000	70.542	0.014176	563.92	648.98	2.3612	0.83015	1.0981	327.17	3.2825	23.897	0.033394	vapor
476.67	6.0000	70.233	0.014238	565.38	650.81	2.3650	0.83102	1.0981	327.85	3.2545	23.963	0.033519	vapor
478.33	6.0000	69.928	0.014300	566.84	652.64	2.3689	0.83189	1.0981	328.53	3.2269	24.029	0.033644	vapor
480.00	6.0000	69.625	0.014363	568.29	654.47	2.3727	0.83277	1.0980	329.21	3.1996	24.095	0.033768	vapor
481.67	6.0000	69.326	0.014425	569.75	656.30	2.3765	0.83364	1.0980	329.89	3.1726	24.161	0.033893	vapor
483.33	6.0000	69.030	0.014487	571.21	658.13	2.3803	0.83452	1.0981	330.56	3.1459	24.226	0.034018	vapor
485.00	6.0000	68.736	0.014548	572.67	659.96	2.3841	0.83540	1.0981	331.23	3.1195	24.292	0.034143	vapor
486.67	6.0000	68.446	0.014610	574.13	661.79	2.3878	0.83628	1.0981	331.90	3.0935	24.357	0.034269	vapor
488.33	6.0000	68.158	0.014672	575.59	663.62	2.3916	0.83716	1.0982	332.56	3.0677	24.423	0.034394	vapor
490.00	6.0000	67.874	0.014733	577.05	665.45	2.3953	0.83805	1.0983	333.23	3.0423	24.488	0.034519	vapor
491.67	6.0000	67.592	0.014795	578.51	667.28	2.3991	0.83893	1.0984	333.89	3.0171	24.553	0.034645	vapor
493.33	6.0000	67.313	0.014856	579.98	669.11	2.4028	0.83982	1.0985	334.54	2.9922	24.619	0.034771	vapor
495.00	6.0000	67.037	0.014917	581.44	670.94	2.4065	0.84070	1.0986	335.20	2.9677	24.684	0.034896	vapor
496.67	6.0000	66.763	0.014978	582.90	672.77	2.4102	0.84159	1.0988	335.85	2.9434	24.749	0.035022	vapor
498.33	6.0000	66.492	0.015039	584.37	674.60	2.4139	0.84248	1.0989	336.50	2.9193	24.814	0.035148	vapor
500.00	6.0000	66.223	0.015100	585.83	676.44	2.4175	0.84337	1.0991	337.15	2.8956	24.879	0.035274	vapor
501.67	6.0000	65.957	0.015161	587.30	678.27	2.4212	0.84426	1.0993	337.79	2.8721	24.944	0.035401	vapor
503.33	6.0000	65.694	0.015222	588.77	680.10	2.4248	0.84515	1.0995	338.44	2.8489	25.009	0.035527	vapor
505.00	6.0000	65.433	0.015283	590.24	681.93	2.4285	0.84603	1.0997	339.08	2.8259	25.073	0.035653	vapor
506.67	6.0000	65.174	0.015344	591.70	683.77	2.4321	0.84692	1.0999	339.72	2.8032	25.138	0.035780	vapor
508.33	6.0000	64.918	0.015404	593.17	685.60	2.4357	0.84782	1.1001	340.35	2.7807	25.203	0.035906	vapor
510.00	6.0000	64.664	0.015465	594.65	687.43	2.4393	0.84871	1.1004	340.99	2.7585	25.267	0.036033	vapor
511.67	6.0000	64.412	0.015525	596.12	689.27	2.4429	0.84960	1.1006	341.62	2.7365	25.332	0.036159	vapor
513.33	6.0000	64.163	0.015585	597.59	691.10	2.4465	0.85049	1.1009	342.25	2.7148	25.396	0.036286	vapor
515.00	6.0000	63.915	0.015646	599.06	692.94	2.4500	0.85138	1.1011	342.88	2.6933	25.460	0.036413	vapor
516.67	6.0000	63.670	0.015706	600.54	694.77	2.4536	0.85227	1.1014	343.50	2.6720	25.525	0.036540	vapor
518.33	6.0000	63.428	0.015766	602.01	696.61	2.4571	0.85316	1.1017	344.12	2.6510	25.589	0.036667	vapor
520.00	6.0000	63.187	0.015826	603.49	698.44	2.4607	0.85405	1.1020	344.75	2.6302	25.653	0.036794	vapor
521.67	6.0000	62.948	0.015886	604.97	700.28	2.4642	0.85494	1.1023	345.37	2.6096	25.717	0.036921	vapor
523.33	6.0000	62.712	0.015946	606.44	702.12	2.4677	0.85583	1.1026	345.98	2.5892	25.781	0.037048	vapor
525.00	6.0000	62.477	0.016006	607.92	703.96	2.4712	0.85672	1.1030	346.60	2.5691	25.845	0.037175	vapor
526.67	6.0000	62.245	0.016066	609.40	705.80	2.4747	0.85761	1.1033	347.21	2.5492	25.909	0.037302	vapor
528.33	6.0000	62.015	0.016125	610.88	707.63	2.4782	0.85849	1.1036	347.82	2.5294	25.972	0.037430	vapor
530.00	6.0000	61.786	0.016185	612.37	709.47	2.4817	0.85938	1.1040	348.43	2.5099	26.036	0.037557	vapor
531.67	6.0000	61.559	0.016244	613.85	711.31	2.4852	0.86027	1.1043	349.04	2.4906	26.100	0.037684	vapor
533.33	6.0000	61.335	0.016304	615.33	713.16	2.4886	0.86116	1.1047	349.65	2.4715	26.163	0.037812	vapor
535.00	6.0000	61.112	0.016363	616.82	715.00	2.4921	0.86204	1.1051	350.25	2.4525	26.227	0.037939	vapor
536.67	6.0000	60.891	0.016423	618.30	716.84	2.4955	0.86293	1.1054	350.85	2.4338	26.290	0.038067	vapor
538.33	6.0000	60.672	0.016482	619.79	718.68	2.4989	0.86381	1.1058	351.45	2.4153	26.353	0.038194	vapor
540.00	6.0000	60.454	0.016541	621.28	720.53	2.5024	0.86470	1.1062	352.05	2.3969	26.417	0.038322	vapor
541.67	6.0000	60.239	0.016601	622.77	722.37	2.5058	0.86558	1.1066	352.65	2.3788	26.480	0.038450	vapor
543.33	6.0000	60.025	0.016660	624.26	724.21	2.5092	0.86646	1.1070	353.24	2.3608	26.543	0.038577	vapor
545.00	6.0000	59.813	0.016719	625.75	726.06	2.5126	0.86734	1.1074	353.84	2.3430	26.606	0.038705	vapor
546.67	6.0000	59.602	0.016778	627.24	727.91	2.5159	0.86822	1.1079	354.43	2.3254	26.669	0.038833	vapor
548.33	6.0000	59.393	0.016837	628.73	729.75	2.5193	0.86910	1.1083	355.02	2.3079	26.732	0.038960	vapor
550.00	6.0000	59.186	0.016896	630.22	731.60	2.5227	0.86998	1.1087	355.60	2.2907	26.795	0.039088	vapor
551.67	6.0000	58.981	0.016955	631.72	733.45	2.5260	0.87086	1.1091	356.19	2.2736	26.857	0.039216	vapor
553.33	6.0000	58.777	0.017013	633.22	735.30	2.5294	0.87173	1.1096	356.78	2.2566	26.920	0.039344	vapor
555.00	6.0000	58.575	0.017072	634.71	737.15	2.5327	0.87261	1.1100	357.36	2.2399	26.983	0.039472	vapor
556.67	6.0000	58.374	0.017131	636.21	739.00	2.5360	0.87348	1.1105	357.94	2.2233	27.045	0.039599	vapor
558.33	6.0000	58.175	0.017190	637.71	740.85	2.5394	0.87436	1.1109	358.52	2.2069	27.108	0.039727	vapor
560.00	6.0000	57.977	0.017248	639.21	742.70	2.5427	0.87523	1.1114	359.10	2.1906	27.170	0.039855	vapor
561.67	6.0000	57.781	0.017307	640.71	744.55	2.5460	0.87610	1.1118	359.67	2.1745	27.232	0.039983	vapor
563.33	6.0000	57.586	0.017365	642.21	746.41	2.5493	0.87697	1.1123	360.25	2.1585	27.295	0.040111	vapor
565.00	6.0000	57.393	0.017424	643.72	748.26	2.5526	0.87784	1.1128	360.82	2.1427	27.357	0.040239	vapor
566.67	6.0000	57.201	0.017482	645.22	750.12	2.5558	0.87871	1.1133	361.40	2.1270	27.419	0.040367	vapor
568.33	6.0000	57.011	0.017540	646.73	751.97	2.5591	0.87957	1.1137	361.97	2.1115	27.481	0.040495	vapor
570.00	6.0000	56.822	0.017599	648.24	753.83	2.5624	0.88044	1.1142	362.54	2.0962	27.543	0.040623	vapor
571.67	6.0000	56.635	0.017657	649.74	755.69	2.5656	0.88130	1.1147	363.10	2.0810	27.605	0.040751	vapor
573.33	6.0000	56.448	0.017715	651.25	757.54	2.5689	0.88216	1.1152	363.67	2.0659	27.667	0.040879	vapor
575.00	6.0000	56.264	0.017773	652.76	759.40	2.5721	0.88302	1.1157	364.23	2.0510	27.728	0.041007	vapor
576.67	6.0000	56.080	0.017832	654.27	761.26	2.5753	0.88388	1.1162	364.80	2.0362	27.790	0.041135	vapor
578.33	6.0000	55.898	0.017890	655.79	763.12	2.5786	0.88474	1.1167	365.36	2.0215	27.852	0.041263	vapor
580.00	6.0000	55.717	0.017948	657.30	764.98	2.5818	0.88560	1.1172	365.92	2.0070	27.913	0.041391	vapor
581.67	6.0000	55.538	0.018006	658.81	766.85	2.5850	0.88645	1.1177	366.48	1.9926	27.975	0.041519	vapor
583.33	6.0000	55.360	0.018064	660.33	768.71	2.5882	0.88731	1.1182	367.04	1.9784	28.036	0.041647	vapor
585.00	6.0000	55.183	0.018122	661.85	770.57	2.5914	0.88816	1.1187	367.59	1.9643	28.097	0.041775	vapor
586.67	6.0000	55.007	0.018179	663.36	772.44	2.5946	0.88901	1.1192	368.15	1.9503	28.159	0.041903	vapor
588.33	6.0000	54.833	0.018237	664.88	774.31	2.5977	0.88986	1.1197	368.70	1.9364	28.220	0.042031	vapor
590.00	6.0000	54.660	0.018295	666.40	776.17	2.6009	0.89071	1.1203	369.25	1.9227	28.281	0.042159	vapor
591.67	6.0000	54.488	0.018353	667.92	778.04	2.6041	0.89156	1.1208	369.80	1.9091	28.342	0.042287	vapor
593.33	6.0000	54.317	0.018410	669.44	779.91	2.6072	0.89240	1.1213	370.35	1.8956	28.403	0.042415	vapor
595.00	6.0000	54.147	0.018468	670.97	781.78	2.6104	0.89324	1.1218	370.90	1.8822	28.464	0.042542	vapor
596.67	6.0000	53.979	0.018526	672.49	783.65	2.6135	0.89409	1.1224	371.45	1.8690	28.525	0.042670	vapor
598.33	6.0000	53.812	0.018583	674.02	785.52	2.6166	0.89493	1.1229	371.99	1.8559	28.585	0.042798	vapor
600.00	6.0000	53.645	0.018641	675.54	787.39	2.6198	0.89577	1.1234	372.54	1.8428	28.646	0.042926	vapor
601.67	6.0000	53.480	0.018698	677.07	789.26	2.6229	0.89660	1.1240	373.08	1.8300	28.707	0.043054	vapor
603.33	6.0000	53.317	0.018756	678.60	791.14	2.6260	0.89744	1.1245	373.62	1.8172	28.767	0.043182	vapor
605.00	6.0000	53.154	0.018813	680.13	793.01	2.6291	0.89827	1.1251	374.16	1.8045	28.828	0.043310	vapor
606.67	6.0000	52.992	0.018871	681.66	794.89	2.6322	0.89910	1.1256	374.70	1.7919	28.888	0.043438	vapor
608.33	6.0000	52.831	0.018928	683.19	796.76	2.6353	0.89993	1.1261	375.24	1.7795	28.948	0.043566	vapor
610.00	6.0000	52.672	0.018985	684.73	798.64	2.6383	0.90076	1.1267	375.78	1.7672	29.009	0.043693	vapor
611.67	6.0000	52.513	0.019043	686.26	800.52	2.6414	0.90159	1.1272	376.31	1.7549	29.069	0.043821	vapor
613.33	6.0000	52.356	0.019100	687.80	802.40	2.6445	0.90242	1.1278	376.85	1.7428	29.129	0.043949	vapor
615.00	6.0000	52.200	0.019157	689.34	804.28	2.6476	0.90324	1.1283	377.38	1.7308	29.189	0.044077	vapor
616.67	6.0000	52.044	0.019214	690.87	806.16	2.6506	0.90406	1.1289	377.91	1.7189	29.249	0.044204	vapor
618.33	6.0000	51.890	0.019272	692.41	808.04	2.6537	0.90488	1.1294	378.44	1.7070	29.309	0.044332	vapor
620.00	6.0000	51.737	0.019329	693.95	809.92	2.6567	0.90570	1.1300	378.97	1.6953	29.369	0.044460	vapor
621.67	6.0000	51.584	0.019386	695.49	811.81	2.6597	0.90652	1.1306	379.50	1.6837	29.429	0.044587	vapor
623.33	6.0000	51.433	0.019443	697.04	813.69	2.6628	0.90734	1.1311	380.03	1.6722	29.488	0.044715	vapor
625.00	6.0000	51.282	0.019500	698.58	815.58	2.6658	0.90815	1.1317	380.56	1.6608	29.548	0.044843	vapor
626.67	6.0000	51.133	0.019557	700.12	817.47	2.6688	0.90896	1.1322	381.08	1.6494	29.608	0.044970	vapor
628.33	6.0000	50.984	0.019614	701.67	819.35	2.6718	0.90977	1.1328	381.61	1.6382	29.667	0.045098	vapor
630.00	6.0000	50.837	0.019671	703.22	821.24	2.6748	0.91058	1.1334	382.13	1.6271	29.727	0.045225	vapor
631.67	6.0000	50.690	0.019728	704.76	823.13	2.6778	0.91139	1.1339	382.65	1.6160	29.786	0.045353	vapor
633.33	6.0000	50.544	0.019785	706.31	825.02	2.6808	0.91219	1.1345	383.17	1.6051	29.845	0.045480	vapor
635.00	6.0000	50.400	0.019841	707.86	826.91	2.6838	0.91300	1.1350	383.69	1.5942	29.905	0.045608	vapor
636.67	6.0000	50.256	0.019898	709.41	828.80	2.6867	0.91380	1.1356	384.21	1.5834	29.964	0.045735	vapor
638.33	6.0000	50.113	0.019955	710.97	830.70	2.6897	0.91460	1.1362	384.73	1.5727	30.023	0.045863	vapor
640.00	6.0000	49.971	0.020012	712.52	832.59	2.6927	0.91540	1.1367	385.25	1.5621	30.082	0.045990	vapor
641.67	6.0000	49.829	0.020068	714.08	834.49	2.6956	0.91619	1.1373	385.76	1.5516	30.141	0.046117	vapor
643.33	6.0000	49.689	0.020125	715.63	836.38	2.6986	0.91699	1.1379	386.28	1.5412	30.200	0.046245	vapor
645.00	6.0000	49.550	0.020182	717.19	838.28	2.7015	0.91778	1.1385	386.79	1.5309	30.259	0.046372	vapor
646.67	6.0000	49.411	0.020238	718.75	840.18	2.7045	0.91857	1.1390	387.30	1.5206	30.318	0.046499	vapor
648.33	6.0000	49.273	0.020295	720.31	842.08	2.7074	0.91936	1.1396	387.81	1.5104	30.376	0.046626	vapor
650.00	6.0000	49.136	0.020352	721.87	843.98	2.7103	0.92015	1.1402	388.32	1.5003	30.435	0.046753	vapor
651.67	6.0000	49.000	0.020408	723.43	845.88	2.7132	0.92093	1.1407	388.83	1.4903	30.494	0.046880	vapor
653.33	6.0000	48.865	0.020465	724.99	847.78	2.7162	0.92172	1.1413	389.34	1.4804	30.552	0.047007	vapor
655.00	6.0000	48.730	0.020521	726.55	849.68	2.7191	0.92250	1.1419	389.85	1.4705	30.611	0.047134	vapor
656.67	6.0000	48.596	0.020578	728.12	851.58	2.7220	0.92328	1.1425	390.36	1.4607	30.669	0.047261	vapor
658.33	6.0000	48.463	0.020634	729.68	853.49	2.7249	0.92406	1.1430	390.86	1.4510	30.727	0.047388	vapor
660.00	6.0000	48.331	0.020691	731.25	855.39	2.7278	0.92483	1.1436	391.37	1.4414	30.786	0.047515	vapor
661.67	6.0000	48.200	0.020747	732.82	857.30	2.7306	0.92561	1.1442	391.87	1.4319	30.844	0.047642	vapor
663.33	6.0000	48.069	0.020803	734.39	859.21	2.7335	0.92638	1.1448	392.37	1.4224	30.902	0.047769	vapor
665.00	6.0000	47.939	0.020860	735.96	861.12	2.7364	0.92715	1.1453	392.87	1.4130	30.960	0.047896	vapor
666.67	6.0000	47.810	0.020916	737.53	863.03	2.7393	0.92792	1.1459	393.37	1.4037	31.018	0.048022	vapor
668.33	6.0000	47.682	0.020972	739.10	864.94	2.7421	0.92869	1.1465	393.87	1.3944	31.076	0.048149	vapor
670.00	6.0000	47.554	0.021029	740.68	866.85	2.7450	0.92946	1.1471	394.37	1.3852	31.134	0.048276	vapor
671.67	6.0000	47.427	0.021085	742.25	868.76	2.7478	0.93022	1.1476	394.87	1.3761	31.192	0.048402	vapor
673.33	6.0000	47.301	0.021141	743.83	870.67	2.7507	0.93098	1.1482	395.37	1.3671	31.250	0.048529	vapor
675.00	6.0000	47.176	0.021197	745.40	872.59	2.7535	0.93174	1.1488	395.86	1.3581	31.307	0.048655	vapor
676.67	6.0000	47.051	0.021253	746.98	874.50	2.7564	0.93250	1.1494	396.36	1.3492	31.365	0.048782	vapor
678.33	6.0000	46.927	0.021310	748.56	876.42	2.7592	0.93326	1.1499	396.85	1.3404	31.423	0.048908	vapor
680.00	6.0000	46.804	0.021366	750.14	878.34	2.7620	0.93401	1.1505	397.35	1.3316	31.480	0.049035	vapor
681.67	6.0000	46.681	0.021422	751.72	880.25	2.7648	0.93476	1.1511	397.84	1.3229	31.538	0.049161	vapor
683.33	6.0000	46.559	0.021478	753.31	882.17	2.7676	0.93552	1.1517	398.33	1.3142	31.595	0.049287	vapor
685.00	6.0000	46.438	0.021534	754.89	884.09	2.7704	0.93626	1.1522	398.82	1.3057	31.652	0.049414	vapor
686.67	6.0000	46.318	0.021590	756.47	886.01	2.7732	0.93701	1.1528	399.31	1.2972	31.710	0.049540	vapor
688.33	6.0000	46.198	0.021646	758.06	887.94	2.7760	0.93776	1.1534	399.80	1.2887	31.767	0.049666	vapor
690.00	6.0000	46.078	0.021702	759.65	889.86	2.7788	0.93850	1.1540	400.29	1.2803	31.824	0.049792	vapor
691.67	6.0000	45.960	0.021758	761.23	891.78	2.7816	0.93924	1.1545	400.78	1.2720	31.881	0.049918	vapor
693.33	6.0000	45.842	0.021814	762.82	893.71	2.7844	0.93998	1.1551	401.27	1.2637	31.938	0.050044	vapor
695.00	6.0000	45.725	0.021870	764.41	895.63	2.7872	0.94072	1.1557	401.75	1.2555	31.995	0.050170	vapor
696.67	6.0000	45.608	0.021926	766.00	897.56	2.7899	0.94146	1.1562	402.24	1.2474	32.052	0.050296	vapor
698.33	6.0000	45.492	0.021982	767.60	899.49	2.7927	0.94219	1.1568	402.72	1.2393	32.109	0.050422	vapor
700.00	6.0000	45.377	0.022038	769.19	901.42	2.7955	0.94292	1.1574	403.20	1.2313	32.166	0.050547	vapor
701.67	6.0000	45.262	0.022094	770.78	903.34	2.7982	0.94365	1.1580	403.69	1.2233	32.222	0.050673	vapor
703.33	6.0000	45.148	0.022149	772.38	905.27	2.8010	0.94438	1.1585	404.17	1.2154	32.279	0.050799	vapor
705.00	6.0000	45.035	0.022205	773.98	907.21	2.8037	0.94511	1.1591	404.65	1.2076	32.336	0.050925	vapor
706.67	6.0000	44.922	0.022261	775.57	909.14	2.8064	0.94584	1.1597	405.13	1.1998	32.392	0.051050	vapor
708.33	6.0000	44.809	0.022317	777.17	911.07	2.8092	0.94656	1.1603	405.61	1.1920	32.449	0.051176	vapor
710.00	6.0000	44.698	0.022372	778.77	913.01	2.8119	0.94728	1.1608	406.09	1.1844	32.505	0.051301	vapor
711.67	6.0000	44.587	0.022428	780.37	914.94	2.8146	0.94800	1.1614	406.56	1.1767	32.562	0.051426	vapor
713.33	6.0000	44.476	0.022484	781.97	916.88	2.8173	0.94872	1.1620	407.04	1.1692	32.618	0.051552	vapor
715.00	6.0000	44.366	0.022540	783.58	918.81	2.8200	0.94943	1.1625	407.52	1.1617	32.674	0.051677	vapor
716.67	6.0000	44.257	0.022595	785.18	920.75	2.8228	0.95015	1.1631	407.99	1.1542	32.730	0.051802	vapor
718.33	6.0000	44.148	0.022651	786.79	922.69	2.8255	0.95086	1.1637	408.47	1.1468	32.786	0.051928	vapor
720.00	6.0000	44.040	0.022707	788.39	924.63	2.8282	0.95157	1.1642	408.94	1.1394	32.843	0.052053	vapor
721.67	6.0000	43.932	0.022762	790.00	926.57	2.8308	0.95228	1.1648	409.41	1.1321	32.899	0.052178	vapor
723.33	6.0000	43.825	0.022818	791.61	928.51	2.8335	0.95299	1.1654	409.89	1.1248	32.954	0.052303	vapor
725.00	6.0000	43.719	0.022873	793.22	930.46	2.8362	0.95369	1.1659	410.36	1.1176	33.010	0.052428	vapor
726.67	6.0000	43.613	0.022929	794.83	932.40	2.8389	0.95439	1.1665	410.83	1.1105	33.066	0.052553	vapor
728.33	6.0000	43.508	0.022985	796.44	934.35	2.8416	0.95510	1.1671	411.30	1.1034	33.122	0.052678	vapor
730.00	6.0000	43.403	0.023040	798.05	936.29	2.8442	0.95580	1.1676	411.77	1.0963	33.178	0.052802	vapor
731.67	6.0000	43.298	0.023096	799.66	938.24	2.8469	0.95649	1.1682	412.24	1.0893	33.233	0.052927	vapor
733.33	6.0000	43.195	0.023151	801.28	940.18	2.8496	0.95719	1.1688	412.70	1.0823	33.289	0.053052	vapor
735.00	6.0000	43.091	0.023207	802.89	942.13	2.8522	0.95788	1.1693	413.17	1.0754	33.345	0.053176	vapor
736.67	6.0000	42.988	0.023262	804.51	944.08	2.8549	0.95858	1.1699	413.64	1.0686	33.400	0.053301	vapor
738.33	6.0000	42.886	0.023317	806.13	946.03	2.8575	0.95927	1.1704	414.10	1.0617	33.456	0.053425	vapor
740.00	6.0000	42.785	0.023373	807.75	947.98	2.8601	0.95995	1.1710	414.57	1.0550	33.511	0.053550	vapor
741.67	6.0000	42.683	0.023428	809.37	949.94	2.8628	0.96064	1.1716	415.03	1.0482	33.566	0.053674	vapor
743.33	6.0000	42.583	0.023484	810.99	951.89	2.8654	0.96133	1.1721	415.50	1.0416	33.622	0.053799	vapor
745.00	6.0000	42.482	0.023539	812.61	953.84	2.8680	0.96201	1.1727	415.96	1.0349	33.677	0.053923	vapor
746.67	6.0000	42.383	0.023594	814.23	955.80	2.8707	0.96269	1.1732	416.42	1.0283	33.732	0.054047	vapor
748.33	6.0000	42.284	0.023650	815.86	957.75	2.8733	0.96337	1.1738	416.88	1.0218	33.787	0.054171	vapor
750.00	6.0000	42.185	0.023705	817.48	959.71	2.8759	0.96405	1.1744	417.34	1.0153	33.842	0.054295	vapor
751.67	6.0000	42.087	0.023760	819.11	961.67	2.8785	0.96472	1.1749	417.80	1.0088	33.897	0.054419	vapor
753.33	6.0000	41.989	0.023816	820.73	963.63	2.8811	0.96540	1.1755	418.26	1.0024	33.952	0.054543	vapor
755.00	6.0000	41.892	0.023871	822.36	965.59	2.8837	0.96607	1.1760	418.72	0.99602	34.007	0.054667	vapor
756.67	6.0000	41.795	0.023926	823.99	967.55	2.8863	0.96674	1.1766	419.18	0.98969	34.062	0.054791	vapor
758.33	6.0000	41.699	0.023982	825.62	969.51	2.8889	0.96741	1.1771	419.64	0.98340	34.117	0.054915	vapor
760.00	6.0000	41.603	0.024037	827.25	971.47	2.8915	0.96808	1.1777	420.09	0.97714	34.171	0.055038	vapor
761.67	6.0000	41.507	0.024092	828.88	973.43	2.8940	0.96874	1.1782	420.55	0.97093	34.226	0.055162	vapor
763.33	6.0000	41.412	0.024147	830.51	975.40	2.8966	0.96941	1.1788	421.01	0.96477	34.281	0.055286	vapor
765.00	6.0000	41.318	0.024203	832.15	977.36	2.8992	0.97007	1.1793	421.46	0.95864	34.335	0.055409	vapor
766.67	6.0000	41.224	0.024258	833.78	979.33	2.9018	0.97073	1.1799	421.91	0.95255	34.390	0.055533	vapor
768.33	6.0000	41.130	0.024313	835.42	981.30	2.9043	0.97139	1.1804	422.37	0.94650	34.444	0.055656	vapor
770.00	6.0000	41.037	0.024368	837.06	983.26	2.9069	0.97204	1.1810	422.82	0.94049	34.498	0.055779	vapor
771.67	6.0000	40.945	0.024423	838.69	985.23	2.9094	0.97270	1.1815	423.27	0.93451	34.553	0.055903	vapor
773.33	6.0000	40.853	0.024478	840.33	987.20	2.9120	0.97335	1.1821	423.72	0.92858	34.607	0.056026	vapor
775.00	6.0000	40.761	0.024533	841.97	989.17	2.9145	0.97400	1.1826	424.18	0.92268	34.661	0.056149	vapor
776.67	6.0000	40.669	0.024588	843.61	991.14	2.9171	0.97465	1.1831	424.63	0.91683	34.715	0.056272	vapor
778.33	6.0000	40.579	0.024644	845.26	993.12	2.9196	0.97530	1.1837	425.08	0.91100	34.770	0.056395	vapor
780.00	6.0000	40.488	0.024699	846.90	995.09	2.9221	0.97594	1.1842	425.52	0.90522	34.824	0.056518	vapor
781.67	6.0000	40.398	0.024754	848.54	997.06	2.9247	0.97659	1.1848	425.97	0.89947	34.878	0.056641	vapor
783.33	6.0000	40.308	0.024809	850.19	999.04	2.9272	0.97723	1.1853	426.42	0.89376	34.932	0.056764	vapor
785.00	6.0000	40.219	0.024864	851.83	1001.0	2.9297	0.97787	1.1858	426.87	0.88809	34.986	0.056886	vapor
786.67	6.0000	40.130	0.024919	853.48	1003.0	2.9322	0.97851	1.1864	427.31	0.88245	35.039	0.057009	vapor
788.33	6.0000	40.042	0.024974	855.13	1005.0	2.9347	0.97915	1.1869	427.76	0.87684	35.093	0.057132	vapor
790.00	6.0000	39.954	0.025029	856.78	1006.9	2.9372	0.97978	1.1875	428.21	0.87128	35.147	0.057254	vapor
791.67	6.0000	39.866	0.025084	858.43	1008.9	2.9397	0.98042	1.1880	428.65	0.86574	35.201	0.057377	vapor
793.33	6.0000	39.779	0.025139	860.08	1010.9	2.9422	0.98105	1.1885	429.09	0.86024	35.254	0.057499	vapor
795.00	6.0000	39.692	0.025194	861.73	1012.9	2.9447	0.98168	1.1891	429.54	0.85478	35.308	0.057621	vapor
796.67	6.0000	39.606	0.025249	863.38	1014.9	2.9472	0.98231	1.1896	429.98	0.84934	35.362	0.057744	vapor
798.33	6.0000	39.520	0.025304	865.03	1016.9	2.9497	0.98293	1.1901	430.42	0.84395	35.415	0.057866	vapor
800.00	6.0000	39.435	0.025358	866.69	1018.8	2.9522	0.98356	1.1906	430.87	0.83858	35.469	0.057988	vapor
801.67	6.0000	39.349	0.025413	868.34	1020.8	2.9547	0.98418	1.1912	431.31	0.83325	35.522	0.058110	vapor
803.33	6.0000	39.265	0.025468	870.00	1022.8	2.9572	0.98480	1.1917	431.75	0.82795	35.575	0.058232	vapor
805.00	6.0000	39.180	0.025523	871.66	1024.8	2.9596	0.98542	1.1922	432.19	0.82268	35.629	0.058354	vapor
806.67	6.0000	39.096	0.025578	873.32	1026.8	2.9621	0.98604	1.1928	432.63	0.81745	35.682	0.058476	vapor
808.33	6.0000	39.012	0.025633	874.97	1028.8	2.9646	0.98666	1.1933	433.07	0.81224	35.735	0.058598	vapor
810.00	6.0000	38.929	0.025688	876.64	1030.8	2.9670	0.98727	1.1938	433.50	0.80707	35.788	0.058719	vapor
811.67	6.0000	38.846	0.025743	878.30	1032.8	2.9695	0.98789	1.1943	433.94	0.80193	35.841	0.058841	vapor
813.33	6.0000	38.764	0.025797	879.96	1034.7	2.9719	0.98850	1.1948	434.38	0.79682	35.894	0.058963	vapor
815.00	6.0000	38.681	0.025852	881.62	1036.7	2.9744	0.98911	1.1954	434.82	0.79174	35.947	0.059084	vapor
816.67	6.0000	38.600	0.025907	883.29	1038.7	2.9768	0.98972	1.1959	435.25	0.78670	36.000	0.059206	vapor
818.33	6.0000	38.518	0.025962	884.95	1040.7	2.9792	0.99032	1.1964	435.69	0.78168	36.053	0.059327	vapor
820.00	6.0000	38.437	0.026017	886.62	1042.7	2.9817	0.99093	1.1969	436.12	0.77669	36.106	0.059448	vapor
821.67	6.0000	38.356	0.026071	888.28	1044.7	2.9841	0.99153	1.1974	436.56	0.77173	36.159	0.059570	vapor
823.33	6.0000	38.276	0.026126	889.95	1046.7	2.9865	0.99213	1.1980	436.99	0.76680	36.212	0.059691	vapor
825.00	6.0000	38.196	0.026181	891.62	1048.7	2.9890	0.99273	1.1985	437.42	0.76190	36.264	0.059812	vapor
826.67	6.0000	38.116	0.026236	893.29	1050.7	2.9914	0.99333	1.1990	437.86	0.75703	36.317	0.059933	vapor
828.33	6.0000	38.037	0.026290	894.96	1052.7	2.9938	0.99392	1.1995	438.29	0.75219	36.370	0.060054	vapor
830.00	6.0000	37.958	0.026345	896.63	1054.7	2.9962	0.99452	1.2000	438.72	0.74737	36.422	0.060175	vapor
831.67	6.0000	37.879	0.026400	898.30	1056.7	2.9986	0.99511	1.2005	439.15	0.74259	36.475	0.060296	vapor
833.33	6.0000	37.801	0.026454	899.98	1058.7	3.0010	0.99570	1.2010	439.58	0.73783	36.527	0.060417	vapor
835.00	6.0000	37.723	0.026509	901.65	1060.7	3.0034	0.99629	1.2015	440.01	0.73310	36.580	0.060537	vapor
836.67	6.0000	37.645	0.026564	903.32	1062.7	3.0058	0.99688	1.2021	440.44	0.72840	36.632	0.060658	vapor
838.33	6.0000	37.568	0.026618	905.00	1064.7	3.0082	0.99747	1.2026	440.87	0.72372	36.684	0.060778	vapor
840.00	6.0000	37.491	0.026673	906.68	1066.7	3.0106	0.99805	1.2031	441.30	0.71908	36.737	0.060899	vapor
841.67	6.0000	37.414	0.026728	908.36	1068.7	3.0130	0.99864	1.2036	441.73	0.71445	36.789	0.061019	vapor
843.33	6.0000	37.338	0.026782	910.03	1070.7	3.0154	0.99922	1.2041	442.15	0.70986	36.841	0.061140	vapor
845.00	6.0000	37.262	0.026837	911.71	1072.7	3.0177	0.99980	1.2046	442.58	0.70529	36.893	0.061260	vapor
846.67	6.0000	37.187	0.026891	913.39	1074.7	3.0201	1.0004	1.2051	443.01	0.70075	36.945	0.061380	vapor
848.33	6.0000	37.111	0.026946	915.08	1076.8	3.0225	1.0010	1.2056	443.43	0.69623	36.997	0.061500	vapor
850.00	6.0000	37.036	0.027001	916.76	1078.8	3.0249	1.0015	1.2061	443.86	0.69174	37.049	0.061621	vapor
851.67	6.0000	36.961	0.027055	918.44	1080.8	3.0272	1.0021	1.2066	444.28	0.68728	37.101	0.061741	vapor
853.33	6.0000	36.887	0.027110	920.12	1082.8	3.0296	1.0027	1.2071	444.71	0.68284	37.153	0.061860	vapor
855.00	6.0000	36.813	0.027164	921.81	1084.8	3.0319	1.0032	1.2076	445.13	0.67842	37.205	0.061980	vapor
856.67	6.0000	36.739	0.027219	923.50	1086.8	3.0343	1.0038	1.2081	445.55	0.67403	37.257	0.062100	vapor
858.33	6.0000	36.666	0.027273	925.18	1088.8	3.0366	1.0044	1.2086	445.98	0.66967	37.309	0.062220	vapor
860.00	6.0000	36.593	0.027328	926.87	1090.8	3.0390	1.0049	1.2090	446.40	0.66533	37.360	0.062340	vapor
861.67	6.0000	36.520	0.027382	928.56	1092.9	3.0413	1.0055	1.2095	446.82	0.66101	37.412	0.062459	vapor
863.33	6.0000	36.447	0.027437	930.25	1094.9	3.0437	1.0061	1.2100	447.24	0.65672	37.464	0.062579	vapor
865.00	6.0000	36.375	0.027491	931.94	1096.9	3.0460	1.0066	1.2105	447.66	0.65245	37.515	0.062698	vapor
866.67	6.0000	36.303	0.027546	933.63	1098.9	3.0483	1.0072	1.2110	448.08	0.64821	37.567	0.062817	vapor
868.33	6.0000	36.231	0.027600	935.32	1100.9	3.0506	1.0078	1.2115	448.50	0.64399	37.618	0.062937	vapor
870.00	6.0000	36.160	0.027655	937.01	1102.9	3.0530	1.0083	1.2120	448.92	0.63979	37.670	0.063056	vapor
871.67	6.0000	36.089	0.027709	938.71	1105.0	3.0553	1.0089	1.2125	449.34	0.63562	37.721	0.063175	vapor
873.33	6.0000	36.018	0.027764	940.40	1107.0	3.0576	1.0094	1.2130	449.76	0.63147	37.772	0.063294	vapor
875.00	6.0000	35.948	0.027818	942.10	1109.0	3.0599	1.0100	1.2134	450.18	0.62734	37.824	0.063413	vapor
876.67	6.0000	35.877	0.027873	943.79	1111.0	3.0622	1.0105	1.2139	450.59	0.62323	37.875	0.063532	vapor
878.33	6.0000	35.808	0.027927	945.49	1113.1	3.0645	1.0111	1.2144	451.01	0.61915	37.926	0.063651	vapor
880.00	6.0000	35.738	0.027982	947.19	1115.1	3.0668	1.0116	1.2149	451.43	0.61509	37.977	0.063770	vapor
881.67	6.0000	35.669	0.028036	948.89	1117.1	3.0691	1.0122	1.2154	451.84	0.61105	38.028	0.063889	vapor
883.33	6.0000	35.599	0.028090	950.59	1119.1	3.0714	1.0127	1.2158	452.26	0.60703	38.080	0.064007	vapor
885.00	6.0000	35.531	0.028145	952.29	1121.2	3.0737	1.0132	1.2163	452.67	0.60304	38.131	0.064126	vapor
886.67	6.0000	35.462	0.028199	953.99	1123.2	3.0760	1.0138	1.2168	453.09	0.59906	38.182	0.064244	vapor
888.33	6.0000	35.394	0.028253	955.69	1125.2	3.0783	1.0143	1.2173	453.50	0.59511	38.233	0.064363	vapor
890.00	6.0000	35.326	0.028308	957.39	1127.2	3.0806	1.0149	1.2177	453.92	0.59118	38.283	0.064481	vapor
891.67	6.0000	35.258	0.028362	959.10	1129.3	3.0829	1.0154	1.2182	454.33	0.58727	38.334	0.064600	vapor
893.33	6.0000	35.191	0.028417	960.80	1131.3	3.0851	1.0159	1.2187	454.74	0.58338	38.385	0.064718	vapor
895.00	6.0000	35.124	0.028471	962.51	1133.3	3.0874	1.0165	1.2191	455.16	0.57952	38.436	0.064836	vapor
896.67	6.0000	35.057	0.028525	964.21	1135.4	3.0897	1.0170	1.2196	455.57	0.57567	38.487	0.064954	vapor
898.33	6.0000	34.990	0.028580	965.92	1137.4	3.0919	1.0175	1.2201	455.98	0.57184	38.537	0.065072	vapor
900.00	6.0000	34.924	0.028634	967.63	1139.4	3.0942	1.0181	1.2206	456.39	0.56803	38.588	0.065190	vapor
901.67	6.0000	34.858	0.028688	969.34	1141.5	3.0965	1.0186	1.2210	456.80	0.56425	38.639	0.065308	vapor
903.33	6.0000	34.792	0.028742	971.05	1143.5	3.0987	1.0191	1.2215	457.21	0.56048	38.689	0.065426	vapor
905.00	6.0000	34.726	0.028797	972.76	1145.5	3.1010	1.0196	1.2219	457.62	0.55674	38.740	0.065544	vapor
906.67	6.0000	34.661	0.028851	974.47	1147.6	3.1032	1.0202	1.2224	458.03	0.55301	38.790	0.065661	vapor
908.33	6.0000	34.596	0.028905	976.18	1149.6	3.1055	1.0207	1.2229	458.44	0.54930	38.841	0.065779	vapor
910.00	6.0000	34.531	0.028960	977.89	1151.7	3.1077	1.0212	1.2233	458.85	0.54561	38.891	0.065896	vapor
911.67	6.0000	34.466	0.029014	979.61	1153.7	3.1099	1.0217	1.2238	459.25	0.54194	38.941	0.066014	vapor
913.33	6.0000	34.402	0.029068	981.32	1155.7	3.1122	1.0222	1.2242	459.66	0.53829	38.992	0.066131	vapor
915.00	6.0000	34.338	0.029122	983.04	1157.8	3.1144	1.0227	1.2247	460.07	0.53466	39.042	0.066248	vapor
916.67	6.0000	34.274	0.029177	984.75	1159.8	3.1166	1.0233	1.2252	460.47	0.53105	39.092	0.066366	vapor
918.33	6.0000	34.211	0.029231	986.47	1161.9	3.1189	1.0238	1.2256	460.88	0.52746	39.142	0.066483	vapor
920.00	6.0000	34.147	0.029285	988.19	1163.9	3.1211	1.0243	1.2261	461.29	0.52388	39.192	0.066600	vapor
921.67	6.0000	34.084	0.029339	989.91	1165.9	3.1233	1.0248	1.2265	461.69	0.52033	39.243	0.066717	vapor
923.33	6.0000	34.021	0.029393	991.63	1168.0	3.1255	1.0253	1.2270	462.10	0.51679	39.293	0.066834	vapor
925.00	6.0000	33.959	0.029448	993.35	1170.0	3.1277	1.0258	1.2274	462.50	0.51327	39.343	0.066951	vapor
926.67	6.0000	33.896	0.029502	995.07	1172.1	3.1299	1.0263	1.2279	462.90	0.50977	39.393	0.067068	vapor
928.33	6.0000	33.834	0.029556	996.79	1174.1	3.1322	1.0268	1.2283	463.31	0.50628	39.443	0.067184	vapor
930.00	6.0000	33.772	0.029610	998.51	1176.2	3.1344	1.0273	1.2288	463.71	0.50282	39.492	0.067301	vapor
931.67	6.0000	33.711	0.029664	1000.2	1178.2	3.1366	1.0278	1.2292	464.11	0.49937	39.542	0.067418	vapor
933.33	6.0000	33.649	0.029718	1002.0	1180.3	3.1388	1.0283	1.2297	464.52	0.49594	39.592	0.067534	vapor
935.00	6.0000	33.588	0.029773	1003.7	1182.3	3.1410	1.0288	1.2301	464.92	0.49253	39.642	0.067651	vapor
936.67	6.0000	33.527	0.029827	1005.4	1184.4	3.1431	1.0293	1.2306	465.32	0.48913	39.692	0.067767	vapor
938.33	6.0000	33.466	0.029881	1007.1	1186.4	3.1453	1.0298	1.2310	465.72	0.48575	39.741	0.067883	vapor
940.00	6.0000	33.406	0.029935	1008.9	1188.5	3.1475	1.0303	1.2314	466.12	0.48239	39.791	0.067999	vapor
941.67	6.0000	33.345	0.029989	1010.6	1190.5	3.1497	1.0308	1.2319	466.52	0.47904	39.841	0.068116	vapor
943.33	6.0000	33.285	0.030043	1012.3	1192.6	3.1519	1.0313	1.2323	466.92	0.47571	39.890	0.068232	vapor
945.00	6.0000	33.225	0.030097	1014.0	1194.6	3.1541	1.0318	1.2328	467.32	0.47240	39.940	0.068348	vapor
946.67	6.0000	33.166	0.030152	1015.8	1196.7	3.1562	1.0323	1.2332	467.72	0.46910	39.989	0.068464	vapor
948.33	6.0000	33.106	0.030206	1017.5	1198.7	3.1584	1.0327	1.2336	468.12	0.46582	40.039	0.068580	vapor
950.00	6.0000	33.047	0.030260	1019.2	1200.8	3.1606	1.0332	1.2341	468.52	0.46256	40.088	0.068695	vapor
951.67	6.0000	32.988	0.030314	1021.0	1202.9	3.1627	1.0337	1.2345	468.91	0.45931	40.137	0.068811	vapor
953.33	6.0000	32.930	0.030368	1022.7	1204.9	3.1649	1.0342	1.2349	469.31	0.45608	40.187	0.068927	vapor
955.00	6.0000	32.871	0.030422	1024.4	1207.0	3.1670	1.0347	1.2354	469.71	0.45287	40.236	0.069042	vapor
956.67	6.0000	32.813	0.030476	1026.2	1209.0	3.1692	1.0352	1.2358	470.10	0.44967	40.285	0.069158	vapor
958.33	6.0000	32.755	0.030530	1027.9	1211.1	3.1713	1.0356	1.2362	470.50	0.44649	40.335	0.069273	vapor
960.00	6.0000	32.697	0.030584	1029.6	1213.2	3.1735	1.0361	1.2366	470.90	0.44332	40.384	0.069389	vapor
961.67	6.0000	32.639	0.030638	1031.4	1215.2	3.1756	1.0366	1.2371	471.29	0.44017	40.433	0.069504	vapor
963.33	6.0000	32.582	0.030692	1033.1	1217.3	3.1778	1.0371	1.2375	471.69	0.43703	40.482	0.069619	vapor
965.00	6.0000	32.524	0.030746	1034.9	1219.3	3.1799	1.0375	1.2379	472.08	0.43391	40.531	0.069734	vapor
966.67	6.0000	32.467	0.030800	1036.6	1221.4	3.1821	1.0380	1.2384	472.48	0.43080	40.580	0.069849	vapor
968.33	6.0000	32.410	0.030854	1038.3	1223.5	3.1842	1.0385	1.2388	472.87	0.42771	40.629	0.069964	vapor
970.00	6.0000	32.354	0.030908	1040.1	1225.5	3.1863	1.0390	1.2392	473.26	0.42463	40.678	0.070079	vapor
971.67	6.0000	32.297	0.030962	1041.8	1227.6	3.1885	1.0394	1.2396	473.66	0.42157	40.727	0.070194	vapor
973.33	6.0000	32.241	0.031016	1043.6	1229.7	3.1906	1.0399	1.2400	474.05	0.41852	40.776	0.070309	vapor
975.00	6.0000	32.185	0.031070	1045.3	1231.7	3.1927	1.0404	1.2405	474.44	0.41549	40.825	0.070424	vapor
976.67	6.0000	32.129	0.031124	1047.1	1233.8	3.1948	1.0408	1.2409	474.83	0.41247	40.873	0.070538	vapor
978.33	6.0000	32.074	0.031178	1048.8	1235.9	3.1969	1.0413	1.2413	475.22	0.40947	40.922	0.070653	vapor
980.00	6.0000	32.018	0.031232	1050.5	1237.9	3.1990	1.0417	1.2417	475.62	0.40648	40.971	0.070767	vapor
981.67	6.0000	31.963	0.031286	1052.3	1240.0	3.2012	1.0422	1.2421	476.01	0.40350	41.020	0.070882	vapor
983.33	6.0000	31.908	0.031340	1054.0	1242.1	3.2033	1.0427	1.2425	476.40	0.40054	41.068	0.070996	vapor
985.00	6.0000	31.853	0.031394	1055.8	1244.1	3.2054	1.0431	1.2430	476.79	0.39759	41.117	0.071110	vapor
986.67	6.0000	31.798	0.031448	1057.5	1246.2	3.2075	1.0436	1.2434	477.18	0.39466	41.165	0.071225	vapor
988.33	6.0000	31.744	0.031502	1059.3	1248.3	3.2096	1.0440	1.2438	477.57	0.39174	41.214	0.071339	vapor
990.00	6.0000	31.690	0.031556	1061.0	1250.4	3.2117	1.0445	1.2442	477.95	0.38884	41.262	0.071453	vapor
991.67	6.0000	31.636	0.031610	1062.8	1252.4	3.2138	1.0449	1.2446	478.34	0.38594	41.311	0.071567	vapor
993.33	6.0000	31.582	0.031664	1064.5	1254.5	3.2159	1.0454	1.2450	478.73	0.38307	41.359	0.071681	vapor
995.00	6.0000	31.528	0.031718	1066.3	1256.6	3.2179	1.0458	1.2454	479.12	0.38020	41.408	0.071795	vapor
996.67	6.0000	31.475	0.031772	1068.0	1258.7	3.2200	1.0463	1.2458	479.51	0.37735	41.456	0.071909	vapor
998.33	6.0000	31.421	0.031826	1069.8	1260.7	3.2221	1.0467	1.2462	479.89	0.37451	41.504	0.072022	vapor
1000.0	6.0000	31.368	0.031880	1071.5	1262.8	3.2242	1.0472	1.2466	480.28	0.37169	41.553	0.072136	vapor
1001.7	6.0000	31.315	0.031933	1073.3	1264.9	3.2263	1.0476	1.2470	480.67	0.36887	41.601	0.072249	vapor
1003.3	6.0000	31.262	0.031987	1075.1	1267.0	3.2283	1.0481	1.2474	481.05	0.36607	41.649	0.072363	vapor
1005.0	6.0000	31.210	0.032041	1076.8	1269.1	3.2304	1.0485	1.2478	481.44	0.36329	41.697	0.072476	vapor
1006.7	6.0000	31.157	0.032095	1078.6	1271.1	3.2325	1.0490	1.2482	481.82	0.36052	41.745	0.072590	vapor
1008.3	6.0000	31.105	0.032149	1080.3	1273.2	3.2345	1.0494	1.2486	482.21	0.35775	41.794	0.072703	vapor
1010.0	6.0000	31.053	0.032203	1082.1	1275.3	3.2366	1.0498	1.2490	482.59	0.35501	41.842	0.072816	vapor
1011.7	6.0000	31.001	0.032257	1083.8	1277.4	3.2387	1.0503	1.2494	482.98	0.35227	41.890	0.072929	vapor
1013.3	6.0000	30.950	0.032311	1085.6	1279.5	3.2407	1.0507	1.2498	483.36	0.34955	41.938	0.073043	vapor
1015.0	6.0000	30.898	0.032364	1087.4	1281.5	3.2428	1.0511	1.2502	483.74	0.34684	41.986	0.073156	vapor
1016.7	6.0000	30.847	0.032418	1089.1	1283.6	3.2448	1.0516	1.2506	484.13	0.34414	42.034	0.073268	vapor
1018.3	6.0000	30.796	0.032472	1090.9	1285.7	3.2469	1.0520	1.2510	484.51	0.34146	42.081	0.073381	vapor
1020.0	6.0000	30.745	0.032526	1092.6	1287.8	3.2489	1.0524	1.2514	484.89	0.33878	42.129	0.073494	vapor
1021.7	6.0000	30.694	0.032580	1094.4	1289.9	3.2510	1.0529	1.2518	485.28	0.33612	42.177	0.073607	vapor
1023.3	6.0000	30.643	0.032634	1096.2	1292.0	3.2530	1.0533	1.2522	485.66	0.33347	42.225	0.073720	vapor
1025.0	6.0000	30.593	0.032687	1097.9	1294.1	3.2550	1.0537	1.2526	486.04	0.33083	42.273	0.073832	vapor
1026.7	6.0000	30.542	0.032741	1099.7	1296.1	3.2571	1.0541	1.2529	486.42	0.32821	42.320	0.073945	vapor
1028.3	6.0000	30.492	0.032795	1101.5	1298.2	3.2591	1.0546	1.2533	486.80	0.32559	42.368	0.074057	vapor
1030.0	6.0000	30.442	0.032849	1103.2	1300.3	3.2611	1.0550	1.2537	487.18	0.32299	42.416	0.074169	vapor
1031.7	6.0000	30.393	0.032903	1105.0	1302.4	3.2632	1.0554	1.2541	487.56	0.32040	42.463	0.074282	vapor
1033.3	6.0000	30.343	0.032957	1106.8	1304.5	3.2652	1.0558	1.2545	487.94	0.31782	42.511	0.074394	vapor
1035.0	6.0000	30.294	0.033010	1108.5	1306.6	3.2672	1.0563	1.2549	488.32	0.31525	42.558	0.074506	vapor
1036.7	6.0000	30.244	0.033064	1110.3	1308.7	3.2692	1.0567	1.2552	488.70	0.31270	42.606	0.074618	vapor
1038.3	6.0000	30.195	0.033118	1112.1	1310.8	3.2712	1.0571	1.2556	489.08	0.31015	42.653	0.074730	vapor
1040.0	6.0000	30.146	0.033172	1113.8	1312.9	3.2733	1.0575	1.2560	489.46	0.30762	42.701	0.074842	vapor
1041.7	6.0000	30.097	0.033225	1115.6	1315.0	3.2753	1.0579	1.2564	489.83	0.30510	42.748	0.074954	vapor
1043.3	6.0000	30.049	0.033279	1117.4	1317.1	3.2773	1.0583	1.2568	490.21	0.30259	42.795	0.075066	vapor
1045.0	6.0000	30.000	0.033333	1119.2	1319.2	3.2793	1.0588	1.2571	490.59	0.30009	42.843	0.075178	vapor
1046.7	6.0000	29.952	0.033387	1120.9	1321.3	3.2813	1.0592	1.2575	490.97	0.29760	42.890	0.075289	vapor
1048.3	6.0000	29.904	0.033441	1122.7	1323.4	3.2833	1.0596	1.2579	491.34	0.29512	42.937	0.075401	vapor
1050.0	6.0000	29.856	0.033494	1124.5	1325.4	3.2853	1.0600	1.2583	491.72	0.29265	42.985	0.075512	vapor
1051.7	6.0000	29.808	0.033548	1126.3	1327.5	3.2873	1.0604	1.2586	492.10	0.29020	43.032	0.075624	vapor
1053.3	6.0000	29.760	0.033602	1128.0	1329.6	3.2893	1.0608	1.2590	492.47	0.28775	43.079	0.075735	vapor
1055.0	6.0000	29.713	0.033655	1129.8	1331.7	3.2913	1.0612	1.2594	492.85	0.28531	43.126	0.075847	vapor
1056.7	6.0000	29.665	0.033709	1131.6	1333.8	3.2933	1.0616	1.2598	493.22	0.28289	43.173	0.075958	vapor
1058.3	6.0000	29.618	0.033763	1133.4	1335.9	3.2952	1.0620	1.2601	493.60	0.28048	43.220	0.076069	vapor
1060.0	6.0000	29.571	0.033817	1135.1	1338.0	3.2972	1.0624	1.2605	493.97	0.27807	43.267	0.076180	vapor
1061.7	6.0000	29.524	0.033870	1136.9	1340.1	3.2992	1.0628	1.2609	494.34	0.27568	43.314	0.076291	vapor
1063.3	6.0000	29.478	0.033924	1138.7	1342.2	3.3012	1.0632	1.2612	494.72	0.27329	43.361	0.076402	vapor
1065.0	6.0000	29.431	0.033978	1140.5	1344.3	3.3032	1.0636	1.2616	495.09	0.27092	43.408	0.076513	vapor
1066.7	6.0000	29.385	0.034032	1142.3	1346.4	3.3051	1.0640	1.2620	495.46	0.26856	43.455	0.076624	vapor
1068.3	6.0000	29.338	0.034085	1144.0	1348.6	3.3071	1.0644	1.2623	495.84	0.26621	43.502	0.076735	vapor
1070.0	6.0000	29.292	0.034139	1145.8	1350.7	3.3091	1.0648	1.2627	496.21	0.26386	43.549	0.076845	vapor
1071.7	6.0000	29.246	0.034193	1147.6	1352.8	3.3110	1.0652	1.2630	496.58	0.26153	43.596	0.076956	vapor
1073.3	6.0000	29.200	0.034246	1149.4	1354.9	3.3130	1.0656	1.2634	496.95	0.25921	43.642	0.077066	vapor
1075.0	6.0000	29.155	0.034300	1151.2	1357.0	3.3150	1.0660	1.2638	497.33	0.25690	43.689	0.077177	vapor
1076.7	6.0000	29.109	0.034354	1153.0	1359.1	3.3169	1.0664	1.2641	497.70	0.25459	43.736	0.077287	vapor
1078.3	6.0000	29.064	0.034407	1154.7	1361.2	3.3189	1.0668	1.2645	498.07	0.25230	43.782	0.077398	vapor
1080.0	6.0000	29.018	0.034461	1156.5	1363.3	3.3208	1.0672	1.2648	498.44	0.25002	43.829	0.077508	vapor
1081.7	6.0000	28.973	0.034515	1158.3	1365.4	3.3228	1.0676	1.2652	498.81	0.24774	43.876	0.077618	vapor
1083.3	6.0000	28.928	0.034568	1160.1	1367.5	3.3247	1.0680	1.2656	499.18	0.24548	43.922	0.077728	vapor
1085.0	6.0000	28.883	0.034622	1161.9	1369.6	3.3267	1.0683	1.2659	499.55	0.24322	43.969	0.077838	vapor
1086.7	6.0000	28.839	0.034676	1163.7	1371.7	3.3286	1.0687	1.2663	499.92	0.24098	44.015	0.077948	vapor
1088.3	6.0000	28.794	0.034729	1165.5	1373.8	3.3306	1.0691	1.2666	500.29	0.23874	44.062	0.078058	vapor
1090.0	6.0000	28.750	0.034783	1167.3	1376.0	3.3325	1.0695	1.2670	500.66	0.23651	44.108	0.078168	vapor
1091.7	6.0000	28.705	0.034837	1169.0	1378.1	3.3344	1.0699	1.2673	501.02	0.23430	44.155	0.078278	vapor
1093.3	6.0000	28.661	0.034890	1170.8	1380.2	3.3364	1.0703	1.2677	501.39	0.23209	44.201	0.078388	vapor
1095.0	6.0000	28.617	0.034944	1172.6	1382.3	3.3383	1.0706	1.2680	501.76	0.22989	44.247	0.078497	vapor
1096.7	6.0000	28.573	0.034998	1174.4	1384.4	3.3402	1.0710	1.2684	502.13	0.22770	44.294	0.078607	vapor
1098.3	6.0000	28.530	0.035051	1176.2	1386.5	3.3422	1.0714	1.2687	502.49	0.22552	44.340	0.078716	vapor
1100.0	6.0000	28.486	0.035105	1178.0	1388.6	3.3441	1.0718	1.2691	502.86	0.22335	44.386	0.078826	vapor
1101.7	6.0000	28.443	0.035158	1179.8	1390.7	3.3460	1.0721	1.2694	503.23	0.22118	44.432	0.078935	vapor
1103.3	6.0000	28.399	0.035212	1181.6	1392.9	3.3479	1.0725	1.2697	503.59	0.21903	44.479	0.079045	vapor
1105.0	6.0000	28.356	0.035266	1183.4	1395.0	3.3498	1.0729	1.2701	503.96	0.21688	44.525	0.079154	vapor
1106.7	6.0000	28.313	0.035319	1185.2	1397.1	3.3518	1.0733	1.2704	504.33	0.21475	44.571	0.079263	vapor
1108.3	6.0000	28.270	0.035373	1187.0	1399.2	3.3537	1.0736	1.2708	504.69	0.21262	44.617	0.079372	vapor
1110.0	6.0000	28.228	0.035426	1188.8	1401.3	3.3556	1.0740	1.2711	505.06	0.21050	44.663	0.079481	vapor
1111.7	6.0000	28.185	0.035480	1190.6	1403.5	3.3575	1.0744	1.2715	505.42	0.20839	44.709	0.079590	vapor
1113.3	6.0000	28.142	0.035534	1192.4	1405.6	3.3594	1.0747	1.2718	505.79	0.20629	44.755	0.079699	vapor
1115.0	6.0000	28.100	0.035587	1194.2	1407.7	3.3613	1.0751	1.2721	506.15	0.20419	44.801	0.079808	vapor
1116.7	6.0000	28.058	0.035641	1196.0	1409.8	3.3632	1.0755	1.2725	506.51	0.20211	44.847	0.079917	vapor
1118.3	6.0000	28.016	0.035694	1197.8	1411.9	3.3651	1.0758	1.2728	506.88	0.20003	44.893	0.080025	vapor
1120.0	6.0000	27.974	0.035748	1199.6	1414.1	3.3670	1.0762	1.2731	507.24	0.19796	44.939	0.080134	vapor
1121.7	6.0000	27.932	0.035801	1201.4	1416.2	3.3689	1.0766	1.2735	507.60	0.19590	44.985	0.080242	vapor
1123.3	6.0000	27.890	0.035855	1203.2	1418.3	3.3708	1.0769	1.2738	507.97	0.19385	45.031	0.080351	vapor
1125.0	6.0000	27.848	0.035909	1205.0	1420.4	3.3727	1.0773	1.2741	508.33	0.19181	45.076	0.080459	vapor
1126.7	6.0000	27.807	0.035962	1206.8	1422.5	3.3745	1.0777	1.2745	508.69	0.18977	45.122	0.080568	vapor
1128.3	6.0000	27.766	0.036016	1208.6	1424.7	3.3764	1.0780	1.2748	509.05	0.18775	45.168	0.080676	vapor
1130.0	6.0000	27.724	0.036069	1210.4	1426.8	3.3783	1.0784	1.2751	509.42	0.18573	45.214	0.080784	vapor
1131.7	6.0000	27.683	0.036123	1212.2	1428.9	3.3802	1.0787	1.2755	509.78	0.18372	45.259	0.080892	vapor
1133.3	6.0000	27.642	0.036176	1214.0	1431.0	3.3821	1.0791	1.2758	510.14	0.18171	45.305	0.081000	vapor
1135.0	6.0000	27.602	0.036230	1215.8	1433.2	3.3839	1.0794	1.2761	510.50	0.17972	45.351	0.081108	vapor
1136.7	6.0000	27.561	0.036283	1217.6	1435.3	3.3858	1.0798	1.2765	510.86	0.17773	45.396	0.081216	vapor
1138.3	6.0000	27.520	0.036337	1219.4	1437.4	3.3877	1.0802	1.2768	511.22	0.17575	45.442	0.081324	vapor
1140.0	6.0000	27.480	0.036390	1221.2	1439.6	3.3896	1.0805	1.2771	511.58	0.17378	45.487	0.081432	vapor
1141.7	6.0000	27.439	0.036444	1223.0	1441.7	3.3914	1.0809	1.2774	511.94	0.17182	45.533	0.081540	vapor
1143.3	6.0000	27.399	0.036498	1224.8	1443.8	3.3933	1.0812	1.2778	512.30	0.16986	45.578	0.081647	vapor
1145.0	6.0000	27.359	0.036551	1226.6	1445.9	3.3951	1.0816	1.2781	512.66	0.16791	45.624	0.081755	vapor
1146.7	6.0000	27.319	0.036605	1228.4	1448.1	3.3970	1.0819	1.2784	513.02	0.16597	45.669	0.081863	vapor
1148.3	6.0000	27.279	0.036658	1230.3	1450.2	3.3989	1.0823	1.2787	513.37	0.16404	45.714	0.081970	vapor
1150.0	6.0000	27.239	0.036712	1232.1	1452.3	3.4007	1.0826	1.2790	513.73	0.16212	45.760	0.082078	vapor
1151.7	6.0000	27.200	0.036765	1233.9	1454.5	3.4026	1.0829	1.2794	514.09	0.16020	45.805	0.082185	vapor
1153.3	6.0000	27.160	0.036819	1235.7	1456.6	3.4044	1.0833	1.2797	514.45	0.15829	45.850	0.082292	vapor
1155.0	6.0000	27.121	0.036872	1237.5	1458.7	3.4063	1.0836	1.2800	514.81	0.15638	45.896	0.082399	vapor
1156.7	6.0000	27.082	0.036926	1239.3	1460.9	3.4081	1.0840	1.2803	515.16	0.15449	45.941	0.082507	vapor
1158.3	6.0000	27.042	0.036979	1241.1	1463.0	3.4100	1.0843	1.2806	515.52	0.15260	45.986	0.082614	vapor
1160.0	6.0000	27.003	0.037033	1242.9	1465.1	3.4118	1.0847	1.2810	515.88	0.15072	46.031	0.082721	vapor
1161.7	6.0000	26.964	0.037086	1244.8	1467.3	3.4136	1.0850	1.2813	516.23	0.14884	46.076	0.082828	vapor
1163.3	6.0000	26.926	0.037140	1246.6	1469.4	3.4155	1.0853	1.2816	516.59	0.14698	46.122	0.082934	vapor
1165.0	6.0000	26.887	0.037193	1248.4	1471.5	3.4173	1.0857	1.2819	516.94	0.14512	46.167	0.083041	vapor
1166.7	6.0000	26.848	0.037246	1250.2	1473.7	3.4191	1.0860	1.2822	517.30	0.14327	46.212	0.083148	vapor
1168.3	6.0000	26.810	0.037300	1252.0	1475.8	3.4210	1.0864	1.2825	517.66	0.14142	46.257	0.083255	vapor
1170.0	6.0000	26.771	0.037353	1253.8	1478.0	3.4228	1.0867	1.2828	518.01	0.13958	46.302	0.083361	vapor
1171.7	6.0000	26.733	0.037407	1255.7	1480.1	3.4246	1.0870	1.2831	518.37	0.13775	46.347	0.083468	vapor
1173.3	6.0000	26.695	0.037460	1257.5	1482.2	3.4265	1.0874	1.2835	518.72	0.13593	46.392	0.083574	vapor
1175.0	6.0000	26.657	0.037514	1259.3	1484.4	3.4283	1.0877	1.2838	519.07	0.13411	46.437	0.083681	vapor
1176.7	6.0000	26.619	0.037567	1261.1	1486.5	3.4301	1.0880	1.2841	519.43	0.13230	46.482	0.083787	vapor
1178.3	6.0000	26.581	0.037621	1262.9	1488.7	3.4319	1.0884	1.2844	519.78	0.13050	46.526	0.083893	vapor
1180.0	6.0000	26.543	0.037674	1264.8	1490.8	3.4337	1.0887	1.2847	520.13	0.12870	46.571	0.084000	vapor
1181.7	6.0000	26.506	0.037728	1266.6	1492.9	3.4355	1.0890	1.2850	520.49	0.12691	46.616	0.084106	vapor
1183.3	6.0000	26.468	0.037781	1268.4	1495.1	3.4374	1.0893	1.2853	520.84	0.12513	46.661	0.084212	vapor
1185.0	6.0000	26.431	0.037834	1270.2	1497.2	3.4392	1.0897	1.2856	521.19	0.12335	46.706	0.084318	vapor
1186.7	6.0000	26.394	0.037888	1272.0	1499.4	3.4410	1.0900	1.2859	521.55	0.12158	46.750	0.084424	vapor
1188.3	6.0000	26.356	0.037941	1273.9	1501.5	3.4428	1.0903	1.2862	521.90	0.11982	46.795	0.084530	vapor
1190.0	6.0000	26.319	0.037995	1275.7	1503.7	3.4446	1.0906	1.2865	522.25	0.11806	46.840	0.084636	vapor
1191.7	6.0000	26.282	0.038048	1277.5	1505.8	3.4464	1.0910	1.2868	522.60	0.11631	46.884	0.084741	vapor
1193.3	6.0000	26.246	0.038102	1279.3	1507.9	3.4482	1.0913	1.2871	522.95	0.11457	46.929	0.084847	vapor
1195.0	6.0000	26.209	0.038155	1281.2	1510.1	3.4500	1.0916	1.2874	523.30	0.11283	46.974	0.084953	vapor
1196.7	6.0000	26.172	0.038208	1283.0	1512.2	3.4518	1.0919	1.2877	523.65	0.11110	47.018	0.085058	vapor
1198.3	6.0000	26.136	0.038262	1284.8	1514.4	3.4536	1.0923	1.2880	524.00	0.10937	47.063	0.085164	vapor
1200.0	6.0000	26.099	0.038315	1286.6	1516.5	3.4553	1.0926	1.2883	524.35	0.10766	47.107	0.085269	vapor
1201.7	6.0000	26.063	0.038369	1288.5	1518.7	3.4571	1.0929	1.2886	524.70	0.10595	47.152	0.085375	vapor
1203.3	6.0000	26.027	0.038422	1290.3	1520.8	3.4589	1.0932	1.2889	525.05	0.10424	47.196	0.085480	vapor
1205.0	6.0000	25.991	0.038475	1292.1	1523.0	3.4607	1.0935	1.2892	525.40	0.10254	47.241	0.085585	vapor
1206.7	6.0000	25.955	0.038529	1293.9	1525.1	3.4625	1.0938	1.2895	525.75	0.10085	47.285	0.085690	vapor
1208.3	6.0000	25.919	0.038582	1295.8	1527.3	3.4643	1.0942	1.2898	526.10	0.099162	47.330	0.085795	vapor
1210.0	6.0000	25.883	0.038636	1297.6	1529.4	3.4660	1.0945	1.2901	526.45	0.097482	47.374	0.085900	vapor
1211.7	6.0000	25.847	0.038689	1299.4	1531.6	3.4678	1.0948	1.2904	526.80	0.095808	47.418	0.086005	vapor
1213.3	6.0000	25.812	0.038742	1301.3	1533.7	3.4696	1.0951	1.2906	527.15	0.094140	47.463	0.086110	vapor
1215.0	6.0000	25.776	0.038796	1303.1	1535.9	3.4714	1.0954	1.2909	527.50	0.092478	47.507	0.086215	vapor
1216.7	6.0000	25.741	0.038849	1304.9	1538.0	3.4731	1.0957	1.2912	527.84	0.090822	47.551	0.086320	vapor
1218.3	6.0000	25.705	0.038903	1306.8	1540.2	3.4749	1.0960	1.2915	528.19	0.089173	47.595	0.086425	vapor
1220.0	6.0000	25.670	0.038956	1308.6	1542.3	3.4767	1.0963	1.2918	528.54	0.087529	47.639	0.086529	vapor
1221.7	6.0000	25.635	0.039009	1310.4	1544.5	3.4784	1.0966	1.2921	528.89	0.085891	47.684	0.086634	vapor
1223.3	6.0000	25.600	0.039063	1312.3	1546.6	3.4802	1.0970	1.2924	529.23	0.084259	47.728	0.086738	vapor
1225.0	6.0000	25.565	0.039116	1314.1	1548.8	3.4820	1.0973	1.2927	529.58	0.082633	47.772	0.086843	vapor
1226.7	6.0000	25.530	0.039169	1315.9	1550.9	3.4837	1.0976	1.2929	529.92	0.081013	47.816	0.086947	vapor
1228.3	6.0000	25.495	0.039223	1317.8	1553.1	3.4855	1.0979	1.2932	530.27	0.079398	47.860	0.087052	vapor
1230.0	6.0000	25.461	0.039276	1319.6	1555.3	3.4872	1.0982	1.2935	530.62	0.077790	47.904	0.087156	vapor
1231.7	6.0000	25.426	0.039329	1321.4	1557.4	3.4890	1.0985	1.2938	530.96	0.076187	47.948	0.087260	vapor
1233.3	6.0000	25.392	0.039383	1323.3	1559.6	3.4907	1.0988	1.2941	531.31	0.074590	47.992	0.087364	vapor
1235.0	6.0000	25.357	0.039436	1325.1	1561.7	3.4925	1.0991	1.2944	531.65	0.072998	48.036	0.087468	vapor
1236.7	6.0000	25.323	0.039490	1326.9	1563.9	3.4942	1.0994	1.2946	532.00	0.071413	48.080	0.087572	vapor
1238.3	6.0000	25.289	0.039543	1328.8	1566.0	3.4960	1.0997	1.2949	532.34	0.069833	48.124	0.087676	vapor
1240.0	6.0000	25.255	0.039596	1330.6	1568.2	3.4977	1.1000	1.2952	532.69	0.068258	48.168	0.087780	vapor
1241.7	6.0000	25.221	0.039650	1332.5	1570.4	3.4994	1.1003	1.2955	533.03	0.066689	48.212	0.087884	vapor
1243.3	6.0000	25.187	0.039703	1334.3	1572.5	3.5012	1.1006	1.2958	533.37	0.065126	48.255	0.087988	vapor
1245.0	6.0000	25.153	0.039756	1336.1	1574.7	3.5029	1.1009	1.2960	533.72	0.063568	48.299	0.088092	vapor
1246.7	6.0000	25.120	0.039810	1338.0	1576.8	3.5047	1.1012	1.2963	534.06	0.062016	48.343	0.088195	vapor
1248.3	6.0000	25.086	0.039863	1339.8	1579.0	3.5064	1.1015	1.2966	534.40	0.060469	48.387	0.088299	vapor
1250.0	6.0000	25.052	0.039916	1341.7	1581.2	3.5081	1.1018	1.2969	534.75	0.058928	48.431	0.088402	vapor
1251.7	6.0000	25.019	0.039970	1343.5	1583.3	3.5098	1.1021	1.2971	535.09	0.057392	48.474	0.088506	vapor
1253.3	6.0000	24.986	0.040023	1345.3	1585.5	3.5116	1.1024	1.2974	535.43	0.055861	48.518	0.088609	vapor
1255.0	6.0000	24.952	0.040076	1347.2	1587.6	3.5133	1.1026	1.2977	535.77	0.054336	48.562	0.088713	vapor
1256.7	6.0000	24.919	0.040129	1349.0	1589.8	3.5150	1.1029	1.2980	536.11	0.052816	48.605	0.088816	vapor
1258.3	6.0000	24.886	0.040183	1350.9	1592.0	3.5167	1.1032	1.2982	536.46	0.051302	48.649	0.088919	vapor
1260.0	6.0000	24.853	0.040236	1352.7	1594.1	3.5185	1.1035	1.2985	536.80	0.049792	48.692	0.089022	vapor
1261.7	6.0000	24.820	0.040289	1354.6	1596.3	3.5202	1.1038	1.2988	537.14	0.048288	48.736	0.089125	vapor
1263.3	6.0000	24.788	0.040343	1356.4	1598.5	3.5219	1.1041	1.2990	537.48	0.046790	48.780	0.089228	vapor
1265.0	6.0000	24.755	0.040396	1358.3	1600.6	3.5236	1.1044	1.2993	537.82	0.045296	48.823	0.089331	vapor
1266.7	6.0000	24.722	0.040449	1360.1	1602.8	3.5253	1.1047	1.2996	538.16	0.043808	48.867	0.089434	vapor
1268.3	6.0000	24.690	0.040503	1361.9	1605.0	3.5270	1.1050	1.2998	538.50	0.042324	48.910	0.089537	vapor
1270.0	6.0000	24.657	0.040556	1363.8	1607.1	3.5287	1.1052	1.3001	538.84	0.040846	48.953	0.089640	vapor
1271.7	6.0000	24.625	0.040609	1365.6	1609.3	3.5304	1.1055	1.3004	539.18	0.039373	48.997	0.089742	vapor
1273.3	6.0000	24.593	0.040662	1367.5	1611.5	3.5321	1.1058	1.3006	539.52	0.037905	49.040	0.089845	vapor
1275.0	6.0000	24.561	0.040716	1369.3	1613.6	3.5338	1.1061	1.3009	539.86	0.036442	49.084	0.089948	vapor
1276.7	6.0000	24.528	0.040769	1371.2	1615.8	3.5355	1.1064	1.3012	540.20	0.034984	49.127	0.090050	vapor
1278.3	6.0000	24.496	0.040822	1373.0	1618.0	3.5372	1.1067	1.3014	540.54	0.033531	49.170	0.090153	vapor
1280.0	6.0000	24.464	0.040876	1374.9	1620.1	3.5389	1.1069	1.3017	540.88	0.032083	49.214	0.090255	vapor
1281.7	6.0000	24.433	0.040929	1376.7	1622.3	3.5406	1.1072	1.3020	541.22	0.030640	49.257	0.090357	vapor
1283.3	6.0000	24.401	0.040982	1378.6	1624.5	3.5423	1.1075	1.3022	541.55	0.029202	49.300	0.090460	vapor
1285.0	6.0000	24.369	0.041035	1380.4	1626.6	3.5440	1.1078	1.3025	541.89	0.027769	49.343	0.090562	vapor
1286.7	6.0000	24.338	0.041089	1382.3	1628.8	3.5457	1.1081	1.3027	542.23	0.026341	49.386	0.090664	vapor
1288.3	6.0000	24.306	0.041142	1384.1	1631.0	3.5474	1.1083	1.3030	542.57	0.024917	49.430	0.090766	vapor
1290.0	6.0000	24.275	0.041195	1386.0	1633.2	3.5491	1.1086	1.3033	542.90	0.023499	49.473	0.090868	vapor
1291.7	6.0000	24.243	0.041248	1387.8	1635.3	3.5507	1.1089	1.3035	543.24	0.022085	49.516	0.090970	vapor
1293.3	6.0000	24.212	0.041302	1389.7	1637.5	3.5524	1.1092	1.3038	543.58	0.020676	49.559	0.091072	vapor
1295.0	6.0000	24.181	0.041355	1391.5	1639.7	3.5541	1.1094	1.3040	543.91	0.019271	49.602	0.091174	vapor
1296.7	6.0000	24.150	0.041408	1393.4	1641.9	3.5558	1.1097	1.3043	544.25	0.017872	49.645	0.091276	vapor
1298.3	6.0000	24.119	0.041462	1395.3	1644.0	3.5575	1.1100	1.3045	544.59	0.016477	49.688	0.091377	vapor
1300.0	6.0000	24.088	0.041515	1397.1	1646.2	3.5591	1.1103	1.3048	544.92	0.015086	49.731	0.091479	vapor