Temperature (K)	Pressure (MPa)	Density (kg/m3)	Volume (m3/kg)	Internal Energy (kJ/kg)	Enthalpy (kJ/kg)	Entropy (J/g*K)	Cv (J/g*K)	Cp (J/g*K)	Sound Spd. (m/s)	Joule-Thomson (K/MPa)	Viscosity (uPa*s)	Therm. Cond. (W/m*K)	Phase
300.00	7.0000	706.06	0.0014163	268.53	278.44	1.2580	1.0529	5.9775	281.10	2.2042	56.761	0.079648	liquid
301.67	7.0000	648.64	0.0015417	280.89	291.68	1.3020	1.1753	12.068	222.94	3.2007	49.480	0.082386	liquid
303.33	7.0000	263.51	0.0037950	367.56	394.13	1.6413	1.1384	7.4767	192.78	8.8488	20.797	0.047798	vapor
305.00	7.0000	243.08	0.0041138	375.44	404.23	1.6746	1.0602	5.0681	199.60	9.0189	20.116	0.041092	vapor
306.67	7.0000	229.43	0.0043586	381.22	411.73	1.6991	1.0133	4.0354	204.61	9.0613	19.727	0.037550	vapor
308.33	7.0000	219.05	0.0045653	385.96	417.92	1.7192	0.98047	3.4423	208.72	9.0464	19.470	0.035260	vapor
310.00	7.0000	210.63	0.0047478	390.08	423.31	1.7366	0.95569	3.0512	212.29	8.9999	19.291	0.033632	vapor
311.67	7.0000	203.53	0.0049133	393.76	428.15	1.7522	0.93611	2.7713	215.47	8.9342	19.161	0.032408	vapor
313.33	7.0000	197.39	0.0050662	397.12	432.59	1.7664	0.92013	2.5598	218.37	8.8563	19.067	0.031453	vapor
315.00	7.0000	191.97	0.0052092	400.24	436.71	1.7795	0.90676	2.3936	221.05	8.7706	18.999	0.030688	vapor
316.67	7.0000	187.12	0.0053440	403.17	440.58	1.7918	0.89537	2.2591	223.55	8.6797	18.950	0.030065	vapor
318.33	7.0000	182.74	0.0054722	405.95	444.25	1.8034	0.88552	2.1477	225.92	8.5857	18.917	0.029551	vapor
320.00	7.0000	178.74	0.0055947	408.59	447.75	1.8143	0.87690	2.0539	228.16	8.4896	18.896	0.029121	vapor
321.67	7.0000	175.06	0.0057124	411.12	451.11	1.8248	0.86929	1.9736	230.29	8.3925	18.886	0.028760	vapor
323.33	7.0000	171.65	0.0058257	413.56	454.34	1.8348	0.86253	1.9041	232.34	8.2949	18.884	0.028454	vapor
325.00	7.0000	168.48	0.0059354	415.91	457.46	1.8444	0.85650	1.8433	234.30	8.1973	18.890	0.028195	vapor
326.67	7.0000	165.52	0.0060417	418.19	460.48	1.8537	0.85109	1.7896	236.20	8.1001	18.901	0.027975	vapor
328.33	7.0000	162.73	0.0061451	420.41	463.43	1.8627	0.84622	1.7419	238.03	8.0035	18.919	0.027788	vapor
330.00	7.0000	160.11	0.0062457	422.57	466.29	1.8714	0.84183	1.6992	239.80	7.9076	18.940	0.027630	vapor
331.67	7.0000	157.63	0.0063439	424.68	469.09	1.8799	0.83787	1.6607	241.52	7.8126	18.966	0.027496	vapor
333.33	7.0000	155.28	0.0064399	426.75	471.83	1.8881	0.83428	1.6259	243.19	7.7187	18.995	0.027383	vapor
335.00	7.0000	153.05	0.0065339	428.78	474.51	1.8961	0.83102	1.5942	244.81	7.6259	19.028	0.027290	vapor
336.67	7.0000	150.92	0.0066260	430.76	477.15	1.9040	0.82807	1.5653	246.40	7.5343	19.063	0.027213	vapor
338.33	7.0000	148.89	0.0067163	432.72	479.73	1.9116	0.82538	1.5388	247.94	7.4438	19.101	0.027150	vapor
340.00	7.0000	146.95	0.0068050	434.64	482.28	1.9191	0.82293	1.5144	249.45	7.3547	19.141	0.027101	vapor
341.67	7.0000	145.09	0.0068923	436.54	484.78	1.9265	0.82071	1.4919	250.93	7.2668	19.184	0.027064	vapor
343.33	7.0000	143.31	0.0069781	438.40	487.25	1.9337	0.81867	1.4710	252.38	7.1801	19.228	0.027037	vapor
345.00	7.0000	141.59	0.0070626	440.25	489.69	1.9408	0.81682	1.4517	253.79	7.0948	19.273	0.027020	vapor
346.67	7.0000	139.94	0.0071458	442.07	492.09	1.9477	0.81514	1.4337	255.18	7.0108	19.321	0.027012	vapor
348.33	7.0000	138.35	0.0072280	443.87	494.47	1.9546	0.81360	1.4169	256.55	6.9281	19.369	0.027011	vapor
350.00	7.0000	136.82	0.0073090	445.65	496.81	1.9613	0.81220	1.4012	257.89	6.8467	19.419	0.027018	vapor
351.67	7.0000	135.34	0.0073890	447.41	499.14	1.9679	0.81092	1.3866	259.20	6.7666	19.470	0.027032	vapor
353.33	7.0000	133.91	0.0074680	449.16	501.44	1.9744	0.80976	1.3728	260.50	6.6877	19.522	0.027052	vapor
355.00	7.0000	132.52	0.0075460	450.89	503.71	1.9809	0.80871	1.3599	261.77	6.6101	19.575	0.027077	vapor
356.67	7.0000	131.18	0.0076232	452.61	505.97	1.9872	0.80777	1.3477	263.02	6.5337	19.629	0.027107	vapor
358.33	7.0000	129.88	0.0076996	454.31	508.21	1.9935	0.80691	1.3362	264.25	6.4586	19.684	0.027143	vapor
360.00	7.0000	128.61	0.0077752	456.00	510.42	1.9996	0.80615	1.3254	265.47	6.3846	19.740	0.027183	vapor
361.67	7.0000	127.39	0.0078500	457.67	512.62	2.0057	0.80546	1.3152	266.67	6.3119	19.796	0.027227	vapor
363.33	7.0000	126.20	0.0079240	459.34	514.81	2.0118	0.80486	1.3056	267.85	6.2402	19.853	0.027274	vapor
365.00	7.0000	125.04	0.0079974	460.99	516.98	2.0177	0.80432	1.2964	269.02	6.1698	19.910	0.027326	vapor
366.67	7.0000	123.91	0.0080701	462.64	519.13	2.0236	0.80385	1.2878	270.17	6.1004	19.968	0.027381	vapor
368.33	7.0000	122.82	0.0081422	464.27	521.27	2.0294	0.80345	1.2796	271.30	6.0322	20.027	0.027439	vapor
370.00	7.0000	121.75	0.0082137	465.90	523.40	2.0352	0.80311	1.2718	272.42	5.9650	20.086	0.027500	vapor
371.67	7.0000	120.71	0.0082845	467.52	525.51	2.0409	0.80283	1.2644	273.53	5.8989	20.146	0.027564	vapor
373.33	7.0000	119.69	0.0083549	469.13	527.61	2.0465	0.80260	1.2574	274.63	5.8338	20.206	0.027630	vapor
375.00	7.0000	118.70	0.0084246	470.73	529.70	2.0521	0.80242	1.2507	275.71	5.7698	20.266	0.027699	vapor
376.67	7.0000	117.73	0.0084939	472.32	531.78	2.0576	0.80229	1.2443	276.78	5.7068	20.327	0.027770	vapor
378.33	7.0000	116.79	0.0085627	473.91	533.85	2.0631	0.80220	1.2383	277.84	5.6447	20.388	0.027844	vapor
380.00	7.0000	115.86	0.0086309	475.49	535.91	2.0685	0.80216	1.2325	278.88	5.5836	20.449	0.027919	vapor
381.67	7.0000	114.96	0.0086987	477.07	537.96	2.0739	0.80216	1.2270	279.92	5.5235	20.511	0.027997	vapor
383.33	7.0000	114.08	0.0087661	478.63	540.00	2.0793	0.80220	1.2217	280.94	5.4642	20.573	0.028076	vapor
385.00	7.0000	113.21	0.0088330	480.20	542.03	2.0845	0.80227	1.2167	281.96	5.4059	20.635	0.028158	vapor
386.67	7.0000	112.37	0.0088995	481.76	544.05	2.0898	0.80238	1.2119	282.96	5.3485	20.698	0.028241	vapor
388.33	7.0000	111.54	0.0089656	483.31	546.07	2.0950	0.80253	1.2073	283.95	5.2920	20.761	0.028325	vapor
390.00	7.0000	110.73	0.0090313	484.86	548.08	2.1002	0.80271	1.2030	284.94	5.2363	20.824	0.028411	vapor
391.67	7.0000	109.93	0.0090967	486.40	550.08	2.1053	0.80292	1.1988	285.92	5.1814	20.887	0.028499	vapor
393.33	7.0000	109.15	0.0091616	487.94	552.07	2.1104	0.80315	1.1948	286.88	5.1274	20.950	0.028588	vapor
395.00	7.0000	108.39	0.0092262	489.48	554.06	2.1154	0.80342	1.1910	287.84	5.0742	21.013	0.028678	vapor
396.67	7.0000	107.64	0.0092905	491.01	556.04	2.1204	0.80371	1.1873	288.79	5.0218	21.077	0.028769	vapor
398.33	7.0000	106.90	0.0093544	492.54	558.02	2.1254	0.80403	1.1838	289.73	4.9701	21.141	0.028862	vapor
400.00	7.0000	106.18	0.0094180	494.06	559.99	2.1303	0.80437	1.1805	290.66	4.9192	21.205	0.028956	vapor
401.67	7.0000	105.47	0.0094813	495.59	561.95	2.1352	0.80474	1.1773	291.59	4.8691	21.269	0.029051	vapor
403.33	7.0000	104.78	0.0095443	497.10	563.91	2.1401	0.80512	1.1742	292.51	4.8197	21.333	0.029147	vapor
405.00	7.0000	104.09	0.0096069	498.62	565.87	2.1449	0.80553	1.1713	293.42	4.7710	21.397	0.029244	vapor
406.67	7.0000	103.42	0.0096693	500.13	567.82	2.1497	0.80596	1.1685	294.32	4.7231	21.461	0.029342	vapor
408.33	7.0000	102.76	0.0097314	501.64	569.76	2.1545	0.80641	1.1658	295.22	4.6758	21.526	0.029441	vapor
410.00	7.0000	102.11	0.0097933	503.15	571.70	2.1592	0.80688	1.1632	296.11	4.6292	21.590	0.029541	vapor
411.67	7.0000	101.47	0.0098548	504.66	573.64	2.1640	0.80736	1.1607	296.99	4.5832	21.655	0.029642	vapor
413.33	7.0000	100.85	0.0099161	506.16	575.57	2.1686	0.80787	1.1584	297.87	4.5380	21.719	0.029743	vapor
415.00	7.0000	100.23	0.0099772	507.66	577.50	2.1733	0.80839	1.1561	298.74	4.4933	21.784	0.029845	vapor
416.67	7.0000	99.621	0.010038	509.16	579.43	2.1779	0.80892	1.1539	299.60	4.4493	21.849	0.029948	vapor
418.33	7.0000	99.024	0.010099	510.66	581.35	2.1825	0.80947	1.1518	300.46	4.4059	21.914	0.030052	vapor
420.00	7.0000	98.436	0.010159	512.15	583.27	2.1871	0.81003	1.1499	301.31	4.3631	21.978	0.030157	vapor
421.67	7.0000	97.857	0.010219	513.65	585.18	2.1917	0.81061	1.1480	302.16	4.3210	22.043	0.030262	vapor
423.33	7.0000	97.287	0.010279	515.14	587.09	2.1962	0.81120	1.1461	303.00	4.2794	22.108	0.030368	vapor
425.00	7.0000	96.725	0.010339	516.63	589.00	2.2007	0.81181	1.1444	303.83	4.2383	22.173	0.030474	vapor
426.67	7.0000	96.172	0.010398	518.12	590.91	2.2052	0.81242	1.1427	304.66	4.1979	22.238	0.030581	vapor
428.33	7.0000	95.627	0.010457	519.61	592.81	2.2096	0.81305	1.1411	305.48	4.1579	22.303	0.030689	vapor
430.00	7.0000	95.090	0.010516	521.10	594.71	2.2140	0.81369	1.1396	306.30	4.1186	22.368	0.030797	vapor
431.67	7.0000	94.561	0.010575	522.58	596.61	2.2184	0.81434	1.1381	307.12	4.0797	22.433	0.030906	vapor
433.33	7.0000	94.039	0.010634	524.07	598.51	2.2228	0.81500	1.1367	307.92	4.0414	22.498	0.031015	vapor
435.00	7.0000	93.525	0.010692	525.55	600.40	2.2272	0.81567	1.1354	308.73	4.0036	22.563	0.031124	vapor
436.67	7.0000	93.018	0.010751	527.04	602.29	2.2315	0.81635	1.1341	309.53	3.9663	22.628	0.031235	vapor
438.33	7.0000	92.518	0.010809	528.52	604.18	2.2358	0.81704	1.1329	310.32	3.9295	22.693	0.031345	vapor
440.00	7.0000	92.025	0.010867	530.00	606.07	2.2401	0.81773	1.1317	311.11	3.8932	22.758	0.031456	vapor
441.67	7.0000	91.538	0.010924	531.48	607.95	2.2444	0.81844	1.1306	311.89	3.8573	22.823	0.031567	vapor
443.33	7.0000	91.058	0.010982	532.96	609.84	2.2487	0.81915	1.1295	312.67	3.8220	22.888	0.031679	vapor
445.00	7.0000	90.584	0.011039	534.44	611.72	2.2529	0.81987	1.1285	313.45	3.7871	22.953	0.031791	vapor
446.67	7.0000	90.117	0.011097	535.92	613.60	2.2571	0.82060	1.1275	314.22	3.7526	23.018	0.031903	vapor
448.33	7.0000	89.655	0.011154	537.40	615.48	2.2613	0.82134	1.1266	314.99	3.7186	23.083	0.032015	vapor
450.00	7.0000	89.200	0.011211	538.88	617.35	2.2655	0.82208	1.1258	315.75	3.6850	23.148	0.032127	vapor
451.67	7.0000	88.750	0.011268	540.35	619.23	2.2697	0.82283	1.1249	316.51	3.6519	23.213	0.032239	vapor
453.33	7.0000	88.306	0.011324	541.83	621.10	2.2738	0.82358	1.1241	317.26	3.6192	23.278	0.032351	vapor
455.00	7.0000	87.867	0.011381	543.31	622.98	2.2779	0.82434	1.1234	318.01	3.5868	23.343	0.032461	vapor
456.67	7.0000	87.434	0.011437	544.79	624.85	2.2820	0.82511	1.1227	318.76	3.5549	23.408	0.032566	vapor
458.33	7.0000	87.006	0.011493	546.26	626.72	2.2861	0.82588	1.1220	319.50	3.5234	23.473	0.032685	vapor
460.00	7.0000	86.584	0.011550	547.74	628.59	2.2902	0.82666	1.1214	320.24	3.4923	23.538	0.032804	vapor
461.67	7.0000	86.166	0.011605	549.22	630.46	2.2943	0.82744	1.1208	320.98	3.4616	23.603	0.032923	vapor
463.33	7.0000	85.753	0.011661	550.69	632.32	2.2983	0.82822	1.1202	321.71	3.4313	23.667	0.033042	vapor
465.00	7.0000	85.346	0.011717	552.17	634.19	2.3023	0.82902	1.1197	322.44	3.4013	23.732	0.033161	vapor
466.67	7.0000	84.943	0.011773	553.65	636.05	2.3063	0.82981	1.1192	323.17	3.3717	23.797	0.033281	vapor
468.33	7.0000	84.544	0.011828	555.12	637.92	2.3103	0.83061	1.1187	323.89	3.3425	23.861	0.033401	vapor
470.00	7.0000	84.151	0.011883	556.60	639.78	2.3143	0.83141	1.1183	324.61	3.3136	23.926	0.033521	vapor
471.67	7.0000	83.762	0.011939	558.08	641.65	2.3182	0.83222	1.1178	325.32	3.2851	23.991	0.033642	vapor
473.33	7.0000	83.377	0.011994	559.55	643.51	2.3222	0.83303	1.1175	326.03	3.2569	24.055	0.033763	vapor
475.00	7.0000	82.996	0.012049	561.03	645.37	2.3261	0.83385	1.1171	326.74	3.2291	24.120	0.033883	vapor
476.67	7.0000	82.620	0.012104	562.51	647.23	2.3300	0.83466	1.1168	327.45	3.2015	24.184	0.034005	vapor
478.33	7.0000	82.248	0.012158	563.99	649.09	2.3339	0.83548	1.1165	328.15	3.1744	24.249	0.034126	vapor
480.00	7.0000	81.880	0.012213	565.46	650.96	2.3378	0.83631	1.1162	328.85	3.1475	24.313	0.034247	vapor
481.67	7.0000	81.516	0.012268	566.94	652.82	2.3417	0.83713	1.1159	329.54	3.1210	24.377	0.034369	vapor
483.33	7.0000	81.155	0.012322	568.42	654.68	2.3455	0.83796	1.1157	330.23	3.0947	24.442	0.034491	vapor
485.00	7.0000	80.799	0.012376	569.90	656.53	2.3494	0.83879	1.1155	330.92	3.0688	24.506	0.034613	vapor
486.67	7.0000	80.446	0.012431	571.38	658.39	2.3532	0.83963	1.1153	331.61	3.0432	24.570	0.034735	vapor
488.33	7.0000	80.098	0.012485	572.86	660.25	2.3570	0.84046	1.1151	332.30	3.0178	24.634	0.034857	vapor
490.00	7.0000	79.752	0.012539	574.34	662.11	2.3608	0.84130	1.1150	332.98	2.9928	24.698	0.034980	vapor
491.67	7.0000	79.411	0.012593	575.82	663.97	2.3646	0.84214	1.1149	333.65	2.9681	24.762	0.035102	vapor
493.33	7.0000	79.072	0.012647	577.30	665.83	2.3684	0.84298	1.1148	334.33	2.9436	24.826	0.035225	vapor
495.00	7.0000	78.738	0.012700	578.78	667.68	2.3721	0.84382	1.1147	335.00	2.9194	24.890	0.035348	vapor
496.67	7.0000	78.406	0.012754	580.26	669.54	2.3759	0.84467	1.1146	335.67	2.8955	24.954	0.035471	vapor
498.33	7.0000	78.078	0.012808	581.75	671.40	2.3796	0.84551	1.1146	336.34	2.8719	25.018	0.035594	vapor
500.00	7.0000	77.754	0.012861	583.23	673.26	2.3833	0.84636	1.1145	337.01	2.8485	25.082	0.035717	vapor
501.67	7.0000	77.432	0.012915	584.71	675.12	2.3870	0.84721	1.1145	337.67	2.8254	25.145	0.035841	vapor
503.33	7.0000	77.114	0.012968	586.20	676.97	2.3907	0.84806	1.1145	338.33	2.8025	25.209	0.035964	vapor
505.00	7.0000	76.798	0.013021	587.68	678.83	2.3944	0.84891	1.1145	338.99	2.7799	25.273	0.036088	vapor
506.67	7.0000	76.486	0.013074	589.17	680.69	2.3981	0.84976	1.1146	339.64	2.7576	25.336	0.036212	vapor
508.33	7.0000	76.177	0.013127	590.65	682.55	2.4017	0.85062	1.1146	340.29	2.7355	25.400	0.036336	vapor
510.00	7.0000	75.870	0.013180	592.14	684.40	2.4054	0.85147	1.1147	340.94	2.7136	25.463	0.036460	vapor
511.67	7.0000	75.567	0.013233	593.63	686.26	2.4090	0.85233	1.1147	341.59	2.6920	25.526	0.036584	vapor
513.33	7.0000	75.266	0.013286	595.12	688.12	2.4127	0.85318	1.1148	342.24	2.6706	25.590	0.036708	vapor
515.00	7.0000	74.969	0.013339	596.60	689.98	2.4163	0.85404	1.1149	342.88	2.6494	25.653	0.036833	vapor
516.67	7.0000	74.674	0.013392	598.09	691.84	2.4199	0.85490	1.1150	343.52	2.6285	25.716	0.036957	vapor
518.33	7.0000	74.382	0.013444	599.58	693.69	2.4235	0.85575	1.1152	344.16	2.6078	25.779	0.037082	vapor
520.00	7.0000	74.092	0.013497	601.08	695.55	2.4270	0.85661	1.1153	344.79	2.5873	25.842	0.037206	vapor
521.67	7.0000	73.805	0.013549	602.57	697.41	2.4306	0.85747	1.1155	345.43	2.5670	25.905	0.037331	vapor
523.33	7.0000	73.521	0.013602	604.06	699.27	2.4342	0.85833	1.1156	346.06	2.5470	25.968	0.037456	vapor
525.00	7.0000	73.239	0.013654	605.55	701.13	2.4377	0.85919	1.1158	346.69	2.5271	26.031	0.037581	vapor
526.67	7.0000	72.960	0.013706	607.05	702.99	2.4413	0.86004	1.1160	347.32	2.5075	26.094	0.037706	vapor
528.33	7.0000	72.683	0.013758	608.54	704.85	2.4448	0.86090	1.1162	347.94	2.4881	26.157	0.037831	vapor
530.00	7.0000	72.408	0.013811	610.04	706.71	2.4483	0.86176	1.1164	348.56	2.4689	26.220	0.037956	vapor
531.67	7.0000	72.137	0.013863	611.53	708.57	2.4518	0.86262	1.1166	349.18	2.4498	26.282	0.038081	vapor
533.33	7.0000	71.867	0.013915	613.03	710.43	2.4553	0.86348	1.1168	349.80	2.4310	26.345	0.038207	vapor
535.00	7.0000	71.600	0.013967	614.53	712.29	2.4588	0.86434	1.1171	350.42	2.4124	26.407	0.038332	vapor
536.67	7.0000	71.335	0.014018	616.03	714.16	2.4623	0.86520	1.1173	351.04	2.3939	26.470	0.038458	vapor
538.33	7.0000	71.072	0.014070	617.53	716.02	2.4657	0.86605	1.1176	351.65	2.3757	26.532	0.038583	vapor
540.00	7.0000	70.812	0.014122	619.03	717.88	2.4692	0.86691	1.1178	352.26	2.3576	26.595	0.038709	vapor
541.67	7.0000	70.553	0.014174	620.53	719.74	2.4726	0.86777	1.1181	352.87	2.3397	26.657	0.038834	vapor
543.33	7.0000	70.297	0.014225	622.03	721.61	2.4761	0.86862	1.1184	353.48	2.3220	26.719	0.038960	vapor
545.00	7.0000	70.043	0.014277	623.53	723.47	2.4795	0.86948	1.1187	354.08	2.3045	26.781	0.039086	vapor
546.67	7.0000	69.792	0.014328	625.04	725.34	2.4829	0.87034	1.1190	354.69	2.2872	26.843	0.039212	vapor
548.33	7.0000	69.542	0.014380	626.54	727.20	2.4863	0.87119	1.1193	355.29	2.2700	26.905	0.039337	vapor
550.00	7.0000	69.294	0.014431	628.05	729.07	2.4897	0.87205	1.1196	355.89	2.2530	26.967	0.039463	vapor
551.67	7.0000	69.048	0.014483	629.56	730.93	2.4931	0.87290	1.1199	356.48	2.2362	27.029	0.039589	vapor
553.33	7.0000	68.805	0.014534	631.06	732.80	2.4965	0.87376	1.1202	357.08	2.2195	27.091	0.039715	vapor
555.00	7.0000	68.563	0.014585	632.57	734.67	2.4998	0.87461	1.1206	357.68	2.2030	27.153	0.039841	vapor
556.67	7.0000	68.323	0.014636	634.08	736.54	2.5032	0.87546	1.1209	358.27	2.1866	27.215	0.039967	vapor
558.33	7.0000	68.085	0.014687	635.59	738.41	2.5066	0.87631	1.1213	358.86	2.1704	27.276	0.040093	vapor
560.00	7.0000	67.849	0.014739	637.10	740.27	2.5099	0.87716	1.1216	359.45	2.1544	27.338	0.040220	vapor
561.67	7.0000	67.615	0.014790	638.62	742.14	2.5132	0.87801	1.1220	360.04	2.1385	27.399	0.040346	vapor
563.33	7.0000	67.383	0.014841	640.13	744.01	2.5166	0.87886	1.1223	360.62	2.1228	27.461	0.040472	vapor
565.00	7.0000	67.153	0.014891	641.64	745.89	2.5199	0.87971	1.1227	361.21	2.1073	27.522	0.040598	vapor
566.67	7.0000	66.924	0.014942	643.16	747.76	2.5232	0.88056	1.1231	361.79	2.0918	27.583	0.040725	vapor
568.33	7.0000	66.697	0.014993	644.68	749.63	2.5265	0.88140	1.1235	362.37	2.0766	27.645	0.040851	vapor
570.00	7.0000	66.472	0.015044	646.19	751.50	2.5298	0.88225	1.1239	362.95	2.0614	27.706	0.040977	vapor
571.67	7.0000	66.248	0.015095	647.71	753.38	2.5331	0.88309	1.1242	363.53	2.0464	27.767	0.041104	vapor
573.33	7.0000	66.027	0.015145	649.23	755.25	2.5363	0.88394	1.1246	364.10	2.0316	27.828	0.041230	vapor
575.00	7.0000	65.807	0.015196	650.75	757.12	2.5396	0.88478	1.1250	364.68	2.0169	27.889	0.041356	vapor
576.67	7.0000	65.588	0.015247	652.27	759.00	2.5428	0.88562	1.1255	365.25	2.0023	27.950	0.041483	vapor
578.33	7.0000	65.371	0.015297	653.79	760.88	2.5461	0.88646	1.1259	365.82	1.9879	28.011	0.041609	vapor
580.00	7.0000	65.156	0.015348	655.32	762.75	2.5493	0.88730	1.1263	366.39	1.9736	28.072	0.041736	vapor
581.67	7.0000	64.943	0.015398	656.84	764.63	2.5526	0.88814	1.1267	366.96	1.9594	28.132	0.041862	vapor
583.33	7.0000	64.731	0.015449	658.37	766.51	2.5558	0.88897	1.1271	367.53	1.9454	28.193	0.041989	vapor
585.00	7.0000	64.520	0.015499	659.89	768.39	2.5590	0.88981	1.1276	368.09	1.9315	28.254	0.042115	vapor
586.67	7.0000	64.311	0.015549	661.42	770.27	2.5622	0.89064	1.1280	368.66	1.9177	28.314	0.042242	vapor
588.33	7.0000	64.104	0.015600	662.95	772.15	2.5654	0.89147	1.1284	369.22	1.9041	28.375	0.042368	vapor
590.00	7.0000	63.898	0.015650	664.48	774.03	2.5686	0.89231	1.1289	369.78	1.8905	28.435	0.042495	vapor
591.67	7.0000	63.694	0.015700	666.01	775.91	2.5718	0.89314	1.1293	370.34	1.8771	28.496	0.042621	vapor
593.33	7.0000	63.491	0.015750	667.54	777.79	2.5750	0.89397	1.1298	370.90	1.8638	28.556	0.042748	vapor
595.00	7.0000	63.289	0.015800	669.07	779.68	2.5781	0.89479	1.1302	371.46	1.8507	28.616	0.042874	vapor
596.67	7.0000	63.089	0.015851	670.61	781.56	2.5813	0.89562	1.1307	372.01	1.8376	28.676	0.043001	vapor
598.33	7.0000	62.891	0.015901	672.14	783.44	2.5845	0.89645	1.1311	372.57	1.8247	28.736	0.043128	vapor
600.00	7.0000	62.694	0.015951	673.68	785.33	2.5876	0.89727	1.1316	373.12	1.8119	28.796	0.043254	vapor
601.67	7.0000	62.498	0.016001	675.21	787.22	2.5907	0.89809	1.1321	373.67	1.7992	28.856	0.043381	vapor
603.33	7.0000	62.303	0.016051	676.75	789.10	2.5939	0.89891	1.1325	374.22	1.7866	28.916	0.043507	vapor
605.00	7.0000	62.110	0.016100	678.29	790.99	2.5970	0.89973	1.1330	374.77	1.7741	28.976	0.043634	vapor
606.67	7.0000	61.918	0.016150	679.83	792.88	2.6001	0.90055	1.1335	375.32	1.7617	29.036	0.043760	vapor
608.33	7.0000	61.728	0.016200	681.37	794.77	2.6032	0.90137	1.1339	375.86	1.7495	29.096	0.043887	vapor
610.00	7.0000	61.539	0.016250	682.91	796.66	2.6063	0.90218	1.1344	376.41	1.7373	29.155	0.044013	vapor
611.67	7.0000	61.351	0.016300	684.45	798.55	2.6094	0.90300	1.1349	376.95	1.7252	29.215	0.044140	vapor
613.33	7.0000	61.164	0.016349	686.00	800.44	2.6125	0.90381	1.1354	377.49	1.7133	29.274	0.044267	vapor
615.00	7.0000	60.979	0.016399	687.54	802.34	2.6156	0.90462	1.1359	378.03	1.7014	29.334	0.044393	vapor
616.67	7.0000	60.795	0.016449	689.09	804.23	2.6187	0.90543	1.1364	378.57	1.6897	29.393	0.044520	vapor
618.33	7.0000	60.612	0.016498	690.63	806.12	2.6217	0.90624	1.1369	379.11	1.6781	29.452	0.044646	vapor
620.00	7.0000	60.430	0.016548	692.18	808.02	2.6248	0.90704	1.1373	379.65	1.6665	29.512	0.044773	vapor
621.67	7.0000	60.250	0.016598	693.73	809.91	2.6279	0.90785	1.1378	380.19	1.6551	29.571	0.044899	vapor
623.33	7.0000	60.070	0.016647	695.28	811.81	2.6309	0.90865	1.1383	380.72	1.6437	29.630	0.045026	vapor
625.00	7.0000	59.892	0.016697	696.83	813.71	2.6339	0.90945	1.1388	381.25	1.6325	29.689	0.045152	vapor
626.67	7.0000	59.715	0.016746	698.39	815.61	2.6370	0.91025	1.1393	381.79	1.6213	29.748	0.045278	vapor
628.33	7.0000	59.540	0.016796	699.94	817.51	2.6400	0.91105	1.1398	382.32	1.6102	29.807	0.045405	vapor
630.00	7.0000	59.365	0.016845	701.49	819.41	2.6430	0.91185	1.1403	382.85	1.5993	29.866	0.045531	vapor
631.67	7.0000	59.192	0.016894	703.05	821.31	2.6460	0.91265	1.1409	383.38	1.5884	29.925	0.045658	vapor
633.33	7.0000	59.019	0.016944	704.60	823.21	2.6490	0.91344	1.1414	383.90	1.5776	29.984	0.045784	vapor
635.00	7.0000	58.848	0.016993	706.16	825.11	2.6520	0.91423	1.1419	384.43	1.5669	30.042	0.045910	vapor
636.67	7.0000	58.678	0.017042	707.72	827.02	2.6550	0.91502	1.1424	384.96	1.5563	30.101	0.046037	vapor
638.33	7.0000	58.509	0.017091	709.28	828.92	2.6580	0.91581	1.1429	385.48	1.5457	30.159	0.046163	vapor
640.00	7.0000	58.341	0.017141	710.84	830.83	2.6610	0.91660	1.1434	386.00	1.5353	30.218	0.046289	vapor
641.67	7.0000	58.174	0.017190	712.40	832.73	2.6640	0.91738	1.1439	386.53	1.5249	30.276	0.046416	vapor
643.33	7.0000	58.008	0.017239	713.97	834.64	2.6669	0.91817	1.1444	387.05	1.5147	30.335	0.046542	vapor
645.00	7.0000	57.843	0.017288	715.53	836.55	2.6699	0.91895	1.1450	387.57	1.5045	30.393	0.046668	vapor
646.67	7.0000	57.679	0.017337	717.09	838.46	2.6729	0.91973	1.1455	388.09	1.4944	30.451	0.046794	vapor
648.33	7.0000	57.516	0.017386	718.66	840.37	2.6758	0.92051	1.1460	388.60	1.4843	30.510	0.046920	vapor
650.00	7.0000	57.354	0.017435	720.23	842.28	2.6788	0.92129	1.1465	389.12	1.4744	30.568	0.047046	vapor
651.67	7.0000	57.194	0.017484	721.80	844.19	2.6817	0.92206	1.1471	389.64	1.4645	30.626	0.047173	vapor
653.33	7.0000	57.034	0.017533	723.36	846.10	2.6846	0.92284	1.1476	390.15	1.4547	30.684	0.047299	vapor
655.00	7.0000	56.875	0.017582	724.93	848.01	2.6876	0.92361	1.1481	390.66	1.4450	30.742	0.047425	vapor
656.67	7.0000	56.717	0.017631	726.51	849.93	2.6905	0.92438	1.1486	391.18	1.4354	30.800	0.047551	vapor
658.33	7.0000	56.560	0.017680	728.08	851.84	2.6934	0.92515	1.1492	391.69	1.4258	30.858	0.047677	vapor
660.00	7.0000	56.404	0.017729	729.65	853.76	2.6963	0.92592	1.1497	392.20	1.4164	30.915	0.047803	vapor
661.67	7.0000	56.249	0.017778	731.23	855.67	2.6992	0.92668	1.1502	392.71	1.4070	30.973	0.047929	vapor
663.33	7.0000	56.095	0.017827	732.80	857.59	2.7021	0.92745	1.1507	393.22	1.3976	31.031	0.048054	vapor
665.00	7.0000	55.942	0.017876	734.38	859.51	2.7050	0.92821	1.1513	393.72	1.3884	31.088	0.048180	vapor
666.67	7.0000	55.789	0.017925	735.96	861.43	2.7079	0.92897	1.1518	394.23	1.3792	31.146	0.048306	vapor
668.33	7.0000	55.638	0.017973	737.54	863.35	2.7107	0.92973	1.1523	394.74	1.3700	31.203	0.048432	vapor
670.00	7.0000	55.488	0.018022	739.11	865.27	2.7136	0.93049	1.1529	395.24	1.3610	31.261	0.048558	vapor
671.67	7.0000	55.338	0.018071	740.70	867.19	2.7165	0.93124	1.1534	395.74	1.3520	31.318	0.048683	vapor
673.33	7.0000	55.189	0.018119	742.28	869.11	2.7193	0.93200	1.1539	396.25	1.3431	31.375	0.048809	vapor
675.00	7.0000	55.041	0.018168	743.86	871.04	2.7222	0.93275	1.1545	396.75	1.3343	31.433	0.048935	vapor
676.67	7.0000	54.894	0.018217	745.44	872.96	2.7250	0.93350	1.1550	397.25	1.3255	31.490	0.049060	vapor
678.33	7.0000	54.748	0.018265	747.03	874.89	2.7279	0.93425	1.1555	397.75	1.3168	31.547	0.049186	vapor
680.00	7.0000	54.603	0.018314	748.62	876.81	2.7307	0.93499	1.1561	398.25	1.3081	31.604	0.049311	vapor
681.67	7.0000	54.458	0.018363	750.20	878.74	2.7335	0.93574	1.1566	398.75	1.2996	31.661	0.049437	vapor
683.33	7.0000	54.315	0.018411	751.79	880.67	2.7364	0.93648	1.1571	399.24	1.2910	31.718	0.049562	vapor
685.00	7.0000	54.172	0.018460	753.38	882.60	2.7392	0.93722	1.1577	399.74	1.2826	31.775	0.049688	vapor
686.67	7.0000	54.030	0.018508	754.97	884.53	2.7420	0.93796	1.1582	400.23	1.2742	31.832	0.049813	vapor
688.33	7.0000	53.889	0.018557	756.56	886.46	2.7448	0.93870	1.1587	400.73	1.2659	31.888	0.049938	vapor
690.00	7.0000	53.748	0.018605	758.15	888.39	2.7476	0.93944	1.1593	401.22	1.2576	31.945	0.050064	vapor
691.67	7.0000	53.609	0.018654	759.75	890.32	2.7504	0.94017	1.1598	401.71	1.2494	32.002	0.050189	vapor
693.33	7.0000	53.470	0.018702	761.34	892.26	2.7532	0.94090	1.1604	402.21	1.2413	32.058	0.050314	vapor
695.00	7.0000	53.332	0.018750	762.94	894.19	2.7560	0.94164	1.1609	402.70	1.2332	32.115	0.050439	vapor
696.67	7.0000	53.195	0.018799	764.53	896.13	2.7588	0.94236	1.1614	403.19	1.2252	32.171	0.050564	vapor
698.33	7.0000	53.058	0.018847	766.13	898.06	2.7615	0.94309	1.1620	403.67	1.2172	32.228	0.050689	vapor
700.00	7.0000	52.922	0.018896	767.73	900.00	2.7643	0.94382	1.1625	404.16	1.2093	32.284	0.050814	vapor
701.67	7.0000	52.787	0.018944	769.33	901.94	2.7671	0.94454	1.1630	404.65	1.2015	32.340	0.050939	vapor
703.33	7.0000	52.653	0.018992	770.93	903.88	2.7698	0.94526	1.1636	405.14	1.1937	32.396	0.051064	vapor
705.00	7.0000	52.520	0.019041	772.53	905.82	2.7726	0.94598	1.1641	405.62	1.1859	32.453	0.051189	vapor
706.67	7.0000	52.387	0.019089	774.14	907.76	2.7753	0.94670	1.1647	406.11	1.1783	32.509	0.051314	vapor
708.33	7.0000	52.255	0.019137	775.74	909.70	2.7781	0.94742	1.1652	406.59	1.1706	32.565	0.051439	vapor
710.00	7.0000	52.123	0.019185	777.34	911.64	2.7808	0.94814	1.1657	407.07	1.1631	32.621	0.051563	vapor
711.67	7.0000	51.993	0.019233	778.95	913.58	2.7836	0.94885	1.1663	407.55	1.1555	32.677	0.051688	vapor
713.33	7.0000	51.863	0.019282	780.56	915.53	2.7863	0.94956	1.1668	408.04	1.1481	32.733	0.051813	vapor
715.00	7.0000	51.734	0.019330	782.16	917.47	2.7890	0.95027	1.1674	408.52	1.1407	32.789	0.051937	vapor
716.67	7.0000	51.605	0.019378	783.77	919.42	2.7917	0.95098	1.1679	409.00	1.1333	32.844	0.052062	vapor
718.33	7.0000	51.477	0.019426	785.38	921.37	2.7944	0.95168	1.1684	409.48	1.1260	32.900	0.052186	vapor
720.00	7.0000	51.350	0.019474	786.99	923.31	2.7971	0.95239	1.1690	409.95	1.1188	32.956	0.052311	vapor
721.67	7.0000	51.223	0.019522	788.61	925.26	2.7999	0.95309	1.1695	410.43	1.1116	33.011	0.052435	vapor
723.33	7.0000	51.098	0.019570	790.22	927.21	2.8025	0.95379	1.1700	410.91	1.1044	33.067	0.052560	vapor
725.00	7.0000	50.972	0.019618	791.83	929.16	2.8052	0.95449	1.1706	411.38	1.0973	33.122	0.052684	vapor
726.67	7.0000	50.848	0.019667	793.45	931.11	2.8079	0.95519	1.1711	411.86	1.0903	33.178	0.052808	vapor
728.33	7.0000	50.724	0.019715	795.07	933.07	2.8106	0.95589	1.1716	412.33	1.0833	33.233	0.052932	vapor
730.00	7.0000	50.601	0.019763	796.68	935.02	2.8133	0.95658	1.1722	412.80	1.0763	33.289	0.053056	vapor
731.67	7.0000	50.478	0.019811	798.30	936.97	2.8160	0.95727	1.1727	413.28	1.0694	33.344	0.053180	vapor
733.33	7.0000	50.356	0.019859	799.92	938.93	2.8186	0.95796	1.1732	413.75	1.0625	33.399	0.053304	vapor
735.00	7.0000	50.235	0.019906	801.54	940.88	2.8213	0.95865	1.1738	414.22	1.0557	33.454	0.053428	vapor
736.67	7.0000	50.114	0.019954	803.16	942.84	2.8240	0.95934	1.1743	414.69	1.0489	33.509	0.053552	vapor
738.33	7.0000	49.994	0.020002	804.78	944.80	2.8266	0.96002	1.1748	415.16	1.0422	33.564	0.053676	vapor
740.00	7.0000	49.875	0.020050	806.41	946.76	2.8293	0.96071	1.1754	415.63	1.0356	33.619	0.053800	vapor
741.67	7.0000	49.756	0.020098	808.03	948.72	2.8319	0.96139	1.1759	416.10	1.0289	33.674	0.053924	vapor
743.33	7.0000	49.638	0.020146	809.66	950.68	2.8345	0.96207	1.1764	416.56	1.0223	33.729	0.054047	vapor
745.00	7.0000	49.520	0.020194	811.28	952.64	2.8372	0.96275	1.1770	417.03	1.0158	33.784	0.054171	vapor
746.67	7.0000	49.403	0.020242	812.91	954.60	2.8398	0.96342	1.1775	417.50	1.0093	33.839	0.054295	vapor
748.33	7.0000	49.286	0.020290	814.54	956.56	2.8424	0.96410	1.1780	417.96	1.0029	33.894	0.054418	vapor
750.00	7.0000	49.171	0.020337	816.17	958.53	2.8451	0.96477	1.1786	418.43	0.99644	33.948	0.054542	vapor
751.67	7.0000	49.055	0.020385	817.80	960.49	2.8477	0.96544	1.1791	418.89	0.99007	34.003	0.054665	vapor
753.33	7.0000	48.941	0.020433	819.43	962.46	2.8503	0.96611	1.1796	419.35	0.98375	34.057	0.054788	vapor
755.00	7.0000	48.826	0.020481	821.06	964.42	2.8529	0.96678	1.1802	419.82	0.97746	34.112	0.054912	vapor
756.67	7.0000	48.713	0.020528	822.69	966.39	2.8555	0.96744	1.1807	420.28	0.97122	34.166	0.055035	vapor
758.33	7.0000	48.600	0.020576	824.33	968.36	2.8581	0.96811	1.1812	420.74	0.96502	34.221	0.055158	vapor
760.00	7.0000	48.487	0.020624	825.96	970.33	2.8607	0.96877	1.1817	421.20	0.95886	34.275	0.055281	vapor
761.67	7.0000	48.376	0.020672	827.60	972.30	2.8633	0.96943	1.1823	421.66	0.95274	34.329	0.055404	vapor
763.33	7.0000	48.264	0.020719	829.24	974.27	2.8659	0.97009	1.1828	422.12	0.94666	34.384	0.055527	vapor
765.00	7.0000	48.153	0.020767	830.87	976.24	2.8684	0.97075	1.1833	422.57	0.94062	34.438	0.055650	vapor
766.67	7.0000	48.043	0.020815	832.51	978.21	2.8710	0.97140	1.1838	423.03	0.93462	34.492	0.055773	vapor
768.33	7.0000	47.933	0.020862	834.15	980.19	2.8736	0.97206	1.1844	423.49	0.92866	34.546	0.055896	vapor
770.00	7.0000	47.824	0.020910	835.79	982.16	2.8762	0.97271	1.1849	423.94	0.92274	34.600	0.056019	vapor
771.67	7.0000	47.716	0.020958	837.43	984.14	2.8787	0.97336	1.1854	424.40	0.91685	34.654	0.056141	vapor
773.33	7.0000	47.607	0.021005	839.08	986.11	2.8813	0.97401	1.1859	424.86	0.91100	34.708	0.056264	vapor
775.00	7.0000	47.500	0.021053	840.72	988.09	2.8838	0.97465	1.1865	425.31	0.90519	34.762	0.056387	vapor
776.67	7.0000	47.393	0.021100	842.37	990.07	2.8864	0.97530	1.1870	425.76	0.89942	34.816	0.056509	vapor
778.33	7.0000	47.286	0.021148	844.01	992.05	2.8889	0.97594	1.1875	426.22	0.89369	34.870	0.056632	vapor
780.00	7.0000	47.180	0.021195	845.66	994.03	2.8915	0.97659	1.1880	426.67	0.88799	34.923	0.056754	vapor
781.67	7.0000	47.074	0.021243	847.31	996.01	2.8940	0.97723	1.1885	427.12	0.88232	34.977	0.056876	vapor
783.33	7.0000	46.969	0.021290	848.96	997.99	2.8965	0.97786	1.1890	427.57	0.87669	35.031	0.056999	vapor
785.00	7.0000	46.865	0.021338	850.60	999.97	2.8991	0.97850	1.1896	428.02	0.87110	35.084	0.057121	vapor
786.67	7.0000	46.761	0.021385	852.26	1002.0	2.9016	0.97914	1.1901	428.47	0.86554	35.138	0.057243	vapor
788.33	7.0000	46.657	0.021433	853.91	1003.9	2.9041	0.97977	1.1906	428.92	0.86002	35.191	0.057365	vapor
790.00	7.0000	46.554	0.021480	855.56	1005.9	2.9066	0.98040	1.1911	429.37	0.85453	35.245	0.057487	vapor
791.67	7.0000	46.451	0.021528	857.21	1007.9	2.9091	0.98103	1.1916	429.81	0.84908	35.298	0.057609	vapor
793.33	7.0000	46.349	0.021575	858.87	1009.9	2.9116	0.98166	1.1921	430.26	0.84366	35.352	0.057731	vapor
795.00	7.0000	46.248	0.021623	860.52	1011.9	2.9141	0.98228	1.1927	430.71	0.83827	35.405	0.057853	vapor
796.67	7.0000	46.146	0.021670	862.18	1013.9	2.9166	0.98291	1.1932	431.15	0.83292	35.458	0.057975	vapor
798.33	7.0000	46.046	0.021718	863.84	1015.9	2.9191	0.98353	1.1937	431.60	0.82760	35.511	0.058096	vapor
800.00	7.0000	45.945	0.021765	865.49	1017.8	2.9216	0.98415	1.1942	432.04	0.82231	35.564	0.058218	vapor
801.67	7.0000	45.845	0.021812	867.15	1019.8	2.9241	0.98477	1.1947	432.49	0.81706	35.617	0.058340	vapor
803.33	7.0000	45.746	0.021860	868.81	1021.8	2.9266	0.98539	1.1952	432.93	0.81184	35.671	0.058461	vapor
805.00	7.0000	45.647	0.021907	870.47	1023.8	2.9291	0.98601	1.1957	433.37	0.80665	35.724	0.058583	vapor
806.67	7.0000	45.549	0.021954	872.14	1025.8	2.9315	0.98662	1.1962	433.82	0.80149	35.776	0.058704	vapor
808.33	7.0000	45.451	0.022002	873.80	1027.8	2.9340	0.98724	1.1967	434.26	0.79636	35.829	0.058825	vapor
810.00	7.0000	45.353	0.022049	875.46	1029.8	2.9365	0.98785	1.1972	434.70	0.79126	35.882	0.058947	vapor
811.67	7.0000	45.256	0.022096	877.13	1031.8	2.9389	0.98846	1.1977	435.14	0.78620	35.935	0.059068	vapor
813.33	7.0000	45.159	0.022144	878.79	1033.8	2.9414	0.98906	1.1982	435.58	0.78116	35.988	0.059189	vapor
815.00	7.0000	45.063	0.022191	880.46	1035.8	2.9439	0.98967	1.1987	436.02	0.77616	36.040	0.059310	vapor
816.67	7.0000	44.967	0.022238	882.13	1037.8	2.9463	0.99028	1.1992	436.46	0.77118	36.093	0.059431	vapor
818.33	7.0000	44.872	0.022286	883.79	1039.8	2.9487	0.99088	1.1997	436.89	0.76624	36.146	0.059552	vapor
820.00	7.0000	44.777	0.022333	885.46	1041.8	2.9512	0.99148	1.2002	437.33	0.76132	36.198	0.059673	vapor
821.67	7.0000	44.683	0.022380	887.13	1043.8	2.9536	0.99208	1.2007	437.77	0.75643	36.251	0.059794	vapor
823.33	7.0000	44.589	0.022427	888.80	1045.8	2.9561	0.99268	1.2012	438.20	0.75158	36.303	0.059915	vapor
825.00	7.0000	44.495	0.022475	890.48	1047.8	2.9585	0.99328	1.2017	438.64	0.74675	36.356	0.060035	vapor
826.67	7.0000	44.402	0.022522	892.15	1049.8	2.9609	0.99387	1.2022	439.08	0.74195	36.408	0.060156	vapor
828.33	7.0000	44.309	0.022569	893.82	1051.8	2.9633	0.99446	1.2027	439.51	0.73717	36.460	0.060276	vapor
830.00	7.0000	44.216	0.022616	895.50	1053.8	2.9658	0.99506	1.2032	439.94	0.73243	36.513	0.060397	vapor
831.67	7.0000	44.124	0.022663	897.17	1055.8	2.9682	0.99565	1.2037	440.38	0.72771	36.565	0.060517	vapor
833.33	7.0000	44.033	0.022710	898.85	1057.8	2.9706	0.99623	1.2042	440.81	0.72302	36.617	0.060638	vapor
835.00	7.0000	43.941	0.022758	900.53	1059.8	2.9730	0.99682	1.2047	441.24	0.71836	36.669	0.060758	vapor
836.67	7.0000	43.850	0.022805	902.21	1061.8	2.9754	0.99741	1.2052	441.67	0.71373	36.721	0.060878	vapor
838.33	7.0000	43.760	0.022852	903.88	1063.8	2.9778	0.99799	1.2057	442.11	0.70912	36.773	0.060998	vapor
840.00	7.0000	43.670	0.022899	905.56	1065.9	2.9802	0.99857	1.2062	442.54	0.70454	36.825	0.061118	vapor
841.67	7.0000	43.580	0.022946	907.25	1067.9	2.9826	0.99915	1.2067	442.97	0.69999	36.877	0.061238	vapor
843.33	7.0000	43.491	0.022993	908.93	1069.9	2.9850	0.99973	1.2072	443.40	0.69546	36.929	0.061358	vapor
845.00	7.0000	43.402	0.023040	910.61	1071.9	2.9873	1.0003	1.2076	443.83	0.69095	36.981	0.061478	vapor
846.67	7.0000	43.314	0.023087	912.29	1073.9	2.9897	1.0009	1.2081	444.25	0.68648	37.033	0.061598	vapor
848.33	7.0000	43.225	0.023135	913.98	1075.9	2.9921	1.0015	1.2086	444.68	0.68203	37.084	0.061718	vapor
850.00	7.0000	43.138	0.023182	915.66	1077.9	2.9945	1.0020	1.2091	445.11	0.67760	37.136	0.061838	vapor
851.67	7.0000	43.050	0.023229	917.35	1079.9	2.9968	1.0026	1.2096	445.54	0.67320	37.188	0.061957	vapor
853.33	7.0000	42.963	0.023276	919.04	1082.0	2.9992	1.0032	1.2101	445.96	0.66883	37.239	0.062077	vapor
855.00	7.0000	42.877	0.023323	920.72	1084.0	3.0016	1.0037	1.2105	446.39	0.66448	37.291	0.062196	vapor
856.67	7.0000	42.790	0.023370	922.41	1086.0	3.0039	1.0043	1.2110	446.81	0.66015	37.343	0.062316	vapor
858.33	7.0000	42.704	0.023417	924.10	1088.0	3.0063	1.0049	1.2115	447.24	0.65585	37.394	0.062435	vapor
860.00	7.0000	42.619	0.023464	925.79	1090.0	3.0086	1.0054	1.2120	447.66	0.65157	37.445	0.062554	vapor
861.67	7.0000	42.534	0.023511	927.48	1092.1	3.0110	1.0060	1.2125	448.09	0.64732	37.497	0.062673	vapor
863.33	7.0000	42.449	0.023558	929.18	1094.1	3.0133	1.0066	1.2129	448.51	0.64309	37.548	0.062793	vapor
865.00	7.0000	42.364	0.023605	930.87	1096.1	3.0157	1.0071	1.2134	448.93	0.63888	37.600	0.062912	vapor
866.67	7.0000	42.280	0.023652	932.56	1098.1	3.0180	1.0077	1.2139	449.36	0.63470	37.651	0.063031	vapor
868.33	7.0000	42.196	0.023699	934.26	1100.1	3.0203	1.0082	1.2144	449.78	0.63054	37.702	0.063150	vapor
870.00	7.0000	42.113	0.023746	935.95	1102.2	3.0227	1.0088	1.2148	450.20	0.62640	37.753	0.063268	vapor
871.67	7.0000	42.030	0.023793	937.65	1104.2	3.0250	1.0093	1.2153	450.62	0.62229	37.804	0.063387	vapor
873.33	7.0000	41.947	0.023839	939.35	1106.2	3.0273	1.0099	1.2158	451.04	0.61819	37.855	0.063506	vapor
875.00	7.0000	41.865	0.023886	941.05	1108.3	3.0296	1.0104	1.2162	451.46	0.61413	37.906	0.063625	vapor
876.67	7.0000	41.783	0.023933	942.75	1110.3	3.0319	1.0110	1.2167	451.88	0.61008	37.957	0.063743	vapor
878.33	7.0000	41.701	0.023980	944.45	1112.3	3.0343	1.0115	1.2172	452.30	0.60605	38.008	0.063862	vapor
880.00	7.0000	41.620	0.024027	946.15	1114.3	3.0366	1.0121	1.2176	452.72	0.60205	38.059	0.063980	vapor
881.67	7.0000	41.539	0.024074	947.85	1116.4	3.0389	1.0126	1.2181	453.13	0.59807	38.110	0.064099	vapor
883.33	7.0000	41.458	0.024121	949.55	1118.4	3.0412	1.0132	1.2186	453.55	0.59411	38.161	0.064217	vapor
885.00	7.0000	41.377	0.024168	951.25	1120.4	3.0435	1.0137	1.2190	453.97	0.59017	38.212	0.064335	vapor
886.67	7.0000	41.297	0.024215	952.96	1122.5	3.0458	1.0142	1.2195	454.39	0.58626	38.263	0.064453	vapor
888.33	7.0000	41.218	0.024262	954.66	1124.5	3.0480	1.0148	1.2200	454.80	0.58236	38.313	0.064572	vapor
890.00	7.0000	41.138	0.024308	956.37	1126.5	3.0503	1.0153	1.2204	455.22	0.57849	38.364	0.064690	vapor
891.67	7.0000	41.059	0.024355	958.07	1128.6	3.0526	1.0158	1.2209	455.63	0.57464	38.415	0.064808	vapor
893.33	7.0000	40.980	0.024402	959.78	1130.6	3.0549	1.0164	1.2213	456.05	0.57080	38.465	0.064925	vapor
895.00	7.0000	40.902	0.024449	961.49	1132.6	3.0572	1.0169	1.2218	456.46	0.56699	38.516	0.065043	vapor
896.67	7.0000	40.824	0.024496	963.20	1134.7	3.0595	1.0174	1.2223	456.87	0.56320	38.566	0.065161	vapor
898.33	7.0000	40.746	0.024542	964.91	1136.7	3.0617	1.0180	1.2227	457.29	0.55943	38.617	0.065279	vapor
900.00	7.0000	40.668	0.024589	966.62	1138.7	3.0640	1.0185	1.2232	457.70	0.55567	38.667	0.065396	vapor
901.67	7.0000	40.591	0.024636	968.33	1140.8	3.0663	1.0190	1.2236	458.11	0.55194	38.717	0.065514	vapor
903.33	7.0000	40.514	0.024683	970.04	1142.8	3.0685	1.0195	1.2241	458.52	0.54823	38.768	0.065631	vapor
905.00	7.0000	40.437	0.024730	971.76	1144.9	3.0708	1.0201	1.2245	458.93	0.54454	38.818	0.065749	vapor
906.67	7.0000	40.361	0.024776	973.47	1146.9	3.0730	1.0206	1.2250	459.35	0.54086	38.868	0.065866	vapor
908.33	7.0000	40.285	0.024823	975.18	1148.9	3.0753	1.0211	1.2254	459.76	0.53721	38.918	0.065983	vapor
910.00	7.0000	40.209	0.024870	976.90	1151.0	3.0775	1.0216	1.2259	460.17	0.53357	38.969	0.066101	vapor
911.67	7.0000	40.134	0.024917	978.62	1153.0	3.0798	1.0221	1.2263	460.58	0.52996	39.019	0.066218	vapor
913.33	7.0000	40.059	0.024963	980.33	1155.1	3.0820	1.0226	1.2268	460.98	0.52636	39.069	0.066335	vapor
915.00	7.0000	39.984	0.025010	982.05	1157.1	3.0842	1.0232	1.2272	461.39	0.52278	39.119	0.066452	vapor
916.67	7.0000	39.909	0.025057	983.77	1159.2	3.0865	1.0237	1.2277	461.80	0.51922	39.169	0.066569	vapor
918.33	7.0000	39.835	0.025104	985.49	1161.2	3.0887	1.0242	1.2281	462.21	0.51568	39.219	0.066686	vapor
920.00	7.0000	39.761	0.025150	987.21	1163.3	3.0909	1.0247	1.2285	462.62	0.51216	39.269	0.066802	vapor
921.67	7.0000	39.687	0.025197	988.93	1165.3	3.0932	1.0252	1.2290	463.02	0.50865	39.318	0.066919	vapor
923.33	7.0000	39.614	0.025244	990.65	1167.4	3.0954	1.0257	1.2294	463.43	0.50516	39.368	0.067036	vapor
925.00	7.0000	39.541	0.025290	992.38	1169.4	3.0976	1.0262	1.2299	463.83	0.50169	39.418	0.067152	vapor
926.67	7.0000	39.468	0.025337	994.10	1171.5	3.0998	1.0267	1.2303	464.24	0.49824	39.468	0.067269	vapor
928.33	7.0000	39.395	0.025384	995.82	1173.5	3.1020	1.0272	1.2307	464.65	0.49481	39.518	0.067385	vapor
930.00	7.0000	39.323	0.025430	997.55	1175.6	3.1042	1.0277	1.2312	465.05	0.49139	39.567	0.067502	vapor
931.67	7.0000	39.251	0.025477	999.27	1177.6	3.1064	1.0282	1.2316	465.45	0.48799	39.617	0.067618	vapor
933.33	7.0000	39.179	0.025524	1001.0	1179.7	3.1086	1.0287	1.2320	465.86	0.48461	39.666	0.067734	vapor
935.00	7.0000	39.108	0.025570	1002.7	1181.7	3.1108	1.0292	1.2325	466.26	0.48124	39.716	0.067850	vapor
936.67	7.0000	39.037	0.025617	1004.5	1183.8	3.1130	1.0297	1.2329	466.66	0.47789	39.765	0.067966	vapor
938.33	7.0000	38.966	0.025664	1006.2	1185.8	3.1152	1.0302	1.2333	467.07	0.47456	39.815	0.068082	vapor
940.00	7.0000	38.895	0.025710	1007.9	1187.9	3.1174	1.0307	1.2338	467.47	0.47125	39.864	0.068198	vapor
941.67	7.0000	38.825	0.025757	1009.6	1189.9	3.1196	1.0312	1.2342	467.87	0.46795	39.914	0.068314	vapor
943.33	7.0000	38.755	0.025803	1011.4	1192.0	3.1218	1.0317	1.2346	468.27	0.46467	39.963	0.068430	vapor
945.00	7.0000	38.685	0.025850	1013.1	1194.1	3.1240	1.0322	1.2351	468.67	0.46140	40.012	0.068546	vapor
946.67	7.0000	38.615	0.025897	1014.8	1196.1	3.1261	1.0326	1.2355	469.07	0.45815	40.062	0.068662	vapor
948.33	7.0000	38.546	0.025943	1016.6	1198.2	3.1283	1.0331	1.2359	469.47	0.45492	40.111	0.068777	vapor
950.00	7.0000	38.477	0.025990	1018.3	1200.2	3.1305	1.0336	1.2363	469.87	0.45171	40.160	0.068893	vapor
951.67	7.0000	38.408	0.026036	1020.0	1202.3	3.1326	1.0341	1.2368	470.27	0.44850	40.209	0.069008	vapor
953.33	7.0000	38.339	0.026083	1021.8	1204.4	3.1348	1.0346	1.2372	470.67	0.44532	40.258	0.069123	vapor
955.00	7.0000	38.271	0.026129	1023.5	1206.4	3.1370	1.0351	1.2376	471.07	0.44215	40.308	0.069239	vapor
956.67	7.0000	38.203	0.026176	1025.3	1208.5	3.1391	1.0355	1.2380	471.47	0.43900	40.357	0.069354	vapor
958.33	7.0000	38.135	0.026223	1027.0	1210.5	3.1413	1.0360	1.2384	471.86	0.43586	40.406	0.069469	vapor
960.00	7.0000	38.068	0.026269	1028.7	1212.6	3.1434	1.0365	1.2389	472.26	0.43273	40.455	0.069584	vapor
961.67	7.0000	38.000	0.026316	1030.5	1214.7	3.1456	1.0370	1.2393	472.66	0.42963	40.503	0.069699	vapor
963.33	7.0000	37.933	0.026362	1032.2	1216.7	3.1477	1.0374	1.2397	473.05	0.42653	40.552	0.069814	vapor
965.00	7.0000	37.866	0.026409	1033.9	1218.8	3.1499	1.0379	1.2401	473.45	0.42346	40.601	0.069929	vapor
966.67	7.0000	37.800	0.026455	1035.7	1220.9	3.1520	1.0384	1.2405	473.84	0.42039	40.650	0.070044	vapor
968.33	7.0000	37.733	0.026502	1037.4	1222.9	3.1542	1.0388	1.2409	474.24	0.41734	40.699	0.070159	vapor
970.00	7.0000	37.667	0.026548	1039.2	1225.0	3.1563	1.0393	1.2414	474.63	0.41431	40.748	0.070274	vapor
971.67	7.0000	37.602	0.026595	1040.9	1227.1	3.1584	1.0398	1.2418	475.03	0.41129	40.796	0.070388	vapor
973.33	7.0000	37.536	0.026641	1042.7	1229.2	3.1605	1.0402	1.2422	475.42	0.40829	40.845	0.070503	vapor
975.00	7.0000	37.471	0.026688	1044.4	1231.2	3.1627	1.0407	1.2426	475.82	0.40530	40.894	0.070617	vapor
976.67	7.0000	37.405	0.026734	1046.2	1233.3	3.1648	1.0412	1.2430	476.21	0.40232	40.942	0.070732	vapor
978.33	7.0000	37.340	0.026781	1047.9	1235.4	3.1669	1.0416	1.2434	476.60	0.39936	40.991	0.070846	vapor
980.00	7.0000	37.276	0.026827	1049.6	1237.4	3.1690	1.0421	1.2438	476.99	0.39641	41.039	0.070960	vapor
981.67	7.0000	37.211	0.026874	1051.4	1239.5	3.1711	1.0425	1.2442	477.39	0.39348	41.088	0.071074	vapor
983.33	7.0000	37.147	0.026920	1053.1	1241.6	3.1733	1.0430	1.2446	477.78	0.39056	41.136	0.071188	vapor
985.00	7.0000	37.083	0.026966	1054.9	1243.7	3.1754	1.0435	1.2450	478.17	0.38766	41.185	0.071303	vapor
986.67	7.0000	37.019	0.027013	1056.6	1245.7	3.1775	1.0439	1.2454	478.56	0.38476	41.233	0.071416	vapor
988.33	7.0000	36.956	0.027059	1058.4	1247.8	3.1796	1.0444	1.2458	478.95	0.38189	41.281	0.071530	vapor
990.00	7.0000	36.893	0.027106	1060.1	1249.9	3.1817	1.0448	1.2462	479.34	0.37902	41.330	0.071644	vapor
991.67	7.0000	36.830	0.027152	1061.9	1252.0	3.1838	1.0453	1.2466	479.73	0.37617	41.378	0.071758	vapor
993.33	7.0000	36.767	0.027199	1063.7	1254.0	3.1859	1.0457	1.2470	480.12	0.37333	41.426	0.071872	vapor
995.00	7.0000	36.704	0.027245	1065.4	1256.1	3.1880	1.0462	1.2474	480.51	0.37051	41.474	0.071985	vapor
996.67	7.0000	36.642	0.027291	1067.2	1258.2	3.1900	1.0466	1.2478	480.90	0.36770	41.522	0.072099	vapor
998.33	7.0000	36.579	0.027338	1068.9	1260.3	3.1921	1.0471	1.2482	481.28	0.36490	41.571	0.072212	vapor
1000.0	7.0000	36.517	0.027384	1070.7	1262.4	3.1942	1.0475	1.2486	481.67	0.36211	41.619	0.072326	vapor
1001.7	7.0000	36.456	0.027431	1072.4	1264.4	3.1963	1.0480	1.2490	482.06	0.35934	41.667	0.072439	vapor
1003.3	7.0000	36.394	0.027477	1074.2	1266.5	3.1984	1.0484	1.2494	482.45	0.35658	41.715	0.072552	vapor
1005.0	7.0000	36.333	0.027523	1075.9	1268.6	3.2004	1.0488	1.2498	482.83	0.35383	41.763	0.072666	vapor
1006.7	7.0000	36.272	0.027570	1077.7	1270.7	3.2025	1.0493	1.2502	483.22	0.35110	41.811	0.072779	vapor
1008.3	7.0000	36.211	0.027616	1079.5	1272.8	3.2046	1.0497	1.2506	483.61	0.34838	41.858	0.072892	vapor
1010.0	7.0000	36.150	0.027662	1081.2	1274.9	3.2066	1.0502	1.2510	483.99	0.34567	41.906	0.073005	vapor
1011.7	7.0000	36.090	0.027709	1083.0	1276.9	3.2087	1.0506	1.2514	484.38	0.34297	41.954	0.073118	vapor
1013.3	7.0000	36.029	0.027755	1084.7	1279.0	3.2108	1.0510	1.2518	484.76	0.34029	42.002	0.073231	vapor
1015.0	7.0000	35.969	0.027802	1086.5	1281.1	3.2128	1.0515	1.2521	485.15	0.33761	42.050	0.073343	vapor
1016.7	7.0000	35.909	0.027848	1088.3	1283.2	3.2149	1.0519	1.2525	485.53	0.33495	42.097	0.073456	vapor
1018.3	7.0000	35.850	0.027894	1090.0	1285.3	3.2169	1.0523	1.2529	485.91	0.33230	42.145	0.073569	vapor
1020.0	7.0000	35.790	0.027941	1091.8	1287.4	3.2190	1.0527	1.2533	486.30	0.32967	42.193	0.073681	vapor
1021.7	7.0000	35.731	0.027987	1093.6	1289.5	3.2210	1.0532	1.2537	486.68	0.32704	42.240	0.073794	vapor
1023.3	7.0000	35.672	0.028033	1095.3	1291.6	3.2231	1.0536	1.2541	487.06	0.32443	42.288	0.073906	vapor
1025.0	7.0000	35.613	0.028079	1097.1	1293.7	3.2251	1.0540	1.2544	487.44	0.32183	42.336	0.074019	vapor
1026.7	7.0000	35.555	0.028126	1098.9	1295.7	3.2272	1.0545	1.2548	487.83	0.31924	42.383	0.074131	vapor
1028.3	7.0000	35.496	0.028172	1100.6	1297.8	3.2292	1.0549	1.2552	488.21	0.31666	42.431	0.074243	vapor
1030.0	7.0000	35.438	0.028218	1102.4	1299.9	3.2312	1.0553	1.2556	488.59	0.31410	42.478	0.074356	vapor
1031.7	7.0000	35.380	0.028265	1104.2	1302.0	3.2333	1.0557	1.2560	488.97	0.31154	42.526	0.074468	vapor
1033.3	7.0000	35.322	0.028311	1105.9	1304.1	3.2353	1.0561	1.2563	489.35	0.30900	42.573	0.074580	vapor
1035.0	7.0000	35.264	0.028357	1107.7	1306.2	3.2373	1.0566	1.2567	489.73	0.30647	42.620	0.074692	vapor
1036.7	7.0000	35.207	0.028404	1109.5	1308.3	3.2393	1.0570	1.2571	490.11	0.30395	42.668	0.074803	vapor
1038.3	7.0000	35.150	0.028450	1111.2	1310.4	3.2413	1.0574	1.2575	490.49	0.30144	42.715	0.074915	vapor
1040.0	7.0000	35.093	0.028496	1113.0	1312.5	3.2434	1.0578	1.2578	490.87	0.29894	42.762	0.075027	vapor
1041.7	7.0000	35.036	0.028542	1114.8	1314.6	3.2454	1.0582	1.2582	491.25	0.29645	42.809	0.075139	vapor
1043.3	7.0000	34.979	0.028589	1116.6	1316.7	3.2474	1.0586	1.2586	491.63	0.29398	42.857	0.075250	vapor
1045.0	7.0000	34.922	0.028635	1118.3	1318.8	3.2494	1.0591	1.2589	492.01	0.29151	42.904	0.075362	vapor
1046.7	7.0000	34.866	0.028681	1120.1	1320.9	3.2514	1.0595	1.2593	492.38	0.28906	42.951	0.075473	vapor
1048.3	7.0000	34.810	0.028727	1121.9	1323.0	3.2534	1.0599	1.2597	492.76	0.28661	42.998	0.075585	vapor
1050.0	7.0000	34.754	0.028774	1123.7	1325.1	3.2554	1.0603	1.2601	493.14	0.28418	43.045	0.075696	vapor
1051.7	7.0000	34.698	0.028820	1125.4	1327.2	3.2574	1.0607	1.2604	493.52	0.28176	43.092	0.075807	vapor
1053.3	7.0000	34.643	0.028866	1127.2	1329.3	3.2594	1.0611	1.2608	493.89	0.27935	43.139	0.075919	vapor
1055.0	7.0000	34.587	0.028912	1129.0	1331.4	3.2614	1.0615	1.2611	494.27	0.27694	43.186	0.076030	vapor
1056.7	7.0000	34.532	0.028959	1130.8	1333.5	3.2634	1.0619	1.2615	494.64	0.27455	43.233	0.076141	vapor
1058.3	7.0000	34.477	0.029005	1132.6	1335.6	3.2654	1.0623	1.2619	495.02	0.27217	43.280	0.076252	vapor
1060.0	7.0000	34.422	0.029051	1134.3	1337.7	3.2674	1.0627	1.2622	495.39	0.26980	43.327	0.076363	vapor
1061.7	7.0000	34.368	0.029097	1136.1	1339.8	3.2693	1.0631	1.2626	495.77	0.26744	43.373	0.076474	vapor
1063.3	7.0000	34.313	0.029143	1137.9	1341.9	3.2713	1.0635	1.2630	496.14	0.26509	43.420	0.076584	vapor
1065.0	7.0000	34.259	0.029190	1139.7	1344.0	3.2733	1.0639	1.2633	496.52	0.26275	43.467	0.076695	vapor
1066.7	7.0000	34.205	0.029236	1141.5	1346.1	3.2753	1.0643	1.2637	496.89	0.26042	43.514	0.076806	vapor
1068.3	7.0000	34.151	0.029282	1143.2	1348.2	3.2773	1.0647	1.2640	497.27	0.25810	43.560	0.076916	vapor
1070.0	7.0000	34.097	0.029328	1145.0	1350.3	3.2792	1.0651	1.2644	497.64	0.25579	43.607	0.077027	vapor
1071.7	7.0000	34.043	0.029374	1146.8	1352.4	3.2812	1.0655	1.2647	498.01	0.25349	43.654	0.077137	vapor
1073.3	7.0000	33.990	0.029421	1148.6	1354.5	3.2832	1.0659	1.2651	498.38	0.25120	43.700	0.077248	vapor
1075.0	7.0000	33.937	0.029467	1150.4	1356.7	3.2851	1.0663	1.2655	498.76	0.24892	43.747	0.077358	vapor
1076.7	7.0000	33.883	0.029513	1152.2	1358.8	3.2871	1.0667	1.2658	499.13	0.24665	43.793	0.077468	vapor
1078.3	7.0000	33.831	0.029559	1154.0	1360.9	3.2890	1.0671	1.2662	499.50	0.24438	43.840	0.077578	vapor
1080.0	7.0000	33.778	0.029605	1155.7	1363.0	3.2910	1.0674	1.2665	499.87	0.24213	43.886	0.077688	vapor
1081.7	7.0000	33.725	0.029651	1157.5	1365.1	3.2930	1.0678	1.2669	500.24	0.23989	43.933	0.077798	vapor
1083.3	7.0000	33.673	0.029698	1159.3	1367.2	3.2949	1.0682	1.2672	500.61	0.23766	43.979	0.077908	vapor
1085.0	7.0000	33.621	0.029744	1161.1	1369.3	3.2969	1.0686	1.2676	500.98	0.23543	44.026	0.078018	vapor
1086.7	7.0000	33.568	0.029790	1162.9	1371.4	3.2988	1.0690	1.2679	501.35	0.23322	44.072	0.078128	vapor
1088.3	7.0000	33.517	0.029836	1164.7	1373.5	3.3007	1.0694	1.2683	501.72	0.23101	44.118	0.078238	vapor
1090.0	7.0000	33.465	0.029882	1166.5	1375.7	3.3027	1.0698	1.2686	502.09	0.22881	44.165	0.078348	vapor
1091.7	7.0000	33.413	0.029928	1168.3	1377.8	3.3046	1.0701	1.2689	502.46	0.22663	44.211	0.078457	vapor
1093.3	7.0000	33.362	0.029974	1170.1	1379.9	3.3066	1.0705	1.2693	502.83	0.22445	44.257	0.078567	vapor
1095.0	7.0000	33.311	0.030021	1171.9	1382.0	3.3085	1.0709	1.2696	503.20	0.22228	44.303	0.078676	vapor
1096.7	7.0000	33.259	0.030067	1173.7	1384.1	3.3104	1.0713	1.2700	503.57	0.22012	44.349	0.078786	vapor
1098.3	7.0000	33.209	0.030113	1175.4	1386.2	3.3123	1.0717	1.2703	503.93	0.21797	44.395	0.078895	vapor
1100.0	7.0000	33.158	0.030159	1177.2	1388.4	3.3143	1.0720	1.2707	504.30	0.21583	44.442	0.079004	vapor
1101.7	7.0000	33.107	0.030205	1179.0	1390.5	3.3162	1.0724	1.2710	504.67	0.21369	44.488	0.079113	vapor
1103.3	7.0000	33.057	0.030251	1180.8	1392.6	3.3181	1.0728	1.2713	505.04	0.21157	44.534	0.079223	vapor
1105.0	7.0000	33.006	0.030297	1182.6	1394.7	3.3200	1.0732	1.2717	505.40	0.20945	44.580	0.079332	vapor
1106.7	7.0000	32.956	0.030343	1184.4	1396.8	3.3220	1.0735	1.2720	505.77	0.20734	44.626	0.079441	vapor
1108.3	7.0000	32.906	0.030389	1186.2	1399.0	3.3239	1.0739	1.2723	506.14	0.20525	44.672	0.079550	vapor
1110.0	7.0000	32.856	0.030435	1188.0	1401.1	3.3258	1.0743	1.2727	506.50	0.20316	44.718	0.079659	vapor
1111.7	7.0000	32.807	0.030482	1189.8	1403.2	3.3277	1.0746	1.2730	506.87	0.20107	44.763	0.079767	vapor
1113.3	7.0000	32.757	0.030528	1191.6	1405.3	3.3296	1.0750	1.2733	507.23	0.19900	44.809	0.079876	vapor
1115.0	7.0000	32.708	0.030574	1193.4	1407.4	3.3315	1.0754	1.2737	507.60	0.19693	44.855	0.079985	vapor
1116.7	7.0000	32.659	0.030620	1195.2	1409.6	3.3334	1.0757	1.2740	507.96	0.19488	44.901	0.080093	vapor
1118.3	7.0000	32.610	0.030666	1197.0	1411.7	3.3353	1.0761	1.2743	508.33	0.19283	44.947	0.080202	vapor
1120.0	7.0000	32.561	0.030712	1198.8	1413.8	3.3372	1.0765	1.2747	508.69	0.19079	44.992	0.080310	vapor
1121.7	7.0000	32.512	0.030758	1200.6	1415.9	3.3391	1.0768	1.2750	509.05	0.18876	45.038	0.080419	vapor
1123.3	7.0000	32.463	0.030804	1202.4	1418.1	3.3410	1.0772	1.2753	509.42	0.18673	45.084	0.080527	vapor
1125.0	7.0000	32.415	0.030850	1204.2	1420.2	3.3429	1.0775	1.2757	509.78	0.18472	45.129	0.080635	vapor
1126.7	7.0000	32.367	0.030896	1206.0	1422.3	3.3448	1.0779	1.2760	510.14	0.18271	45.175	0.080744	vapor
1128.3	7.0000	32.318	0.030942	1207.8	1424.4	3.3467	1.0783	1.2763	510.50	0.18071	45.221	0.080852	vapor
1130.0	7.0000	32.270	0.030988	1209.6	1426.6	3.3485	1.0786	1.2766	510.87	0.17872	45.266	0.080960	vapor
1131.7	7.0000	32.222	0.031034	1211.5	1428.7	3.3504	1.0790	1.2770	511.23	0.17674	45.312	0.081068	vapor
1133.3	7.0000	32.175	0.031080	1213.3	1430.8	3.3523	1.0793	1.2773	511.59	0.17476	45.357	0.081176	vapor
1135.0	7.0000	32.127	0.031126	1215.1	1433.0	3.3542	1.0797	1.2776	511.95	0.17279	45.403	0.081284	vapor
1136.7	7.0000	32.080	0.031172	1216.9	1435.1	3.3561	1.0800	1.2779	512.31	0.17083	45.448	0.081391	vapor
1138.3	7.0000	32.032	0.031218	1218.7	1437.2	3.3579	1.0804	1.2783	512.67	0.16888	45.494	0.081499	vapor
1140.0	7.0000	31.985	0.031264	1220.5	1439.3	3.3598	1.0807	1.2786	513.03	0.16693	45.539	0.081607	vapor
1141.7	7.0000	31.938	0.031310	1222.3	1441.5	3.3617	1.0811	1.2789	513.39	0.16500	45.584	0.081714	vapor
1143.3	7.0000	31.891	0.031356	1224.1	1443.6	3.3635	1.0814	1.2792	513.75	0.16307	45.630	0.081822	vapor
1145.0	7.0000	31.845	0.031402	1225.9	1445.7	3.3654	1.0818	1.2795	514.11	0.16115	45.675	0.081929	vapor
1146.7	7.0000	31.798	0.031448	1227.7	1447.9	3.3673	1.0821	1.2799	514.47	0.15923	45.720	0.082037	vapor
1148.3	7.0000	31.752	0.031494	1229.5	1450.0	3.3691	1.0825	1.2802	514.83	0.15732	45.765	0.082144	vapor
1150.0	7.0000	31.705	0.031540	1231.4	1452.1	3.3710	1.0828	1.2805	515.19	0.15542	45.811	0.082251	vapor
1151.7	7.0000	31.659	0.031586	1233.2	1454.3	3.3728	1.0832	1.2808	515.55	0.15353	45.856	0.082359	vapor
1153.3	7.0000	31.613	0.031632	1235.0	1456.4	3.3747	1.0835	1.2811	515.91	0.15165	45.901	0.082466	vapor
1155.0	7.0000	31.567	0.031678	1236.8	1458.5	3.3765	1.0839	1.2814	516.26	0.14977	45.946	0.082573	vapor
1156.7	7.0000	31.521	0.031724	1238.6	1460.7	3.3784	1.0842	1.2817	516.62	0.14790	45.991	0.082680	vapor
1158.3	7.0000	31.476	0.031770	1240.4	1462.8	3.3802	1.0846	1.2820	516.98	0.14604	46.036	0.082787	vapor
1160.0	7.0000	31.430	0.031816	1242.2	1465.0	3.3821	1.0849	1.2824	517.34	0.14418	46.081	0.082894	vapor
1161.7	7.0000	31.385	0.031862	1244.1	1467.1	3.3839	1.0852	1.2827	517.69	0.14233	46.126	0.083001	vapor
1163.3	7.0000	31.340	0.031908	1245.9	1469.2	3.3858	1.0856	1.2830	518.05	0.14049	46.171	0.083107	vapor
1165.0	7.0000	31.295	0.031954	1247.7	1471.4	3.3876	1.0859	1.2833	518.41	0.13865	46.216	0.083214	vapor
1166.7	7.0000	31.250	0.032000	1249.5	1473.5	3.3894	1.0862	1.2836	518.76	0.13683	46.261	0.083321	vapor
1168.3	7.0000	31.205	0.032046	1251.3	1475.6	3.3913	1.0866	1.2839	519.12	0.13501	46.306	0.083427	vapor
1170.0	7.0000	31.160	0.032092	1253.1	1477.8	3.3931	1.0869	1.2842	519.47	0.13319	46.351	0.083534	vapor
1171.7	7.0000	31.116	0.032138	1255.0	1479.9	3.3949	1.0872	1.2845	519.83	0.13139	46.396	0.083640	vapor
1173.3	7.0000	31.071	0.032184	1256.8	1482.1	3.3967	1.0876	1.2848	520.18	0.12959	46.441	0.083746	vapor
1175.0	7.0000	31.027	0.032230	1258.6	1484.2	3.3986	1.0879	1.2851	520.54	0.12779	46.486	0.083853	vapor
1176.7	7.0000	30.983	0.032276	1260.4	1486.3	3.4004	1.0882	1.2854	520.89	0.12601	46.530	0.083959	vapor
1178.3	7.0000	30.939	0.032322	1262.2	1488.5	3.4022	1.0886	1.2857	521.25	0.12423	46.575	0.084065	vapor
1180.0	7.0000	30.895	0.032368	1264.1	1490.6	3.4040	1.0889	1.2860	521.60	0.12245	46.620	0.084171	vapor
1181.7	7.0000	30.851	0.032414	1265.9	1492.8	3.4058	1.0892	1.2863	521.95	0.12069	46.664	0.084277	vapor
1183.3	7.0000	30.807	0.032460	1267.7	1494.9	3.4077	1.0896	1.2866	522.31	0.11893	46.709	0.084383	vapor
1185.0	7.0000	30.764	0.032506	1269.5	1497.1	3.4095	1.0899	1.2869	522.66	0.11718	46.754	0.084489	vapor
1186.7	7.0000	30.720	0.032552	1271.4	1499.2	3.4113	1.0902	1.2872	523.01	0.11543	46.798	0.084595	vapor
1188.3	7.0000	30.677	0.032598	1273.2	1501.4	3.4131	1.0905	1.2875	523.36	0.11369	46.843	0.084701	vapor
1190.0	7.0000	30.634	0.032643	1275.0	1503.5	3.4149	1.0909	1.2878	523.72	0.11196	46.887	0.084806	vapor
1191.7	7.0000	30.591	0.032689	1276.8	1505.7	3.4167	1.0912	1.2881	524.07	0.11023	46.932	0.084912	vapor
1193.3	7.0000	30.548	0.032735	1278.7	1507.8	3.4185	1.0915	1.2884	524.42	0.10851	46.976	0.085018	vapor
1195.0	7.0000	30.505	0.032781	1280.5	1509.9	3.4203	1.0918	1.2887	524.77	0.10679	47.021	0.085123	vapor
1196.7	7.0000	30.463	0.032827	1282.3	1512.1	3.4221	1.0922	1.2890	525.12	0.10509	47.065	0.085228	vapor
1198.3	7.0000	30.420	0.032873	1284.1	1514.2	3.4239	1.0925	1.2893	525.47	0.10339	47.110	0.085334	vapor
1200.0	7.0000	30.378	0.032919	1286.0	1516.4	3.4257	1.0928	1.2896	525.82	0.10169	47.154	0.085439	vapor
1201.7	7.0000	30.335	0.032965	1287.8	1518.5	3.4275	1.0931	1.2899	526.17	0.10000	47.199	0.085544	vapor
1203.3	7.0000	30.293	0.033011	1289.6	1520.7	3.4292	1.0934	1.2902	526.52	0.098318	47.243	0.085650	vapor
1205.0	7.0000	30.251	0.033057	1291.4	1522.8	3.4310	1.0937	1.2905	526.87	0.096642	47.287	0.085755	vapor
1206.7	7.0000	30.209	0.033103	1293.3	1525.0	3.4328	1.0941	1.2908	527.22	0.094972	47.331	0.085860	vapor
1208.3	7.0000	30.167	0.033148	1295.1	1527.1	3.4346	1.0944	1.2910	527.57	0.093307	47.376	0.085965	vapor
1210.0	7.0000	30.126	0.033194	1296.9	1529.3	3.4364	1.0947	1.2913	527.92	0.091649	47.420	0.086070	vapor
1211.7	7.0000	30.084	0.033240	1298.8	1531.4	3.4382	1.0950	1.2916	528.27	0.089997	47.464	0.086175	vapor
1213.3	7.0000	30.043	0.033286	1300.6	1533.6	3.4399	1.0953	1.2919	528.62	0.088351	47.508	0.086279	vapor
1215.0	7.0000	30.001	0.033332	1302.4	1535.8	3.4417	1.0956	1.2922	528.97	0.086711	47.552	0.086384	vapor
1216.7	7.0000	29.960	0.033378	1304.3	1537.9	3.4435	1.0959	1.2925	529.32	0.085077	47.597	0.086489	vapor
1218.3	7.0000	29.919	0.033424	1306.1	1540.1	3.4452	1.0962	1.2928	529.66	0.083449	47.641	0.086593	vapor
1220.0	7.0000	29.878	0.033470	1307.9	1542.2	3.4470	1.0965	1.2931	530.01	0.081826	47.685	0.086698	vapor
1221.7	7.0000	29.837	0.033515	1309.8	1544.4	3.4488	1.0969	1.2933	530.36	0.080210	47.729	0.086802	vapor
1223.3	7.0000	29.796	0.033561	1311.6	1546.5	3.4505	1.0972	1.2936	530.71	0.078599	47.773	0.086907	vapor
1225.0	7.0000	29.756	0.033607	1313.4	1548.7	3.4523	1.0975	1.2939	531.05	0.076994	47.817	0.087011	vapor
1226.7	7.0000	29.715	0.033653	1315.3	1550.8	3.4541	1.0978	1.2942	531.40	0.075395	47.861	0.087116	vapor
1228.3	7.0000	29.675	0.033699	1317.1	1553.0	3.4558	1.0981	1.2945	531.75	0.073802	47.905	0.087220	vapor
1230.0	7.0000	29.634	0.033745	1318.9	1555.2	3.4576	1.0984	1.2947	532.09	0.072214	47.949	0.087324	vapor
1231.7	7.0000	29.594	0.033791	1320.8	1557.3	3.4593	1.0987	1.2950	532.44	0.070633	47.993	0.087428	vapor
1233.3	7.0000	29.554	0.033836	1322.6	1559.5	3.4611	1.0990	1.2953	532.78	0.069056	48.036	0.087532	vapor
1235.0	7.0000	29.514	0.033882	1324.5	1561.6	3.4628	1.0993	1.2956	533.13	0.067486	48.080	0.087636	vapor
1236.7	7.0000	29.474	0.033928	1326.3	1563.8	3.4646	1.0996	1.2959	533.47	0.065920	48.124	0.087740	vapor
1238.3	7.0000	29.434	0.033974	1328.1	1566.0	3.4663	1.0999	1.2961	533.82	0.064361	48.168	0.087844	vapor
1240.0	7.0000	29.395	0.034020	1330.0	1568.1	3.4681	1.1002	1.2964	534.16	0.062807	48.212	0.087948	vapor
1241.7	7.0000	29.355	0.034066	1331.8	1570.3	3.4698	1.1005	1.2967	534.51	0.061258	48.255	0.088051	vapor
1243.3	7.0000	29.316	0.034111	1333.7	1572.4	3.4715	1.1008	1.2970	534.85	0.059715	48.299	0.088155	vapor
1245.0	7.0000	29.276	0.034157	1335.5	1574.6	3.4733	1.1011	1.2972	535.19	0.058178	48.343	0.088259	vapor
1246.7	7.0000	29.237	0.034203	1337.3	1576.8	3.4750	1.1014	1.2975	535.54	0.056646	48.386	0.088362	vapor
1248.3	7.0000	29.198	0.034249	1339.2	1578.9	3.4768	1.1017	1.2978	535.88	0.055119	48.430	0.088466	vapor
1250.0	7.0000	29.159	0.034295	1341.0	1581.1	3.4785	1.1020	1.2980	536.22	0.053598	48.474	0.088569	vapor
1251.7	7.0000	29.120	0.034341	1342.9	1583.2	3.4802	1.1023	1.2983	536.57	0.052081	48.517	0.088672	vapor
1253.3	7.0000	29.081	0.034386	1344.7	1585.4	3.4819	1.1026	1.2986	536.91	0.050571	48.561	0.088776	vapor
1255.0	7.0000	29.043	0.034432	1346.6	1587.6	3.4837	1.1028	1.2989	537.25	0.049065	48.604	0.088879	vapor
1256.7	7.0000	29.004	0.034478	1348.4	1589.7	3.4854	1.1031	1.2991	537.59	0.047565	48.648	0.088982	vapor
1258.3	7.0000	28.965	0.034524	1350.2	1591.9	3.4871	1.1034	1.2994	537.94	0.046070	48.691	0.089085	vapor
1260.0	7.0000	28.927	0.034570	1352.1	1594.1	3.4888	1.1037	1.2997	538.28	0.044580	48.735	0.089188	vapor
1261.7	7.0000	28.889	0.034615	1353.9	1596.2	3.4906	1.1040	1.2999	538.62	0.043096	48.778	0.089291	vapor
1263.3	7.0000	28.851	0.034661	1355.8	1598.4	3.4923	1.1043	1.3002	538.96	0.041616	48.822	0.089394	vapor
1265.0	7.0000	28.813	0.034707	1357.6	1600.6	3.4940	1.1046	1.3005	539.30	0.040142	48.865	0.089497	vapor
1266.7	7.0000	28.775	0.034753	1359.5	1602.7	3.4957	1.1049	1.3007	539.64	0.038672	48.908	0.089600	vapor
1268.3	7.0000	28.737	0.034799	1361.3	1604.9	3.4974	1.1052	1.3010	539.98	0.037208	48.952	0.089703	vapor
1270.0	7.0000	28.699	0.034844	1363.2	1607.1	3.4991	1.1054	1.3012	540.32	0.035749	48.995	0.089805	vapor
1271.7	7.0000	28.661	0.034890	1365.0	1609.2	3.5008	1.1057	1.3015	540.66	0.034295	49.038	0.089908	vapor
1273.3	7.0000	28.624	0.034936	1366.9	1611.4	3.5025	1.1060	1.3018	541.00	0.032846	49.082	0.090010	vapor
1275.0	7.0000	28.586	0.034982	1368.7	1613.6	3.5042	1.1063	1.3020	541.34	0.031402	49.125	0.090113	vapor
1276.7	7.0000	28.549	0.035028	1370.6	1615.8	3.5059	1.1066	1.3023	541.68	0.029962	49.168	0.090215	vapor
1278.3	7.0000	28.512	0.035073	1372.4	1617.9	3.5076	1.1068	1.3026	542.02	0.028528	49.211	0.090318	vapor
1280.0	7.0000	28.475	0.035119	1374.3	1620.1	3.5093	1.1071	1.3028	542.36	0.027099	49.255	0.090420	vapor
1281.7	7.0000	28.437	0.035165	1376.1	1622.3	3.5110	1.1074	1.3031	542.70	0.025674	49.298	0.090522	vapor
1283.3	7.0000	28.401	0.035211	1378.0	1624.4	3.5127	1.1077	1.3033	543.04	0.024254	49.341	0.090624	vapor
1285.0	7.0000	28.364	0.035256	1379.8	1626.6	3.5144	1.1080	1.3036	543.37	0.022839	49.384	0.090726	vapor
1286.7	7.0000	28.327	0.035302	1381.7	1628.8	3.5161	1.1082	1.3038	543.71	0.021429	49.427	0.090829	vapor
1288.3	7.0000	28.290	0.035348	1383.5	1631.0	3.5178	1.1085	1.3041	544.05	0.020024	49.470	0.090931	vapor
1290.0	7.0000	28.254	0.035394	1385.4	1633.1	3.5195	1.1088	1.3044	544.39	0.018623	49.513	0.091032	vapor
1291.7	7.0000	28.217	0.035439	1387.2	1635.3	3.5212	1.1091	1.3046	544.72	0.017227	49.556	0.091134	vapor
1293.3	7.0000	28.181	0.035485	1389.1	1637.5	3.5228	1.1093	1.3049	545.06	0.015836	49.599	0.091236	vapor
1295.0	7.0000	28.144	0.035531	1390.9	1639.7	3.5245	1.1096	1.3051	545.40	0.014450	49.642	0.091338	vapor
1296.7	7.0000	28.108	0.035577	1392.8	1641.8	3.5262	1.1099	1.3054	545.73	0.013068	49.685	0.091440	vapor
1298.3	7.0000	28.072	0.035622	1394.7	1644.0	3.5279	1.1102	1.3056	546.07	0.011691	49.728	0.091541	vapor
1300.0	7.0000	28.036	0.035668	1396.5	1646.2	3.5296	1.1104	1.3059	546.41	0.010318	49.771	0.091643	vapor