Temperature (K)	Pressure (MPa)	Density (kg/m3)	Volume (m3/kg)	Internal Energy (kJ/kg)	Enthalpy (kJ/kg)	Entropy (J/g*K)	Cv (J/g*K)	Cp (J/g*K)	Sound Spd. (m/s)	Joule-Thomson (K/MPa)	Viscosity (uPa*s)	Therm. Cond. (W/m*K)	Phase
300.00	8.0000	753.17	0.0013277	259.34	269.96	1.2252	0.98934	3.9320	343.66	1.5028	63.686	0.082402	liquid
301.67	8.0000	728.38	0.0013729	265.93	276.91	1.2483	1.0078	4.4529	318.34	1.7672	59.987	0.080049	liquid
303.33	8.0000	697.99	0.0014327	273.54	285.00	1.2751	1.0355	5.3515	289.49	2.1378	55.782	0.077949	liquid
305.00	8.0000	656.77	0.0015226	283.13	295.31	1.3089	1.0822	7.3125	255.09	2.7167	50.588	0.076888	supercritical
306.67	8.0000	585.04	0.0017093	298.29	311.97	1.3634	1.1798	14.741	211.10	3.8434	42.734	0.080652	supercritical
308.33	8.0000	401.82	0.0024887	337.37	357.28	1.5107	1.2977	24.910	182.87	6.3587	28.068	0.080029	supercritical
310.00	8.0000	327.71	0.0030515	357.53	381.94	1.5905	1.1499	9.5864	194.28	7.3321	24.022	0.056778	supercritical
311.67	8.0000	296.10	0.0033773	367.66	394.68	1.6315	1.0749	6.2642	201.05	7.6936	22.629	0.048185	supercritical
313.33	8.0000	276.01	0.0036230	374.81	403.80	1.6607	1.0286	4.8335	206.08	7.8595	21.859	0.043447	supercritical
315.00	8.0000	261.29	0.0038272	380.51	411.13	1.6840	0.99624	4.0300	210.19	7.9336	21.359	0.040356	supercritical
316.67	8.0000	249.67	0.0040054	385.34	417.39	1.7038	0.97180	3.5112	213.74	7.9564	21.006	0.038152	supercritical
318.33	8.0000	240.07	0.0041654	389.60	422.92	1.7213	0.95237	3.1465	216.91	7.9475	20.746	0.036491	supercritical
320.00	8.0000	231.91	0.0043120	393.43	427.93	1.7370	0.93636	2.8750	219.80	7.9179	20.548	0.035192	supercritical
321.67	8.0000	224.81	0.0044483	396.95	432.54	1.7513	0.92283	2.6643	222.47	7.8742	20.395	0.034150	supercritical
323.33	8.0000	218.53	0.0045761	400.22	436.83	1.7646	0.91118	2.4956	224.98	7.8205	20.276	0.033297	supercritical
325.00	8.0000	212.90	0.0046971	403.29	440.87	1.7771	0.90103	2.3574	227.35	7.7599	20.183	0.032589	supercritical
326.67	8.0000	207.80	0.0048122	406.20	444.70	1.7889	0.89210	2.2418	229.61	7.6941	20.110	0.031994	supercritical
328.33	8.0000	203.15	0.0049224	408.97	448.35	1.8000	0.88418	2.1437	231.76	7.6246	20.055	0.031491	supercritical
330.00	8.0000	198.87	0.0050283	411.63	451.85	1.8106	0.87714	2.0594	233.83	7.5524	20.013	0.031061	supercritical
331.67	8.0000	194.91	0.0051305	414.18	455.22	1.8208	0.87083	1.9861	235.81	7.4783	19.983	0.030692	supercritical
333.33	8.0000	191.23	0.0052293	416.65	458.48	1.8306	0.86518	1.9217	237.72	7.4029	19.963	0.030375	supercritical
335.00	8.0000	187.79	0.0053251	419.03	461.63	1.8401	0.86009	1.8648	239.57	7.3266	19.951	0.030101	supercritical
336.67	8.0000	184.56	0.0054183	421.35	464.70	1.8492	0.85550	1.8140	241.37	7.2498	19.946	0.029865	supercritical
338.33	8.0000	181.52	0.0055091	423.61	467.68	1.8580	0.85134	1.7685	243.10	7.1727	19.947	0.029660	supercritical
340.00	8.0000	178.65	0.0055976	425.82	470.60	1.8666	0.84758	1.7274	244.79	7.0957	19.955	0.029483	supercritical
341.67	8.0000	175.93	0.0056842	427.97	473.44	1.8750	0.84415	1.6902	246.44	7.0188	19.966	0.029331	supercritical
343.33	8.0000	173.34	0.0057689	430.08	476.23	1.8831	0.84104	1.6563	248.04	6.9423	19.983	0.029200	supercritical
345.00	8.0000	170.89	0.0058519	432.15	478.97	1.8911	0.83820	1.6253	249.61	6.8663	20.003	0.029088	supercritical
346.67	8.0000	168.54	0.0059333	434.18	481.65	1.8988	0.83560	1.5968	251.14	6.7909	20.026	0.028993	supercritical
348.33	8.0000	166.30	0.0060132	436.18	484.29	1.9064	0.83323	1.5706	252.63	6.7161	20.053	0.028914	supercritical
350.00	8.0000	164.16	0.0060918	438.15	486.89	1.9139	0.83106	1.5463	254.10	6.6420	20.082	0.028847	supercritical
351.67	8.0000	162.10	0.0061691	440.09	489.45	1.9211	0.82907	1.5239	255.53	6.5687	20.114	0.028794	supercritical
353.33	8.0000	160.12	0.0062452	442.01	491.97	1.9283	0.82725	1.5030	256.94	6.4963	20.149	0.028751	supercritical
355.00	8.0000	158.22	0.0063201	443.90	494.46	1.9353	0.82558	1.4836	258.32	6.4246	20.185	0.028718	supercritical
356.67	8.0000	156.40	0.0063940	445.76	496.91	1.9422	0.82405	1.4655	259.68	6.3538	20.223	0.028695	supercritical
358.33	8.0000	154.63	0.0064669	447.61	499.34	1.9490	0.82265	1.4485	261.01	6.2840	20.263	0.028680	supercritical
360.00	8.0000	152.93	0.0065389	449.43	501.74	1.9557	0.82137	1.4326	262.32	6.2150	20.305	0.028673	supercritical
361.67	8.0000	151.29	0.0066099	451.24	504.12	1.9623	0.82020	1.4177	263.62	6.1469	20.348	0.028673	supercritical
363.33	8.0000	149.70	0.0066801	453.03	506.47	1.9688	0.81914	1.4037	264.89	6.0797	20.392	0.028679	supercritical
365.00	8.0000	148.16	0.0067495	454.80	508.80	1.9752	0.81817	1.3905	266.14	6.0134	20.438	0.028692	supercritical
366.67	8.0000	146.67	0.0068181	456.56	511.10	1.9815	0.81730	1.3781	267.37	5.9481	20.485	0.028710	supercritical
368.33	8.0000	145.22	0.0068860	458.30	513.39	1.9877	0.81651	1.3663	268.58	5.8836	20.533	0.028734	supercritical
370.00	8.0000	143.82	0.0069532	460.03	515.66	1.9938	0.81579	1.3552	269.78	5.8200	20.582	0.028762	supercritical
371.67	8.0000	142.46	0.0070197	461.75	517.91	1.9999	0.81516	1.3447	270.96	5.7574	20.632	0.028795	supercritical
373.33	8.0000	141.13	0.0070856	463.46	520.14	2.0059	0.81459	1.3348	272.13	5.6956	20.683	0.028832	supercritical
375.00	8.0000	139.84	0.0071509	465.15	522.36	2.0118	0.81409	1.3253	273.28	5.6346	20.734	0.028873	supercritical
376.67	8.0000	138.59	0.0072156	466.84	524.56	2.0177	0.81365	1.3164	274.42	5.5746	20.786	0.028918	supercritical
378.33	8.0000	137.37	0.0072797	468.51	526.75	2.0235	0.81327	1.3079	275.54	5.5154	20.839	0.028966	supercritical
380.00	8.0000	136.18	0.0073433	470.17	528.92	2.0292	0.81295	1.2998	276.65	5.4570	20.893	0.029018	supercritical
381.67	8.0000	135.02	0.0074063	471.83	531.08	2.0349	0.81267	1.2921	277.75	5.3995	20.947	0.029072	supercritical
383.33	8.0000	133.89	0.0074689	473.48	533.23	2.0405	0.81245	1.2848	278.83	5.3428	21.002	0.029130	supercritical
385.00	8.0000	132.78	0.0075310	475.11	535.36	2.0461	0.81228	1.2778	279.90	5.2869	21.057	0.029190	supercritical
386.67	8.0000	131.71	0.0075926	476.75	537.49	2.0516	0.81215	1.2712	280.96	5.2318	21.113	0.029253	supercritical
388.33	8.0000	130.65	0.0076538	478.37	539.60	2.0570	0.81207	1.2648	282.01	5.1775	21.170	0.029318	supercritical
390.00	8.0000	129.63	0.0077145	479.99	541.70	2.0624	0.81202	1.2588	283.05	5.1240	21.226	0.029386	supercritical
391.67	8.0000	128.62	0.0077748	481.60	543.80	2.0678	0.81202	1.2530	284.08	5.0712	21.284	0.029456	supercritical
393.33	8.0000	127.64	0.0078348	483.20	545.88	2.0731	0.81205	1.2475	285.09	5.0192	21.341	0.029527	supercritical
395.00	8.0000	126.67	0.0078943	484.80	547.95	2.0783	0.81212	1.2422	286.10	4.9679	21.399	0.029601	supercritical
396.67	8.0000	125.73	0.0079535	486.39	550.02	2.0836	0.81222	1.2371	287.10	4.9174	21.457	0.029677	supercritical
398.33	8.0000	124.81	0.0080123	487.98	552.08	2.0887	0.81235	1.2323	288.09	4.8675	21.516	0.029754	supercritical
400.00	8.0000	123.90	0.0080707	489.56	554.13	2.0939	0.81251	1.2277	289.07	4.8184	21.575	0.029834	supercritical
401.67	8.0000	123.02	0.0081288	491.14	556.17	2.0990	0.81270	1.2233	290.04	4.7699	21.634	0.029914	supercritical
403.33	8.0000	122.15	0.0081866	492.71	558.21	2.1040	0.81292	1.2190	291.00	4.7222	21.693	0.029997	supercritical
405.00	8.0000	121.30	0.0082440	494.28	560.23	2.1090	0.81317	1.2150	291.95	4.6751	21.753	0.030081	supercritical
406.67	8.0000	120.46	0.0083012	495.85	562.26	2.1140	0.81344	1.2111	292.90	4.6286	21.813	0.030166	supercritical
408.33	8.0000	119.65	0.0083580	497.41	564.27	2.1190	0.81374	1.2074	293.83	4.5828	21.873	0.030252	supercritical
410.00	8.0000	118.84	0.0084146	498.96	566.28	2.1239	0.81406	1.2038	294.76	4.5377	21.933	0.030340	supercritical
411.67	8.0000	118.05	0.0084709	500.52	568.28	2.1288	0.81440	1.2004	295.68	4.4931	21.994	0.030429	supercritical
413.33	8.0000	117.28	0.0085269	502.07	570.28	2.1336	0.81476	1.1971	296.60	4.4492	22.055	0.030520	supercritical
415.00	8.0000	116.51	0.0085826	503.61	572.27	2.1384	0.81514	1.1940	297.51	4.4059	22.116	0.030611	supercritical
416.67	8.0000	115.77	0.0086381	505.16	574.26	2.1432	0.81555	1.1909	298.41	4.3632	22.177	0.030703	supercritical
418.33	8.0000	115.03	0.0086933	506.70	576.24	2.1479	0.81597	1.1880	299.30	4.3210	22.238	0.030797	supercritical
420.00	8.0000	114.31	0.0087482	508.24	578.22	2.1527	0.81641	1.1852	300.19	4.2794	22.299	0.030891	supercritical
421.67	8.0000	113.60	0.0088030	509.77	580.20	2.1574	0.81687	1.1826	301.07	4.2384	22.361	0.030987	supercritical
423.33	8.0000	112.90	0.0088574	511.30	582.16	2.1620	0.81734	1.1800	301.94	4.1980	22.422	0.031083	supercritical
425.00	8.0000	112.21	0.0089117	512.83	584.13	2.1666	0.81783	1.1776	302.81	4.1581	22.484	0.031180	supercritical
426.67	8.0000	111.54	0.0089657	514.36	586.09	2.1712	0.81834	1.1752	303.67	4.1187	22.546	0.031278	supercritical
428.33	8.0000	110.87	0.0090196	515.89	588.05	2.1758	0.81886	1.1729	304.52	4.0798	22.607	0.031377	supercritical
430.00	8.0000	110.21	0.0090732	517.41	590.00	2.1804	0.81939	1.1708	305.37	4.0415	22.669	0.031477	supercritical
431.67	8.0000	109.57	0.0091266	518.94	591.95	2.1849	0.81994	1.1687	306.22	4.0036	22.731	0.031577	supercritical
433.33	8.0000	108.94	0.0091798	520.46	593.89	2.1894	0.82050	1.1667	307.06	3.9663	22.794	0.031678	supercritical
435.00	8.0000	108.31	0.0092328	521.98	595.84	2.1939	0.82107	1.1647	307.89	3.9294	22.856	0.031780	supercritical
436.67	8.0000	107.69	0.0092856	523.49	597.78	2.1983	0.82166	1.1629	308.72	3.8931	22.918	0.031882	supercritical
438.33	8.0000	107.09	0.0093382	525.01	599.71	2.2028	0.82225	1.1611	309.54	3.8572	22.981	0.031985	supercritical
440.00	8.0000	106.49	0.0093907	526.52	601.65	2.2072	0.82286	1.1594	310.36	3.8218	23.043	0.032088	supercritical
441.67	8.0000	105.90	0.0094429	528.04	603.58	2.2115	0.82348	1.1578	311.17	3.7868	23.105	0.032192	supercritical
443.33	8.0000	105.32	0.0094950	529.55	605.51	2.2159	0.82411	1.1562	311.97	3.7523	23.168	0.032296	supercritical
445.00	8.0000	104.75	0.0095470	531.06	607.43	2.2202	0.82475	1.1547	312.78	3.7182	23.230	0.032401	supercritical
446.67	8.0000	104.18	0.0095987	532.57	609.36	2.2245	0.82539	1.1533	313.57	3.6845	23.293	0.032506	supercritical
448.33	8.0000	103.62	0.0096503	534.07	611.28	2.2288	0.82605	1.1519	314.37	3.6513	23.356	0.032611	supercritical
450.00	8.0000	103.07	0.0097017	535.58	613.20	2.2331	0.82671	1.1506	315.15	3.6185	23.418	0.032716	supercritical
451.67	8.0000	102.53	0.0097530	537.09	615.11	2.2374	0.82739	1.1494	315.94	3.5861	23.481	0.032821	supercritical
453.33	8.0000	102.00	0.0098041	538.59	617.03	2.2416	0.82807	1.1481	316.72	3.5541	23.544	0.032926	supercritical
455.00	8.0000	101.47	0.0098551	540.10	618.94	2.2458	0.82876	1.1470	317.49	3.5226	23.606	0.033028	supercritical
456.67	8.0000	100.95	0.0099059	541.60	620.85	2.2500	0.82945	1.1459	318.26	3.4914	23.669	0.033124	supercritical
458.33	8.0000	100.44	0.0099566	543.11	622.76	2.2542	0.83016	1.1448	319.03	3.4606	23.732	0.033237	supercritical
460.00	8.0000	99.928	0.010007	544.61	624.67	2.2583	0.83087	1.1438	319.79	3.4302	23.795	0.033352	supercritical
461.67	8.0000	99.428	0.010058	546.11	626.57	2.2625	0.83158	1.1428	320.55	3.4001	23.857	0.033466	supercritical
463.33	8.0000	98.933	0.010108	547.61	628.48	2.2666	0.83230	1.1419	321.30	3.3704	23.920	0.033581	supercritical
465.00	8.0000	98.445	0.010158	549.11	630.38	2.2707	0.83303	1.1410	322.05	3.3411	23.983	0.033696	supercritical
466.67	8.0000	97.963	0.010208	550.62	632.28	2.2748	0.83377	1.1402	322.80	3.3121	24.046	0.033812	supercritical
468.33	8.0000	97.486	0.010258	552.12	634.18	2.2788	0.83451	1.1394	323.54	3.2835	24.108	0.033927	supercritical
470.00	8.0000	97.016	0.010308	553.62	636.08	2.2829	0.83525	1.1386	324.28	3.2552	24.171	0.034044	supercritical
471.67	8.0000	96.551	0.010357	555.12	637.97	2.2869	0.83600	1.1379	325.02	3.2273	24.234	0.034160	supercritical
473.33	8.0000	96.091	0.010407	556.62	639.87	2.2909	0.83676	1.1372	325.75	3.1997	24.297	0.034277	supercritical
475.00	8.0000	95.637	0.010456	558.12	641.77	2.2949	0.83751	1.1366	326.47	3.1724	24.359	0.034393	supercritical
476.67	8.0000	95.189	0.010505	559.62	643.66	2.2989	0.83828	1.1359	327.20	3.1455	24.422	0.034511	supercritical
478.33	8.0000	94.745	0.010555	561.11	645.55	2.3028	0.83905	1.1354	327.92	3.1189	24.485	0.034628	supercritical
480.00	8.0000	94.307	0.010604	562.61	647.44	2.3068	0.83982	1.1348	328.64	3.0925	24.548	0.034746	supercritical
481.67	8.0000	93.874	0.010653	564.11	649.33	2.3107	0.84059	1.1343	329.35	3.0665	24.610	0.034864	supercritical
483.33	8.0000	93.445	0.010701	565.61	651.22	2.3146	0.84137	1.1338	330.06	3.0408	24.673	0.034982	supercritical
485.00	8.0000	93.021	0.010750	567.11	653.11	2.3185	0.84215	1.1333	330.77	3.0154	24.735	0.035100	supercritical
486.67	8.0000	92.603	0.010799	568.61	655.00	2.3224	0.84294	1.1329	331.48	2.9903	24.798	0.035219	supercritical
488.33	8.0000	92.188	0.010847	570.11	656.89	2.3263	0.84373	1.1325	332.18	2.9654	24.861	0.035338	supercritical
490.00	8.0000	91.778	0.010896	571.61	658.78	2.3302	0.84452	1.1321	332.88	2.9409	24.923	0.035457	supercritical
491.67	8.0000	91.373	0.010944	573.11	660.66	2.3340	0.84532	1.1317	333.57	2.9166	24.986	0.035576	supercritical
493.33	8.0000	90.972	0.010992	574.61	662.55	2.3378	0.84611	1.1314	334.26	2.8926	25.048	0.035695	supercritical
495.00	8.0000	90.575	0.011041	576.11	664.43	2.3416	0.84691	1.1311	334.95	2.8689	25.111	0.035815	supercritical
496.67	8.0000	90.183	0.011089	577.61	666.32	2.3455	0.84772	1.1308	335.64	2.8455	25.173	0.035935	supercritical
498.33	8.0000	89.794	0.011137	579.11	668.20	2.3492	0.84852	1.1305	336.32	2.8223	25.236	0.036055	supercritical
500.00	8.0000	89.410	0.011184	580.61	670.09	2.3530	0.84933	1.1302	337.00	2.7993	25.298	0.036175	supercritical
501.67	8.0000	89.030	0.011232	582.11	671.97	2.3568	0.85014	1.1300	337.68	2.7767	25.360	0.036296	supercritical
503.33	8.0000	88.653	0.011280	583.62	673.85	2.3605	0.85095	1.1298	338.36	2.7542	25.423	0.036416	supercritical
505.00	8.0000	88.281	0.011328	585.12	675.74	2.3643	0.85176	1.1296	339.03	2.7320	25.485	0.036537	supercritical
506.67	8.0000	87.912	0.011375	586.62	677.62	2.3680	0.85258	1.1295	339.70	2.7101	25.547	0.036658	supercritical
508.33	8.0000	87.547	0.011422	588.12	679.50	2.3717	0.85340	1.1293	340.37	2.6884	25.609	0.036779	supercritical
510.00	8.0000	87.185	0.011470	589.63	681.38	2.3754	0.85421	1.1292	341.03	2.6670	25.671	0.036900	supercritical
511.67	8.0000	86.827	0.011517	591.13	683.27	2.3791	0.85503	1.1291	341.69	2.6457	25.733	0.037021	supercritical
513.33	8.0000	86.473	0.011564	592.63	685.15	2.3827	0.85585	1.1290	342.35	2.6247	25.795	0.037143	supercritical
515.00	8.0000	86.122	0.011611	594.14	687.03	2.3864	0.85668	1.1289	343.01	2.6039	25.857	0.037265	supercritical
516.67	8.0000	85.774	0.011659	595.64	688.91	2.3900	0.85750	1.1289	343.66	2.5834	25.919	0.037386	supercritical
518.33	8.0000	85.430	0.011706	597.15	690.79	2.3937	0.85832	1.1288	344.32	2.5631	25.981	0.037508	supercritical
520.00	8.0000	85.089	0.011752	598.66	692.67	2.3973	0.85915	1.1288	344.97	2.5430	26.043	0.037630	supercritical
521.67	8.0000	84.751	0.011799	600.16	694.56	2.4009	0.85998	1.1288	345.61	2.5230	26.105	0.037752	supercritical
523.33	8.0000	84.417	0.011846	601.67	696.44	2.4045	0.86080	1.1288	346.26	2.5034	26.167	0.037875	supercritical
525.00	8.0000	84.085	0.011893	603.18	698.32	2.4081	0.86163	1.1288	346.90	2.4839	26.229	0.037997	supercritical
526.67	8.0000	83.757	0.011939	604.69	700.20	2.4117	0.86246	1.1289	347.54	2.4646	26.290	0.038120	supercritical
528.33	8.0000	83.432	0.011986	606.19	702.08	2.4153	0.86329	1.1289	348.18	2.4455	26.352	0.038242	supercritical
530.00	8.0000	83.109	0.012032	607.70	703.96	2.4188	0.86412	1.1290	348.81	2.4266	26.414	0.038365	supercritical
531.67	8.0000	82.790	0.012079	609.21	705.84	2.4224	0.86495	1.1290	349.45	2.4079	26.475	0.038488	supercritical
533.33	8.0000	82.473	0.012125	610.73	707.73	2.4259	0.86578	1.1291	350.08	2.3894	26.537	0.038611	supercritical
535.00	8.0000	82.160	0.012171	612.24	709.61	2.4294	0.86661	1.1292	350.71	2.3711	26.598	0.038734	supercritical
536.67	8.0000	81.849	0.012218	613.75	711.49	2.4329	0.86744	1.1293	351.34	2.3530	26.660	0.038857	supercritical
538.33	8.0000	81.541	0.012264	615.26	713.37	2.4364	0.86827	1.1294	351.96	2.3351	26.721	0.038980	supercritical
540.00	8.0000	81.235	0.012310	616.78	715.25	2.4399	0.86910	1.1296	352.58	2.3173	26.782	0.039104	supercritical
541.67	8.0000	80.933	0.012356	618.29	717.14	2.4434	0.86994	1.1297	353.20	2.2997	26.843	0.039227	supercritical
543.33	8.0000	80.633	0.012402	619.81	719.02	2.4469	0.87077	1.1299	353.82	2.2823	26.905	0.039351	supercritical
545.00	8.0000	80.335	0.012448	621.32	720.90	2.4503	0.87160	1.1300	354.44	2.2651	26.966	0.039474	supercritical
546.67	8.0000	80.040	0.012494	622.84	722.79	2.4538	0.87243	1.1302	355.05	2.2481	27.027	0.039598	supercritical
548.33	8.0000	79.748	0.012540	624.36	724.67	2.4572	0.87326	1.1304	355.67	2.2312	27.088	0.039722	supercritical
550.00	8.0000	79.458	0.012585	625.87	726.56	2.4607	0.87409	1.1306	356.28	2.2145	27.149	0.039845	supercritical
551.67	8.0000	79.170	0.012631	627.39	728.44	2.4641	0.87493	1.1308	356.89	2.1979	27.210	0.039969	supercritical
553.33	8.0000	78.885	0.012677	628.91	730.32	2.4675	0.87576	1.1310	357.49	2.1815	27.271	0.040093	supercritical
555.00	8.0000	78.603	0.012722	630.43	732.21	2.4709	0.87659	1.1312	358.10	2.1653	27.332	0.040217	supercritical
556.67	8.0000	78.322	0.012768	631.95	734.10	2.4743	0.87742	1.1314	358.70	2.1492	27.392	0.040341	supercritical
558.33	8.0000	78.044	0.012813	633.48	735.98	2.4777	0.87825	1.1317	359.30	2.1333	27.453	0.040466	supercritical
560.00	8.0000	77.769	0.012859	635.00	737.87	2.4810	0.87908	1.1319	359.90	2.1176	27.514	0.040590	supercritical
561.67	8.0000	77.495	0.012904	636.52	739.75	2.4844	0.87990	1.1322	360.50	2.1019	27.574	0.040714	supercritical
563.33	8.0000	77.224	0.012949	638.05	741.64	2.4878	0.88073	1.1324	361.09	2.0865	27.635	0.040838	supercritical
565.00	8.0000	76.955	0.012995	639.57	743.53	2.4911	0.88156	1.1327	361.69	2.0712	27.695	0.040963	supercritical
566.67	8.0000	76.688	0.013040	641.10	745.42	2.4944	0.88239	1.1330	362.28	2.0560	27.756	0.041087	supercritical
568.33	8.0000	76.423	0.013085	642.63	747.31	2.4978	0.88321	1.1333	362.87	2.0410	27.816	0.041212	supercritical
570.00	8.0000	76.160	0.013130	644.15	749.19	2.5011	0.88404	1.1335	363.46	2.0261	27.877	0.041336	supercritical
571.67	8.0000	75.900	0.013175	645.68	751.08	2.5044	0.88487	1.1338	364.05	2.0114	27.937	0.041461	supercritical
573.33	8.0000	75.641	0.013220	647.21	752.97	2.5077	0.88569	1.1341	364.63	1.9968	27.997	0.041586	supercritical
575.00	8.0000	75.385	0.013265	648.74	754.86	2.5110	0.88651	1.1345	365.22	1.9823	28.057	0.041710	supercritical
576.67	8.0000	75.130	0.013310	650.27	756.76	2.5143	0.88734	1.1348	365.80	1.9680	28.117	0.041835	supercritical
578.33	8.0000	74.878	0.013355	651.81	758.65	2.5175	0.88816	1.1351	366.38	1.9538	28.177	0.041960	supercritical
580.00	8.0000	74.627	0.013400	653.34	760.54	2.5208	0.88898	1.1354	366.96	1.9397	28.237	0.042084	supercritical
581.67	8.0000	74.378	0.013445	654.87	762.43	2.5241	0.88980	1.1358	367.53	1.9258	28.297	0.042209	supercritical
583.33	8.0000	74.131	0.013490	656.41	764.33	2.5273	0.89062	1.1361	368.11	1.9120	28.357	0.042334	supercritical
585.00	8.0000	73.886	0.013534	657.94	766.22	2.5306	0.89144	1.1364	368.68	1.8983	28.417	0.042459	supercritical
586.67	8.0000	73.643	0.013579	659.48	768.11	2.5338	0.89226	1.1368	369.26	1.8848	28.477	0.042584	supercritical
588.33	8.0000	73.402	0.013624	661.02	770.01	2.5370	0.89307	1.1371	369.83	1.8713	28.537	0.042709	supercritical
590.00	8.0000	73.162	0.013668	662.56	771.90	2.5402	0.89389	1.1375	370.40	1.8580	28.596	0.042834	supercritical
591.67	8.0000	72.925	0.013713	664.10	773.80	2.5434	0.89470	1.1379	370.96	1.8448	28.656	0.042959	supercritical
593.33	8.0000	72.689	0.013757	665.64	775.70	2.5466	0.89552	1.1382	371.53	1.8318	28.715	0.043084	supercritical
595.00	8.0000	72.454	0.013802	667.18	777.59	2.5498	0.89633	1.1386	372.10	1.8188	28.775	0.043209	supercritical
596.67	8.0000	72.222	0.013846	668.72	779.49	2.5530	0.89714	1.1390	372.66	1.8060	28.834	0.043334	supercritical
598.33	8.0000	71.991	0.013891	670.27	781.39	2.5562	0.89795	1.1394	373.22	1.7932	28.894	0.043459	supercritical
600.00	8.0000	71.762	0.013935	671.81	783.29	2.5594	0.89876	1.1398	373.78	1.7806	28.953	0.043584	supercritical
601.67	8.0000	71.534	0.013979	673.36	785.19	2.5625	0.89957	1.1401	374.34	1.7681	29.012	0.043709	supercritical
603.33	8.0000	71.308	0.014024	674.90	787.09	2.5657	0.90037	1.1405	374.90	1.7557	29.071	0.043834	supercritical
605.00	8.0000	71.084	0.014068	676.45	788.99	2.5688	0.90118	1.1409	375.46	1.7434	29.131	0.043960	supercritical
606.67	8.0000	70.861	0.014112	678.00	790.89	2.5720	0.90198	1.1413	376.01	1.7313	29.190	0.044085	supercritical
608.33	8.0000	70.640	0.014156	679.55	792.80	2.5751	0.90279	1.1418	376.56	1.7192	29.249	0.044210	supercritical
610.00	8.0000	70.420	0.014200	681.10	794.70	2.5782	0.90359	1.1422	377.12	1.7072	29.308	0.044335	supercritical
611.67	8.0000	70.202	0.014245	682.65	796.60	2.5814	0.90439	1.1426	377.67	1.6954	29.366	0.044460	supercritical
613.33	8.0000	69.986	0.014289	684.20	798.51	2.5845	0.90519	1.1430	378.22	1.6836	29.425	0.044585	supercritical
615.00	8.0000	69.771	0.014333	685.75	800.41	2.5876	0.90599	1.1434	378.76	1.6720	29.484	0.044711	supercritical
616.67	8.0000	69.557	0.014377	687.31	802.32	2.5907	0.90678	1.1438	379.31	1.6604	29.543	0.044836	supercritical
618.33	8.0000	69.345	0.014421	688.86	804.23	2.5937	0.90758	1.1443	379.86	1.6489	29.601	0.044961	supercritical
620.00	8.0000	69.135	0.014465	690.42	806.13	2.5968	0.90837	1.1447	380.40	1.6376	29.660	0.045086	supercritical
621.67	8.0000	68.925	0.014508	691.97	808.04	2.5999	0.90916	1.1451	380.94	1.6263	29.719	0.045211	supercritical
623.33	8.0000	68.718	0.014552	693.53	809.95	2.6030	0.90995	1.1456	381.48	1.6151	29.777	0.045337	supercritical
625.00	8.0000	68.511	0.014596	695.09	811.86	2.6060	0.91074	1.1460	382.03	1.6041	29.836	0.045462	supercritical
626.67	8.0000	68.306	0.014640	696.65	813.77	2.6091	0.91153	1.1464	382.56	1.5931	29.894	0.045587	supercritical
628.33	8.0000	68.102	0.014684	698.21	815.68	2.6121	0.91232	1.1469	383.10	1.5822	29.952	0.045712	supercritical
630.00	8.0000	67.900	0.014728	699.77	817.59	2.6152	0.91311	1.1473	383.64	1.5714	30.010	0.045837	supercritical
631.67	8.0000	67.699	0.014771	701.34	819.51	2.6182	0.91389	1.1478	384.17	1.5607	30.069	0.045962	supercritical
633.33	8.0000	67.500	0.014815	702.90	821.42	2.6212	0.91467	1.1482	384.71	1.5500	30.127	0.046088	supercritical
635.00	8.0000	67.301	0.014859	704.47	823.33	2.6242	0.91545	1.1487	385.24	1.5395	30.185	0.046213	supercritical
636.67	8.0000	67.104	0.014902	706.03	825.25	2.6273	0.91623	1.1491	385.77	1.5291	30.243	0.046338	supercritical
638.33	8.0000	66.909	0.014946	707.60	827.16	2.6303	0.91701	1.1496	386.30	1.5187	30.301	0.046463	supercritical
640.00	8.0000	66.714	0.014989	709.17	829.08	2.6333	0.91779	1.1501	386.83	1.5084	30.359	0.046588	supercritical
641.67	8.0000	66.521	0.015033	710.73	831.00	2.6362	0.91856	1.1505	387.36	1.4982	30.417	0.046713	supercritical
643.33	8.0000	66.329	0.015076	712.30	832.92	2.6392	0.91934	1.1510	387.89	1.4881	30.474	0.046838	supercritical
645.00	8.0000	66.138	0.015120	713.88	834.83	2.6422	0.92011	1.1515	388.41	1.4781	30.532	0.046963	supercritical
646.67	8.0000	65.949	0.015163	715.45	836.75	2.6452	0.92088	1.1519	388.94	1.4681	30.590	0.047089	supercritical
648.33	8.0000	65.760	0.015207	717.02	838.67	2.6481	0.92165	1.1524	389.46	1.4583	30.648	0.047214	supercritical
650.00	8.0000	65.573	0.015250	718.59	840.60	2.6511	0.92242	1.1529	389.98	1.4485	30.705	0.047339	supercritical
651.67	8.0000	65.387	0.015294	720.17	842.52	2.6541	0.92318	1.1533	390.51	1.4388	30.763	0.047464	supercritical
653.33	8.0000	65.202	0.015337	721.74	844.44	2.6570	0.92395	1.1538	391.03	1.4291	30.820	0.047589	supercritical
655.00	8.0000	65.019	0.015380	723.32	846.36	2.6599	0.92471	1.1543	391.54	1.4196	30.877	0.047714	supercritical
656.67	8.0000	64.836	0.015423	724.90	848.29	2.6629	0.92547	1.1548	392.06	1.4101	30.935	0.047839	supercritical
658.33	8.0000	64.655	0.015467	726.48	850.21	2.6658	0.92623	1.1553	392.58	1.4007	30.992	0.047964	supercritical
660.00	8.0000	64.475	0.015510	728.06	852.14	2.6687	0.92699	1.1557	393.10	1.3913	31.049	0.048088	supercritical
661.67	8.0000	64.295	0.015553	729.64	854.06	2.6716	0.92775	1.1562	393.61	1.3821	31.106	0.048213	supercritical
663.33	8.0000	64.117	0.015596	731.22	855.99	2.6746	0.92850	1.1567	394.12	1.3729	31.164	0.048338	supercritical
665.00	8.0000	63.940	0.015640	732.80	857.92	2.6775	0.92926	1.1572	394.64	1.3638	31.221	0.048463	supercritical
666.67	8.0000	63.765	0.015683	734.39	859.85	2.6804	0.93001	1.1577	395.15	1.3547	31.278	0.048588	supercritical
668.33	8.0000	63.590	0.015726	735.97	861.78	2.6832	0.93076	1.1582	395.66	1.3457	31.335	0.048713	supercritical
670.00	8.0000	63.416	0.015769	737.56	863.71	2.6861	0.93151	1.1587	396.17	1.3368	31.391	0.048837	supercritical
671.67	8.0000	63.243	0.015812	739.15	865.64	2.6890	0.93226	1.1591	396.68	1.3280	31.448	0.048962	supercritical
673.33	8.0000	63.072	0.015855	740.73	867.57	2.6919	0.93300	1.1596	397.19	1.3192	31.505	0.049087	supercritical
675.00	8.0000	62.901	0.015898	742.32	869.51	2.6948	0.93375	1.1601	397.69	1.3105	31.562	0.049212	supercritical
676.67	8.0000	62.731	0.015941	743.91	871.44	2.6976	0.93449	1.1606	398.20	1.3018	31.618	0.049336	supercritical
678.33	8.0000	62.563	0.015984	745.50	873.38	2.7005	0.93523	1.1611	398.70	1.2933	31.675	0.049461	supercritical
680.00	8.0000	62.395	0.016027	747.10	875.31	2.7033	0.93597	1.1616	399.21	1.2848	31.732	0.049585	supercritical
681.67	8.0000	62.228	0.016070	748.69	877.25	2.7062	0.93670	1.1621	399.71	1.2763	31.788	0.049710	supercritical
683.33	8.0000	62.063	0.016113	750.28	879.19	2.7090	0.93744	1.1626	400.21	1.2679	31.844	0.049835	supercritical
685.00	8.0000	61.898	0.016156	751.88	881.12	2.7118	0.93817	1.1631	400.71	1.2596	31.901	0.049959	supercritical
686.67	8.0000	61.734	0.016199	753.47	883.06	2.7147	0.93891	1.1636	401.21	1.2514	31.957	0.050083	supercritical
688.33	8.0000	61.571	0.016241	755.07	885.00	2.7175	0.93964	1.1641	401.71	1.2432	32.013	0.050208	supercritical
690.00	8.0000	61.409	0.016284	756.67	886.94	2.7203	0.94037	1.1646	402.21	1.2350	32.070	0.050332	supercritical
691.67	8.0000	61.248	0.016327	758.27	888.88	2.7231	0.94109	1.1651	402.70	1.2269	32.126	0.050457	supercritical
693.33	8.0000	61.088	0.016370	759.87	890.83	2.7259	0.94182	1.1656	403.20	1.2189	32.182	0.050581	supercritical
695.00	8.0000	60.929	0.016413	761.47	892.77	2.7287	0.94254	1.1661	403.70	1.2110	32.238	0.050705	supercritical
696.67	8.0000	60.771	0.016455	763.07	894.71	2.7315	0.94326	1.1666	404.19	1.2031	32.294	0.050830	supercritical
698.33	8.0000	60.614	0.016498	764.67	896.66	2.7343	0.94399	1.1671	404.68	1.1952	32.350	0.050954	supercritical
700.00	8.0000	60.457	0.016541	766.28	898.60	2.7371	0.94470	1.1676	405.18	1.1874	32.406	0.051078	supercritical
701.67	8.0000	60.301	0.016583	767.88	900.55	2.7399	0.94542	1.1681	405.67	1.1797	32.462	0.051202	supercritical
703.33	8.0000	60.147	0.016626	769.49	902.50	2.7426	0.94614	1.1686	406.16	1.1720	32.517	0.051326	supercritical
705.00	8.0000	59.993	0.016669	771.10	904.45	2.7454	0.94685	1.1691	406.65	1.1644	32.573	0.051450	supercritical
706.67	8.0000	59.840	0.016711	772.70	906.39	2.7482	0.94756	1.1696	407.14	1.1569	32.629	0.051574	supercritical
708.33	8.0000	59.688	0.016754	774.31	908.34	2.7509	0.94827	1.1701	407.62	1.1494	32.684	0.051698	supercritical
710.00	8.0000	59.537	0.016796	775.92	910.29	2.7537	0.94898	1.1706	408.11	1.1419	32.740	0.051822	supercritical
711.67	8.0000	59.386	0.016839	777.53	912.25	2.7564	0.94969	1.1711	408.60	1.1345	32.795	0.051946	supercritical
713.33	8.0000	59.236	0.016882	779.15	914.20	2.7591	0.95040	1.1716	409.08	1.1272	32.851	0.052070	supercritical
715.00	8.0000	59.088	0.016924	780.76	916.15	2.7619	0.95110	1.1721	409.57	1.1199	32.906	0.052194	supercritical
716.67	8.0000	58.940	0.016967	782.37	918.11	2.7646	0.95180	1.1726	410.05	1.1126	32.962	0.052317	supercritical
718.33	8.0000	58.792	0.017009	783.99	920.06	2.7673	0.95250	1.1732	410.53	1.1054	33.017	0.052441	supercritical
720.00	8.0000	58.646	0.017051	785.60	922.02	2.7701	0.95320	1.1737	411.01	1.0983	33.072	0.052565	supercritical
721.67	8.0000	58.500	0.017094	787.22	923.97	2.7728	0.95390	1.1742	411.50	1.0912	33.127	0.052689	supercritical
723.33	8.0000	58.356	0.017136	788.84	925.93	2.7755	0.95459	1.1747	411.98	1.0841	33.182	0.052812	supercritical
725.00	8.0000	58.211	0.017179	790.46	927.89	2.7782	0.95529	1.1752	412.46	1.0771	33.237	0.052936	supercritical
726.67	8.0000	58.068	0.017221	792.08	929.85	2.7809	0.95598	1.1757	412.93	1.0702	33.292	0.053059	supercritical
728.33	8.0000	57.926	0.017264	793.70	931.81	2.7836	0.95667	1.1762	413.41	1.0633	33.347	0.053183	supercritical
730.00	8.0000	57.784	0.017306	795.32	933.77	2.7863	0.95736	1.1767	413.89	1.0564	33.402	0.053306	supercritical
731.67	8.0000	57.643	0.017348	796.94	935.73	2.7889	0.95804	1.1772	414.37	1.0496	33.457	0.053429	supercritical
733.33	8.0000	57.503	0.017391	798.57	937.69	2.7916	0.95873	1.1777	414.84	1.0429	33.512	0.053553	supercritical
735.00	8.0000	57.363	0.017433	800.19	939.65	2.7943	0.95941	1.1782	415.32	1.0362	33.567	0.053676	supercritical
736.67	8.0000	57.224	0.017475	801.82	941.62	2.7970	0.96009	1.1787	415.79	1.0295	33.621	0.053799	supercritical
738.33	8.0000	57.086	0.017517	803.44	943.58	2.7996	0.96077	1.1792	416.26	1.0229	33.676	0.053922	supercritical
740.00	8.0000	56.949	0.017560	805.07	945.55	2.8023	0.96145	1.1797	416.73	1.0163	33.731	0.054045	supercritical
741.67	8.0000	56.812	0.017602	806.70	947.52	2.8049	0.96213	1.1802	417.21	1.0098	33.785	0.054168	supercritical
743.33	8.0000	56.676	0.017644	808.33	949.48	2.8076	0.96280	1.1807	417.68	1.0033	33.840	0.054291	supercritical
745.00	8.0000	56.541	0.017686	809.96	951.45	2.8102	0.96348	1.1812	418.15	0.99686	33.894	0.054414	supercritical
746.67	8.0000	56.406	0.017729	811.59	953.42	2.8129	0.96415	1.1817	418.62	0.99046	33.949	0.054537	supercritical
748.33	8.0000	56.272	0.017771	813.23	955.39	2.8155	0.96482	1.1823	419.08	0.98410	34.003	0.054660	supercritical
750.00	8.0000	56.139	0.017813	814.86	957.36	2.8181	0.96549	1.1828	419.55	0.97779	34.057	0.054783	supercritical
751.67	8.0000	56.007	0.017855	816.49	959.33	2.8208	0.96615	1.1833	420.02	0.97152	34.111	0.054906	supercritical
753.33	8.0000	55.875	0.017897	818.13	961.31	2.8234	0.96682	1.1838	420.49	0.96529	34.166	0.055029	supercritical
755.00	8.0000	55.744	0.017939	819.77	963.28	2.8260	0.96748	1.1843	420.95	0.95910	34.220	0.055151	supercritical
756.67	8.0000	55.613	0.017981	821.40	965.25	2.8286	0.96814	1.1848	421.42	0.95295	34.274	0.055274	supercritical
758.33	8.0000	55.483	0.018023	823.04	967.23	2.8312	0.96880	1.1853	421.88	0.94684	34.328	0.055396	supercritical
760.00	8.0000	55.354	0.018066	824.68	969.20	2.8338	0.96946	1.1858	422.34	0.94077	34.382	0.055519	supercritical
761.67	8.0000	55.225	0.018108	826.32	971.18	2.8364	0.97011	1.1863	422.81	0.93474	34.436	0.055641	supercritical
763.33	8.0000	55.098	0.018150	827.96	973.16	2.8390	0.97077	1.1868	423.27	0.92876	34.490	0.055764	supercritical
765.00	8.0000	54.970	0.018192	829.60	975.14	2.8416	0.97142	1.1873	423.73	0.92281	34.543	0.055886	supercritical
766.67	8.0000	54.844	0.018234	831.25	977.12	2.8442	0.97207	1.1878	424.19	0.91689	34.597	0.056008	supercritical
768.33	8.0000	54.718	0.018276	832.89	979.10	2.8468	0.97272	1.1883	424.65	0.91102	34.651	0.056130	supercritical
770.00	8.0000	54.592	0.018318	834.54	981.08	2.8494	0.97337	1.1888	425.11	0.90519	34.705	0.056253	supercritical
771.67	8.0000	54.467	0.018360	836.18	983.06	2.8519	0.97402	1.1893	425.57	0.89939	34.758	0.056375	supercritical
773.33	8.0000	54.343	0.018402	837.83	985.04	2.8545	0.97466	1.1898	426.02	0.89363	34.812	0.056497	supercritical
775.00	8.0000	54.220	0.018444	839.48	987.03	2.8571	0.97530	1.1903	426.48	0.88790	34.865	0.056619	supercritical
776.67	8.0000	54.097	0.018485	841.13	989.01	2.8596	0.97594	1.1908	426.94	0.88222	34.919	0.056741	supercritical
778.33	8.0000	53.974	0.018527	842.78	990.99	2.8622	0.97658	1.1913	427.39	0.87657	34.972	0.056863	supercritical
780.00	8.0000	53.852	0.018569	844.43	992.98	2.8647	0.97722	1.1918	427.85	0.87095	35.026	0.056985	supercritical
781.67	8.0000	53.731	0.018611	846.08	994.97	2.8673	0.97786	1.1923	428.30	0.86537	35.079	0.057106	supercritical
783.33	8.0000	53.611	0.018653	847.73	996.95	2.8698	0.97849	1.1928	428.76	0.85983	35.132	0.057228	supercritical
785.00	8.0000	53.491	0.018695	849.38	998.94	2.8723	0.97912	1.1933	429.21	0.85432	35.185	0.057350	supercritical
786.67	8.0000	53.371	0.018737	851.04	1000.9	2.8749	0.97976	1.1938	429.66	0.84884	35.239	0.057471	supercritical
788.33	8.0000	53.252	0.018779	852.69	1002.9	2.8774	0.98039	1.1943	430.11	0.84340	35.292	0.057593	supercritical
790.00	8.0000	53.134	0.018820	854.35	1004.9	2.8799	0.98101	1.1947	430.56	0.83800	35.345	0.057714	supercritical
791.67	8.0000	53.016	0.018862	856.01	1006.9	2.8824	0.98164	1.1952	431.01	0.83262	35.398	0.057836	supercritical
793.33	8.0000	52.899	0.018904	857.67	1008.9	2.8849	0.98226	1.1957	431.46	0.82728	35.451	0.057957	supercritical
795.00	8.0000	52.782	0.018946	859.32	1010.9	2.8875	0.98289	1.1962	431.91	0.82198	35.504	0.058078	supercritical
796.67	8.0000	52.666	0.018988	860.98	1012.9	2.8900	0.98351	1.1967	432.36	0.81670	35.557	0.058200	supercritical
798.33	8.0000	52.550	0.019029	862.64	1014.9	2.8925	0.98413	1.1972	432.81	0.81146	35.610	0.058321	supercritical
800.00	8.0000	52.435	0.019071	864.31	1016.9	2.8950	0.98474	1.1977	433.26	0.80625	35.662	0.058442	supercritical
801.67	8.0000	52.321	0.019113	865.97	1018.9	2.8975	0.98536	1.1982	433.70	0.80108	35.715	0.058563	supercritical
803.33	8.0000	52.207	0.019155	867.63	1020.9	2.8999	0.98598	1.1987	434.15	0.79593	35.768	0.058684	supercritical
805.00	8.0000	52.093	0.019196	869.30	1022.9	2.9024	0.98659	1.1992	434.59	0.79082	35.821	0.058805	supercritical
806.67	8.0000	51.981	0.019238	870.96	1024.9	2.9049	0.98720	1.1997	435.04	0.78573	35.873	0.058926	supercritical
808.33	8.0000	51.868	0.019280	872.63	1026.9	2.9074	0.98781	1.2001	435.48	0.78068	35.926	0.059047	supercritical
810.00	8.0000	51.756	0.019321	874.30	1028.9	2.9099	0.98842	1.2006	435.93	0.77566	35.978	0.059168	supercritical
811.67	8.0000	51.645	0.019363	875.96	1030.9	2.9123	0.98902	1.2011	436.37	0.77067	36.031	0.059288	supercritical
813.33	8.0000	51.534	0.019405	877.63	1032.9	2.9148	0.98963	1.2016	436.81	0.76571	36.083	0.059409	supercritical
815.00	8.0000	51.424	0.019446	879.30	1034.9	2.9173	0.99023	1.2021	437.25	0.76078	36.135	0.059529	supercritical
816.67	8.0000	51.314	0.019488	880.97	1036.9	2.9197	0.99083	1.2026	437.69	0.75587	36.188	0.059650	supercritical
818.33	8.0000	51.204	0.019530	882.65	1038.9	2.9222	0.99143	1.2030	438.13	0.75100	36.240	0.059770	supercritical
820.00	8.0000	51.096	0.019571	884.32	1040.9	2.9246	0.99203	1.2035	438.57	0.74616	36.292	0.059891	supercritical
821.67	8.0000	50.987	0.019613	885.99	1042.9	2.9271	0.99263	1.2040	439.01	0.74134	36.344	0.060011	supercritical
823.33	8.0000	50.879	0.019654	887.67	1044.9	2.9295	0.99322	1.2045	439.45	0.73656	36.397	0.060132	supercritical
825.00	8.0000	50.772	0.019696	889.34	1046.9	2.9319	0.99382	1.2050	439.89	0.73180	36.449	0.060252	supercritical
826.67	8.0000	50.665	0.019737	891.02	1048.9	2.9344	0.99441	1.2055	440.33	0.72707	36.501	0.060372	supercritical
828.33	8.0000	50.559	0.019779	892.69	1050.9	2.9368	0.99500	1.2059	440.76	0.72237	36.553	0.060492	supercritical
830.00	8.0000	50.453	0.019821	894.37	1052.9	2.9392	0.99559	1.2064	441.20	0.71769	36.605	0.060612	supercritical
831.67	8.0000	50.347	0.019862	896.05	1054.9	2.9416	0.99617	1.2069	441.64	0.71305	36.657	0.060732	supercritical
833.33	8.0000	50.242	0.019904	897.73	1057.0	2.9441	0.99676	1.2074	442.07	0.70843	36.709	0.060852	supercritical
835.00	8.0000	50.137	0.019945	899.41	1059.0	2.9465	0.99734	1.2078	442.51	0.70383	36.760	0.060972	supercritical
836.67	8.0000	50.033	0.019987	901.09	1061.0	2.9489	0.99793	1.2083	442.94	0.69927	36.812	0.061091	supercritical
838.33	8.0000	49.930	0.020028	902.78	1063.0	2.9513	0.99851	1.2088	443.37	0.69473	36.864	0.061211	supercritical
840.00	8.0000	49.827	0.020070	904.46	1065.0	2.9537	0.99909	1.2093	443.81	0.69021	36.916	0.061331	supercritical
841.67	8.0000	49.724	0.020111	906.14	1067.0	2.9561	0.99966	1.2097	444.24	0.68572	36.967	0.061450	supercritical
843.33	8.0000	49.621	0.020153	907.83	1069.0	2.9585	1.0002	1.2102	444.67	0.68126	37.019	0.061570	supercritical
845.00	8.0000	49.520	0.020194	909.51	1071.1	2.9609	1.0008	1.2107	445.10	0.67683	37.070	0.061689	supercritical
846.67	8.0000	49.418	0.020235	911.20	1073.1	2.9632	1.0014	1.2111	445.53	0.67242	37.122	0.061809	supercritical
848.33	8.0000	49.317	0.020277	912.89	1075.1	2.9656	1.0020	1.2116	445.96	0.66803	37.173	0.061928	supercritical
850.00	8.0000	49.217	0.020318	914.58	1077.1	2.9680	1.0025	1.2121	446.39	0.66367	37.225	0.062047	supercritical
851.67	8.0000	49.117	0.020360	916.27	1079.1	2.9704	1.0031	1.2126	446.82	0.65933	37.276	0.062167	supercritical
853.33	8.0000	49.017	0.020401	917.96	1081.2	2.9728	1.0037	1.2130	447.25	0.65502	37.327	0.062286	supercritical
855.00	8.0000	48.918	0.020443	919.65	1083.2	2.9751	1.0042	1.2135	447.68	0.65073	37.379	0.062405	supercritical
856.67	8.0000	48.819	0.020484	921.34	1085.2	2.9775	1.0048	1.2139	448.10	0.64647	37.430	0.062524	supercritical
858.33	8.0000	48.720	0.020525	923.03	1087.2	2.9798	1.0054	1.2144	448.53	0.64223	37.481	0.062643	supercritical
860.00	8.0000	48.622	0.020567	924.72	1089.3	2.9822	1.0059	1.2149	448.96	0.63802	37.532	0.062762	supercritical
861.67	8.0000	48.525	0.020608	926.42	1091.3	2.9846	1.0065	1.2153	449.38	0.63382	37.583	0.062880	supercritical
863.33	8.0000	48.428	0.020649	928.11	1093.3	2.9869	1.0070	1.2158	449.81	0.62966	37.635	0.062999	supercritical
865.00	8.0000	48.331	0.020691	929.81	1095.3	2.9892	1.0076	1.2163	450.23	0.62551	37.686	0.063118	supercritical
866.67	8.0000	48.235	0.020732	931.51	1097.4	2.9916	1.0081	1.2167	450.66	0.62139	37.737	0.063236	supercritical
868.33	8.0000	48.139	0.020773	933.20	1099.4	2.9939	1.0087	1.2172	451.08	0.61729	37.788	0.063355	supercritical
870.00	8.0000	48.043	0.020815	934.90	1101.4	2.9963	1.0092	1.2176	451.50	0.61321	37.838	0.063473	supercritical
871.67	8.0000	47.948	0.020856	936.60	1103.4	2.9986	1.0098	1.2181	451.93	0.60916	37.889	0.063592	supercritical
873.33	8.0000	47.853	0.020897	938.30	1105.5	3.0009	1.0103	1.2186	452.35	0.60513	37.940	0.063710	supercritical
875.00	8.0000	47.759	0.020939	940.00	1107.5	3.0032	1.0109	1.2190	452.77	0.60112	37.991	0.063829	supercritical
876.67	8.0000	47.665	0.020980	941.71	1109.5	3.0056	1.0114	1.2195	453.19	0.59713	38.042	0.063947	supercritical
878.33	8.0000	47.571	0.021021	943.41	1111.6	3.0079	1.0120	1.2199	453.61	0.59316	38.092	0.064065	supercritical
880.00	8.0000	47.478	0.021062	945.11	1113.6	3.0102	1.0125	1.2204	454.03	0.58922	38.143	0.064183	supercritical
881.67	8.0000	47.385	0.021104	946.82	1115.6	3.0125	1.0131	1.2208	454.45	0.58530	38.194	0.064301	supercritical
883.33	8.0000	47.293	0.021145	948.52	1117.7	3.0148	1.0136	1.2213	454.87	0.58139	38.244	0.064419	supercritical
885.00	8.0000	47.201	0.021186	950.23	1119.7	3.0171	1.0141	1.2217	455.29	0.57751	38.295	0.064537	supercritical
886.67	8.0000	47.109	0.021227	951.93	1121.8	3.0194	1.0147	1.2222	455.71	0.57365	38.345	0.064655	supercritical
888.33	8.0000	47.018	0.021268	953.64	1123.8	3.0217	1.0152	1.2226	456.12	0.56981	38.396	0.064772	supercritical
890.00	8.0000	46.927	0.021310	955.35	1125.8	3.0240	1.0157	1.2231	456.54	0.56600	38.446	0.064890	supercritical
891.67	8.0000	46.836	0.021351	957.06	1127.9	3.0263	1.0163	1.2235	456.96	0.56220	38.496	0.065008	supercritical
893.33	8.0000	46.746	0.021392	958.77	1129.9	3.0286	1.0168	1.2240	457.37	0.55842	38.547	0.065125	supercritical
895.00	8.0000	46.656	0.021433	960.48	1131.9	3.0309	1.0173	1.2244	457.79	0.55466	38.597	0.065243	supercritical
896.67	8.0000	46.567	0.021474	962.19	1134.0	3.0331	1.0179	1.2249	458.21	0.55093	38.647	0.065360	supercritical
898.33	8.0000	46.478	0.021516	963.90	1136.0	3.0354	1.0184	1.2253	458.62	0.54721	38.697	0.065477	supercritical
900.00	8.0000	46.389	0.021557	965.62	1138.1	3.0377	1.0189	1.2257	459.03	0.54351	38.747	0.065595	supercritical
901.67	8.0000	46.301	0.021598	967.33	1140.1	3.0399	1.0194	1.2262	459.45	0.53983	38.798	0.065712	supercritical
903.33	8.0000	46.213	0.021639	969.05	1142.2	3.0422	1.0200	1.2266	459.86	0.53617	38.848	0.065829	supercritical
905.00	8.0000	46.125	0.021680	970.76	1144.2	3.0445	1.0205	1.2271	460.27	0.53253	38.898	0.065946	supercritical
906.67	8.0000	46.038	0.021721	972.48	1146.2	3.0467	1.0210	1.2275	460.69	0.52891	38.948	0.066063	supercritical
908.33	8.0000	45.951	0.021762	974.20	1148.3	3.0490	1.0215	1.2279	461.10	0.52531	38.998	0.066180	supercritical
910.00	8.0000	45.864	0.021804	975.91	1150.3	3.0512	1.0220	1.2284	461.51	0.52173	39.047	0.066297	supercritical
911.67	8.0000	45.778	0.021845	977.63	1152.4	3.0535	1.0225	1.2288	461.92	0.51816	39.097	0.066414	supercritical
913.33	8.0000	45.692	0.021886	979.35	1154.4	3.0557	1.0231	1.2292	462.33	0.51462	39.147	0.066531	supercritical
915.00	8.0000	45.606	0.021927	981.07	1156.5	3.0580	1.0236	1.2297	462.74	0.51109	39.197	0.066647	supercritical
916.67	8.0000	45.521	0.021968	982.79	1158.5	3.0602	1.0241	1.2301	463.15	0.50758	39.247	0.066764	supercritical
918.33	8.0000	45.436	0.022009	984.52	1160.6	3.0624	1.0246	1.2305	463.56	0.50409	39.296	0.066880	supercritical
920.00	8.0000	45.351	0.022050	986.24	1162.6	3.0647	1.0251	1.2310	463.97	0.50062	39.346	0.066997	supercritical
921.67	8.0000	45.267	0.022091	987.96	1164.7	3.0669	1.0256	1.2314	464.38	0.49716	39.396	0.067113	supercritical
923.33	8.0000	45.183	0.022132	989.69	1166.7	3.0691	1.0261	1.2318	464.78	0.49373	39.445	0.067230	supercritical
925.00	8.0000	45.100	0.022173	991.41	1168.8	3.0714	1.0266	1.2323	465.19	0.49031	39.495	0.067346	supercritical
926.67	8.0000	45.016	0.022214	993.14	1170.9	3.0736	1.0271	1.2327	465.60	0.48690	39.544	0.067462	supercritical
928.33	8.0000	44.933	0.022255	994.86	1172.9	3.0758	1.0276	1.2331	466.00	0.48352	39.594	0.067578	supercritical
930.00	8.0000	44.851	0.022296	996.59	1175.0	3.0780	1.0281	1.2336	466.41	0.48015	39.643	0.067694	supercritical
931.67	8.0000	44.768	0.022337	998.32	1177.0	3.0802	1.0286	1.2340	466.82	0.47680	39.693	0.067810	supercritical
933.33	8.0000	44.686	0.022378	1000.0	1179.1	3.0824	1.0291	1.2344	467.22	0.47347	39.742	0.067926	supercritical
935.00	8.0000	44.604	0.022419	1001.8	1181.1	3.0846	1.0296	1.2348	467.63	0.47015	39.791	0.068042	supercritical
936.67	8.0000	44.523	0.022460	1003.5	1183.2	3.0868	1.0301	1.2352	468.03	0.46685	39.841	0.068158	supercritical
938.33	8.0000	44.442	0.022501	1005.2	1185.3	3.0890	1.0306	1.2357	468.43	0.46357	39.890	0.068273	supercritical
940.00	8.0000	44.361	0.022542	1007.0	1187.3	3.0912	1.0311	1.2361	468.84	0.46030	39.939	0.068389	supercritical
941.67	8.0000	44.281	0.022583	1008.7	1189.4	3.0934	1.0316	1.2365	469.24	0.45705	39.988	0.068505	supercritical
943.33	8.0000	44.200	0.022624	1010.4	1191.4	3.0956	1.0320	1.2369	469.64	0.45381	40.037	0.068620	supercritical
945.00	8.0000	44.121	0.022665	1012.2	1193.5	3.0978	1.0325	1.2373	470.04	0.45059	40.086	0.068736	supercritical
946.67	8.0000	44.041	0.022706	1013.9	1195.6	3.0999	1.0330	1.2378	470.45	0.44739	40.135	0.068851	supercritical
948.33	8.0000	43.962	0.022747	1015.6	1197.6	3.1021	1.0335	1.2382	470.85	0.44420	40.184	0.068966	supercritical
950.00	8.0000	43.883	0.022788	1017.4	1199.7	3.1043	1.0340	1.2386	471.25	0.44103	40.233	0.069082	supercritical
951.67	8.0000	43.804	0.022829	1019.1	1201.7	3.1065	1.0345	1.2390	471.65	0.43788	40.282	0.069197	supercritical
953.33	8.0000	43.726	0.022870	1020.9	1203.8	3.1086	1.0349	1.2394	472.05	0.43474	40.331	0.069312	supercritical
955.00	8.0000	43.648	0.022911	1022.6	1205.9	3.1108	1.0354	1.2398	472.45	0.43161	40.380	0.069427	supercritical
956.67	8.0000	43.570	0.022952	1024.3	1207.9	3.1130	1.0359	1.2402	472.85	0.42851	40.429	0.069542	supercritical
958.33	8.0000	43.492	0.022993	1026.1	1210.0	3.1151	1.0364	1.2407	473.24	0.42541	40.478	0.069657	supercritical
960.00	8.0000	43.415	0.023034	1027.8	1212.1	3.1173	1.0368	1.2411	473.64	0.42233	40.526	0.069772	supercritical
961.67	8.0000	43.338	0.023074	1029.6	1214.2	3.1194	1.0373	1.2415	474.04	0.41927	40.575	0.069886	supercritical
963.33	8.0000	43.261	0.023115	1031.3	1216.2	3.1216	1.0378	1.2419	474.44	0.41622	40.624	0.070001	supercritical
965.00	8.0000	43.185	0.023156	1033.0	1218.3	3.1237	1.0383	1.2423	474.83	0.41319	40.673	0.070116	supercritical
966.67	8.0000	43.109	0.023197	1034.8	1220.4	3.1259	1.0387	1.2427	475.23	0.41017	40.721	0.070230	supercritical
968.33	8.0000	43.033	0.023238	1036.5	1222.4	3.1280	1.0392	1.2431	475.63	0.40716	40.770	0.070345	supercritical
970.00	8.0000	42.958	0.023279	1038.3	1224.5	3.1302	1.0397	1.2435	476.02	0.40417	40.818	0.070459	supercritical
971.67	8.0000	42.882	0.023320	1040.0	1226.6	3.1323	1.0401	1.2439	476.42	0.40119	40.867	0.070574	supercritical
973.33	8.0000	42.807	0.023361	1041.8	1228.7	3.1344	1.0406	1.2443	476.81	0.39823	40.915	0.070688	supercritical
975.00	8.0000	42.733	0.023401	1043.5	1230.7	3.1366	1.0411	1.2447	477.21	0.39529	40.964	0.070802	supercritical
976.67	8.0000	42.658	0.023442	1045.3	1232.8	3.1387	1.0415	1.2451	477.60	0.39235	41.012	0.070916	supercritical
978.33	8.0000	42.584	0.023483	1047.0	1234.9	3.1408	1.0420	1.2455	478.00	0.38943	41.060	0.071030	supercritical
980.00	8.0000	42.510	0.023524	1048.8	1237.0	3.1429	1.0424	1.2459	478.39	0.38653	41.109	0.071144	supercritical
981.67	8.0000	42.436	0.023565	1050.5	1239.0	3.1450	1.0429	1.2463	478.78	0.38363	41.157	0.071258	supercritical
983.33	8.0000	42.363	0.023605	1052.3	1241.1	3.1472	1.0433	1.2467	479.18	0.38076	41.205	0.071372	supercritical
985.00	8.0000	42.290	0.023646	1054.0	1243.2	3.1493	1.0438	1.2471	479.57	0.37789	41.253	0.071486	supercritical
986.67	8.0000	42.217	0.023687	1055.8	1245.3	3.1514	1.0443	1.2475	479.96	0.37504	41.301	0.071600	supercritical
988.33	8.0000	42.144	0.023728	1057.5	1247.3	3.1535	1.0447	1.2479	480.35	0.37220	41.350	0.071713	supercritical
990.00	8.0000	42.072	0.023769	1059.3	1249.4	3.1556	1.0452	1.2483	480.74	0.36938	41.398	0.071827	supercritical
991.67	8.0000	42.000	0.023809	1061.0	1251.5	3.1577	1.0456	1.2487	481.13	0.36657	41.446	0.071940	supercritical
993.33	8.0000	41.928	0.023850	1062.8	1253.6	3.1598	1.0461	1.2491	481.52	0.36377	41.494	0.072054	supercritical
995.00	8.0000	41.857	0.023891	1064.5	1255.7	3.1619	1.0465	1.2494	481.91	0.36098	41.542	0.072167	supercritical
996.67	8.0000	41.785	0.023932	1066.3	1257.7	3.1640	1.0469	1.2498	482.30	0.35821	41.590	0.072281	supercritical
998.33	8.0000	41.714	0.023973	1068.1	1259.8	3.1661	1.0474	1.2502	482.69	0.35545	41.638	0.072394	supercritical
1000.0	8.0000	41.644	0.024013	1069.8	1261.9	3.1681	1.0478	1.2506	483.08	0.35271	41.686	0.072507	supercritical
1001.7	8.0000	41.573	0.024054	1071.6	1264.0	3.1702	1.0483	1.2510	483.47	0.34997	41.733	0.072620	supercritical
1003.3	8.0000	41.503	0.024095	1073.3	1266.1	3.1723	1.0487	1.2514	483.86	0.34725	41.781	0.072733	supercritical
1005.0	8.0000	41.433	0.024136	1075.1	1268.2	3.1744	1.0492	1.2518	484.24	0.34454	41.829	0.072846	supercritical
1006.7	8.0000	41.363	0.024176	1076.8	1270.3	3.1765	1.0496	1.2522	484.63	0.34185	41.877	0.072959	supercritical
1008.3	8.0000	41.293	0.024217	1078.6	1272.3	3.1785	1.0500	1.2525	485.02	0.33916	41.924	0.073072	supercritical
1010.0	8.0000	41.224	0.024258	1080.4	1274.4	3.1806	1.0505	1.2529	485.40	0.33649	41.972	0.073185	supercritical
1011.7	8.0000	41.155	0.024299	1082.1	1276.5	3.1827	1.0509	1.2533	485.79	0.33383	42.020	0.073297	supercritical
1013.3	8.0000	41.086	0.024339	1083.9	1278.6	3.1847	1.0513	1.2537	486.18	0.33119	42.067	0.073410	supercritical
1015.0	8.0000	41.017	0.024380	1085.7	1280.7	3.1868	1.0518	1.2541	486.56	0.32855	42.115	0.073523	supercritical
1016.7	8.0000	40.949	0.024421	1087.4	1282.8	3.1888	1.0522	1.2544	486.95	0.32593	42.162	0.073635	supercritical
1018.3	8.0000	40.881	0.024461	1089.2	1284.9	3.1909	1.0526	1.2548	487.33	0.32332	42.210	0.073747	supercritical
1020.0	8.0000	40.813	0.024502	1091.0	1287.0	3.1930	1.0531	1.2552	487.72	0.32072	42.257	0.073860	supercritical
1021.7	8.0000	40.745	0.024543	1092.7	1289.1	3.1950	1.0535	1.2556	488.10	0.31813	42.305	0.073972	supercritical
1023.3	8.0000	40.678	0.024583	1094.5	1291.2	3.1970	1.0539	1.2559	488.48	0.31555	42.352	0.074084	supercritical
1025.0	8.0000	40.611	0.024624	1096.3	1293.3	3.1991	1.0543	1.2563	488.87	0.31299	42.400	0.074197	supercritical
1026.7	8.0000	40.544	0.024665	1098.0	1295.3	3.2011	1.0548	1.2567	489.25	0.31044	42.447	0.074309	supercritical
1028.3	8.0000	40.477	0.024705	1099.8	1297.4	3.2032	1.0552	1.2571	489.63	0.30790	42.494	0.074421	supercritical
1030.0	8.0000	40.410	0.024746	1101.6	1299.5	3.2052	1.0556	1.2574	490.01	0.30537	42.542	0.074533	supercritical
1031.7	8.0000	40.344	0.024787	1103.3	1301.6	3.2072	1.0560	1.2578	490.39	0.30285	42.589	0.074644	supercritical
1033.3	8.0000	40.278	0.024827	1105.1	1303.7	3.2093	1.0564	1.2582	490.78	0.30034	42.636	0.074756	supercritical
1035.0	8.0000	40.212	0.024868	1106.9	1305.8	3.2113	1.0569	1.2585	491.16	0.29784	42.683	0.074868	supercritical
1036.7	8.0000	40.147	0.024909	1108.7	1307.9	3.2133	1.0573	1.2589	491.54	0.29536	42.730	0.074980	supercritical
1038.3	8.0000	40.081	0.024949	1110.4	1310.0	3.2153	1.0577	1.2593	491.92	0.29288	42.777	0.075091	supercritical
1040.0	8.0000	40.016	0.024990	1112.2	1312.1	3.2174	1.0581	1.2596	492.30	0.29042	42.824	0.075203	supercritical
1041.7	8.0000	39.951	0.025031	1114.0	1314.2	3.2194	1.0585	1.2600	492.68	0.28797	42.871	0.075314	supercritical
1043.3	8.0000	39.886	0.025071	1115.8	1316.3	3.2214	1.0589	1.2604	493.06	0.28552	42.919	0.075426	supercritical
1045.0	8.0000	39.822	0.025112	1117.5	1318.4	3.2234	1.0593	1.2607	493.44	0.28309	42.965	0.075537	supercritical
1046.7	8.0000	39.757	0.025153	1119.3	1320.5	3.2254	1.0598	1.2611	493.81	0.28067	43.012	0.075648	supercritical
1048.3	8.0000	39.693	0.025193	1121.1	1322.6	3.2274	1.0602	1.2615	494.19	0.27826	43.059	0.075760	supercritical
1050.0	8.0000	39.629	0.025234	1122.9	1324.7	3.2294	1.0606	1.2618	494.57	0.27586	43.106	0.075871	supercritical
1051.7	8.0000	39.566	0.025274	1124.6	1326.8	3.2314	1.0610	1.2622	494.95	0.27347	43.153	0.075982	supercritical
1053.3	8.0000	39.502	0.025315	1126.4	1328.9	3.2334	1.0614	1.2625	495.33	0.27109	43.200	0.076093	supercritical
1055.0	8.0000	39.439	0.025356	1128.2	1331.0	3.2354	1.0618	1.2629	495.70	0.26873	43.247	0.076204	supercritical
1056.7	8.0000	39.376	0.025396	1130.0	1333.1	3.2374	1.0622	1.2632	496.08	0.26637	43.293	0.076315	supercritical
1058.3	8.0000	39.313	0.025437	1131.8	1335.3	3.2394	1.0626	1.2636	496.46	0.26402	43.340	0.076425	supercritical
1060.0	8.0000	39.251	0.025477	1133.5	1337.4	3.2414	1.0630	1.2640	496.83	0.26168	43.387	0.076536	supercritical
1061.7	8.0000	39.188	0.025518	1135.3	1339.5	3.2434	1.0634	1.2643	497.21	0.25935	43.433	0.076647	supercritical
1063.3	8.0000	39.126	0.025558	1137.1	1341.6	3.2454	1.0638	1.2647	497.58	0.25704	43.480	0.076757	supercritical
1065.0	8.0000	39.064	0.025599	1138.9	1343.7	3.2474	1.0642	1.2650	497.96	0.25473	43.527	0.076868	supercritical
1066.7	8.0000	39.002	0.025640	1140.7	1345.8	3.2493	1.0646	1.2654	498.33	0.25243	43.573	0.076978	supercritical
1068.3	8.0000	38.941	0.025680	1142.5	1347.9	3.2513	1.0650	1.2657	498.71	0.25014	43.620	0.077089	supercritical
1070.0	8.0000	38.879	0.025721	1144.2	1350.0	3.2533	1.0654	1.2661	499.08	0.24786	43.666	0.077199	supercritical
1071.7	8.0000	38.818	0.025761	1146.0	1352.1	3.2553	1.0658	1.2664	499.45	0.24559	43.713	0.077309	supercritical
1073.3	8.0000	38.757	0.025802	1147.8	1354.2	3.2572	1.0662	1.2668	499.83	0.24333	43.759	0.077419	supercritical
1075.0	8.0000	38.696	0.025842	1149.6	1356.3	3.2592	1.0666	1.2671	500.20	0.24108	43.805	0.077530	supercritical
1076.7	8.0000	38.636	0.025883	1151.4	1358.5	3.2611	1.0669	1.2675	500.57	0.23884	43.852	0.077640	supercritical
1078.3	8.0000	38.575	0.025923	1153.2	1360.6	3.2631	1.0673	1.2678	500.94	0.23661	43.898	0.077750	supercritical
1080.0	8.0000	38.515	0.025964	1155.0	1362.7	3.2651	1.0677	1.2682	501.32	0.23439	43.944	0.077860	supercritical
1081.7	8.0000	38.455	0.026004	1156.8	1364.8	3.2670	1.0681	1.2685	501.69	0.23218	43.991	0.077969	supercritical
1083.3	8.0000	38.395	0.026045	1158.5	1366.9	3.2690	1.0685	1.2688	502.06	0.22998	44.037	0.078079	supercritical
1085.0	8.0000	38.336	0.026085	1160.3	1369.0	3.2709	1.0689	1.2692	502.43	0.22778	44.083	0.078189	supercritical
1086.7	8.0000	38.276	0.026126	1162.1	1371.1	3.2729	1.0693	1.2695	502.80	0.22560	44.129	0.078299	supercritical
1088.3	8.0000	38.217	0.026166	1163.9	1373.3	3.2748	1.0696	1.2699	503.17	0.22342	44.176	0.078408	supercritical
1090.0	8.0000	38.158	0.026207	1165.7	1375.4	3.2768	1.0700	1.2702	503.54	0.22126	44.222	0.078518	supercritical
1091.7	8.0000	38.099	0.026247	1167.5	1377.5	3.2787	1.0704	1.2705	503.91	0.21910	44.268	0.078627	supercritical
1093.3	8.0000	38.040	0.026288	1169.3	1379.6	3.2806	1.0708	1.2709	504.28	0.21695	44.314	0.078736	supercritical
1095.0	8.0000	37.982	0.026328	1171.1	1381.7	3.2826	1.0712	1.2712	504.65	0.21481	44.360	0.078846	supercritical
1096.7	8.0000	37.923	0.026369	1172.9	1383.8	3.2845	1.0715	1.2716	505.02	0.21268	44.406	0.078955	supercritical
1098.3	8.0000	37.865	0.026409	1174.7	1386.0	3.2864	1.0719	1.2719	505.39	0.21056	44.452	0.079064	supercritical
1100.0	8.0000	37.807	0.026450	1176.5	1388.1	3.2884	1.0723	1.2722	505.75	0.20845	44.498	0.079173	supercritical
1101.7	8.0000	37.750	0.026490	1178.3	1390.2	3.2903	1.0727	1.2726	506.12	0.20634	44.544	0.079282	supercritical
1103.3	8.0000	37.692	0.026531	1180.1	1392.3	3.2922	1.0730	1.2729	506.49	0.20425	44.590	0.079391	supercritical
1105.0	8.0000	37.635	0.026571	1181.9	1394.4	3.2941	1.0734	1.2732	506.86	0.20216	44.635	0.079500	supercritical
1106.7	8.0000	37.577	0.026612	1183.7	1396.6	3.2961	1.0738	1.2736	507.22	0.20008	44.681	0.079609	supercritical
1108.3	8.0000	37.520	0.026652	1185.5	1398.7	3.2980	1.0741	1.2739	507.59	0.19801	44.727	0.079718	supercritical
1110.0	8.0000	37.463	0.026693	1187.3	1400.8	3.2999	1.0745	1.2742	507.96	0.19595	44.773	0.079827	supercritical
1111.7	8.0000	37.407	0.026733	1189.1	1402.9	3.3018	1.0749	1.2746	508.32	0.19389	44.819	0.079935	supercritical
1113.3	8.0000	37.350	0.026774	1190.9	1405.1	3.3037	1.0753	1.2749	508.69	0.19185	44.864	0.080044	supercritical
1115.0	8.0000	37.294	0.026814	1192.7	1407.2	3.3056	1.0756	1.2752	509.05	0.18981	44.910	0.080152	supercritical
1116.7	8.0000	37.238	0.026855	1194.5	1409.3	3.3075	1.0760	1.2755	509.42	0.18778	44.956	0.080261	supercritical
1118.3	8.0000	37.182	0.026895	1196.3	1411.4	3.3094	1.0763	1.2759	509.78	0.18576	45.001	0.080369	supercritical
1120.0	8.0000	37.126	0.026935	1198.1	1413.6	3.3113	1.0767	1.2762	510.15	0.18375	45.047	0.080477	supercritical
1121.7	8.0000	37.070	0.026976	1199.9	1415.7	3.3132	1.0771	1.2765	510.51	0.18174	45.092	0.080586	supercritical
1123.3	8.0000	37.015	0.027016	1201.7	1417.8	3.3151	1.0774	1.2768	510.88	0.17975	45.138	0.080694	supercritical
1125.0	8.0000	36.959	0.027057	1203.5	1420.0	3.3170	1.0778	1.2772	511.24	0.17776	45.183	0.080802	supercritical
1126.7	8.0000	36.904	0.027097	1205.3	1422.1	3.3189	1.0782	1.2775	511.60	0.17578	45.229	0.080910	supercritical
1128.3	8.0000	36.849	0.027137	1207.1	1424.2	3.3208	1.0785	1.2778	511.96	0.17381	45.274	0.081018	supercritical
1130.0	8.0000	36.795	0.027178	1208.9	1426.3	3.3227	1.0789	1.2781	512.33	0.17184	45.320	0.081126	supercritical
1131.7	8.0000	36.740	0.027218	1210.7	1428.5	3.3246	1.0792	1.2784	512.69	0.16988	45.365	0.081234	supercritical
1133.3	8.0000	36.686	0.027259	1212.5	1430.6	3.3265	1.0796	1.2788	513.05	0.16793	45.410	0.081342	supercritical
1135.0	8.0000	36.631	0.027299	1214.3	1432.7	3.3283	1.0799	1.2791	513.41	0.16599	45.456	0.081449	supercritical
1136.7	8.0000	36.577	0.027340	1216.1	1434.9	3.3302	1.0803	1.2794	513.78	0.16406	45.501	0.081557	supercritical
1138.3	8.0000	36.523	0.027380	1218.0	1437.0	3.3321	1.0806	1.2797	514.14	0.16213	45.546	0.081665	supercritical
1140.0	8.0000	36.469	0.027420	1219.8	1439.1	3.3340	1.0810	1.2800	514.50	0.16021	45.591	0.081772	supercritical
1141.7	8.0000	36.416	0.027461	1221.6	1441.3	3.3358	1.0813	1.2803	514.86	0.15830	45.637	0.081880	supercritical
1143.3	8.0000	36.362	0.027501	1223.4	1443.4	3.3377	1.0817	1.2807	515.22	0.15640	45.682	0.081987	supercritical
1145.0	8.0000	36.309	0.027541	1225.2	1445.5	3.3396	1.0820	1.2810	515.58	0.15450	45.727	0.082094	supercritical
1146.7	8.0000	36.256	0.027582	1227.0	1447.7	3.3414	1.0824	1.2813	515.94	0.15261	45.772	0.082201	supercritical
1148.3	8.0000	36.203	0.027622	1228.8	1449.8	3.3433	1.0827	1.2816	516.30	0.15073	45.817	0.082309	supercritical
1150.0	8.0000	36.150	0.027663	1230.6	1451.9	3.3451	1.0831	1.2819	516.66	0.14886	45.862	0.082416	supercritical
1151.7	8.0000	36.097	0.027703	1232.5	1454.1	3.3470	1.0834	1.2822	517.02	0.14699	45.907	0.082523	supercritical
1153.3	8.0000	36.045	0.027743	1234.3	1456.2	3.3489	1.0838	1.2825	517.37	0.14513	45.952	0.082630	supercritical
1155.0	8.0000	35.992	0.027784	1236.1	1458.4	3.3507	1.0841	1.2828	517.73	0.14328	45.997	0.082737	supercritical
1156.7	8.0000	35.940	0.027824	1237.9	1460.5	3.3526	1.0844	1.2831	518.09	0.14143	46.042	0.082844	supercritical
1158.3	8.0000	35.888	0.027864	1239.7	1462.6	3.3544	1.0848	1.2834	518.45	0.13959	46.087	0.082950	supercritical
1160.0	8.0000	35.836	0.027905	1241.5	1464.8	3.3562	1.0851	1.2838	518.81	0.13776	46.132	0.083057	supercritical
1161.7	8.0000	35.785	0.027945	1243.3	1466.9	3.3581	1.0855	1.2841	519.16	0.13594	46.177	0.083164	supercritical
1163.3	8.0000	35.733	0.027985	1245.2	1469.0	3.3599	1.0858	1.2844	519.52	0.13412	46.222	0.083271	supercritical
1165.0	8.0000	35.681	0.028026	1247.0	1471.2	3.3618	1.0861	1.2847	519.88	0.13231	46.267	0.083377	supercritical
1166.7	8.0000	35.630	0.028066	1248.8	1473.3	3.3636	1.0865	1.2850	520.23	0.13051	46.311	0.083484	supercritical
1168.3	8.0000	35.579	0.028106	1250.6	1475.5	3.3654	1.0868	1.2853	520.59	0.12871	46.356	0.083590	supercritical
1170.0	8.0000	35.528	0.028147	1252.4	1477.6	3.3673	1.0871	1.2856	520.94	0.12692	46.401	0.083696	supercritical
1171.7	8.0000	35.477	0.028187	1254.3	1479.8	3.3691	1.0875	1.2859	521.30	0.12514	46.446	0.083803	supercritical
1173.3	8.0000	35.427	0.028227	1256.1	1481.9	3.3709	1.0878	1.2862	521.65	0.12336	46.490	0.083909	supercritical
1175.0	8.0000	35.376	0.028268	1257.9	1484.0	3.3728	1.0881	1.2865	522.01	0.12159	46.535	0.084015	supercritical
1176.7	8.0000	35.326	0.028308	1259.7	1486.2	3.3746	1.0885	1.2868	522.36	0.11983	46.580	0.084121	supercritical
1178.3	8.0000	35.275	0.028348	1261.5	1488.3	3.3764	1.0888	1.2871	522.72	0.11808	46.624	0.084227	supercritical
1180.0	8.0000	35.225	0.028389	1263.4	1490.5	3.3782	1.0891	1.2874	523.07	0.11633	46.669	0.084333	supercritical
1181.7	8.0000	35.175	0.028429	1265.2	1492.6	3.3800	1.0895	1.2877	523.43	0.11458	46.713	0.084439	supercritical
1183.3	8.0000	35.126	0.028469	1267.0	1494.8	3.3819	1.0898	1.2880	523.78	0.11285	46.758	0.084545	supercritical
1185.0	8.0000	35.076	0.028510	1268.8	1496.9	3.3837	1.0901	1.2883	524.13	0.11112	46.802	0.084651	supercritical
1186.7	8.0000	35.026	0.028550	1270.7	1499.1	3.3855	1.0904	1.2885	524.49	0.10939	46.847	0.084756	supercritical
1188.3	8.0000	34.977	0.028590	1272.5	1501.2	3.3873	1.0908	1.2888	524.84	0.10768	46.891	0.084862	supercritical
1190.0	8.0000	34.928	0.028630	1274.3	1503.4	3.3891	1.0911	1.2891	525.19	0.10597	46.936	0.084967	supercritical
1191.7	8.0000	34.879	0.028671	1276.1	1505.5	3.3909	1.0914	1.2894	525.54	0.10426	46.980	0.085073	supercritical
1193.3	8.0000	34.830	0.028711	1278.0	1507.7	3.3927	1.0917	1.2897	525.90	0.10256	47.024	0.085178	supercritical
1195.0	8.0000	34.781	0.028751	1279.8	1509.8	3.3945	1.0920	1.2900	526.25	0.10087	47.069	0.085284	supercritical
1196.7	8.0000	34.732	0.028792	1281.6	1512.0	3.3963	1.0924	1.2903	526.60	0.099187	47.113	0.085389	supercritical
1198.3	8.0000	34.684	0.028832	1283.5	1514.1	3.3981	1.0927	1.2906	526.95	0.097508	47.157	0.085494	supercritical
1200.0	8.0000	34.635	0.028872	1285.3	1516.3	3.3999	1.0930	1.2909	527.30	0.095835	47.202	0.085600	supercritical
1201.7	8.0000	34.587	0.028912	1287.1	1518.4	3.4017	1.0933	1.2912	527.65	0.094168	47.246	0.085705	supercritical
1203.3	8.0000	34.539	0.028953	1288.9	1520.6	3.4035	1.0936	1.2915	528.00	0.092508	47.290	0.085810	supercritical
1205.0	8.0000	34.491	0.028993	1290.8	1522.7	3.4053	1.0940	1.2917	528.35	0.090853	47.334	0.085915	supercritical
1206.7	8.0000	34.443	0.029033	1292.6	1524.9	3.4070	1.0943	1.2920	528.70	0.089205	47.378	0.086020	supercritical
1208.3	8.0000	34.396	0.029073	1294.4	1527.0	3.4088	1.0946	1.2923	529.05	0.087562	47.422	0.086125	supercritical
1210.0	8.0000	34.348	0.029114	1296.3	1529.2	3.4106	1.0949	1.2926	529.40	0.085926	47.467	0.086229	supercritical
1211.7	8.0000	34.301	0.029154	1298.1	1531.3	3.4124	1.0952	1.2929	529.75	0.084295	47.511	0.086334	supercritical
1213.3	8.0000	34.253	0.029194	1299.9	1533.5	3.4142	1.0955	1.2932	530.10	0.082671	47.555	0.086439	supercritical
1215.0	8.0000	34.206	0.029234	1301.8	1535.6	3.4159	1.0958	1.2934	530.45	0.081052	47.599	0.086543	supercritical
1216.7	8.0000	34.159	0.029275	1303.6	1537.8	3.4177	1.0961	1.2937	530.80	0.079439	47.643	0.086648	supercritical
1218.3	8.0000	34.112	0.029315	1305.4	1540.0	3.4195	1.0964	1.2940	531.14	0.077832	47.687	0.086753	supercritical
1220.0	8.0000	34.066	0.029355	1307.3	1542.1	3.4213	1.0968	1.2943	531.49	0.076231	47.731	0.086857	supercritical
1221.7	8.0000	34.019	0.029395	1309.1	1544.3	3.4230	1.0971	1.2946	531.84	0.074635	47.775	0.086961	supercritical
1223.3	8.0000	33.972	0.029436	1310.9	1546.4	3.4248	1.0974	1.2948	532.19	0.073046	47.818	0.087066	supercritical
1225.0	8.0000	33.926	0.029476	1312.8	1548.6	3.4266	1.0977	1.2951	532.53	0.071462	47.862	0.087170	supercritical
1226.7	8.0000	33.880	0.029516	1314.6	1550.7	3.4283	1.0980	1.2954	532.88	0.069884	47.906	0.087274	supercritical
1228.3	8.0000	33.834	0.029556	1316.5	1552.9	3.4301	1.0983	1.2957	533.23	0.068311	47.950	0.087378	supercritical
1230.0	8.0000	33.788	0.029597	1318.3	1555.1	3.4318	1.0986	1.2960	533.57	0.066744	47.994	0.087482	supercritical
1231.7	8.0000	33.742	0.029637	1320.1	1557.2	3.4336	1.0989	1.2962	533.92	0.065182	48.038	0.087586	supercritical
1233.3	8.0000	33.696	0.029677	1322.0	1559.4	3.4353	1.0992	1.2965	534.26	0.063627	48.081	0.087690	supercritical
1235.0	8.0000	33.651	0.029717	1323.8	1561.5	3.4371	1.0995	1.2968	534.61	0.062076	48.125	0.087794	supercritical
1236.7	8.0000	33.605	0.029757	1325.7	1563.7	3.4388	1.0998	1.2970	534.96	0.060531	48.169	0.087898	supercritical
1238.3	8.0000	33.560	0.029798	1327.5	1565.9	3.4406	1.1001	1.2973	535.30	0.058992	48.212	0.088002	supercritical
1240.0	8.0000	33.515	0.029838	1329.3	1568.0	3.4423	1.1004	1.2976	535.64	0.057458	48.256	0.088105	supercritical
1241.7	8.0000	33.469	0.029878	1331.2	1570.2	3.4441	1.1007	1.2979	535.99	0.055930	48.300	0.088209	supercritical
1243.3	8.0000	33.424	0.029918	1333.0	1572.4	3.4458	1.1010	1.2981	536.33	0.054406	48.343	0.088312	supercritical
1245.0	8.0000	33.380	0.029958	1334.9	1574.5	3.4476	1.1013	1.2984	536.68	0.052889	48.387	0.088416	supercritical
1246.7	8.0000	33.335	0.029999	1336.7	1576.7	3.4493	1.1016	1.2987	537.02	0.051376	48.430	0.088519	supercritical
1248.3	8.0000	33.290	0.030039	1338.5	1578.9	3.4510	1.1019	1.2989	537.36	0.049869	48.474	0.088623	supercritical
1250.0	8.0000	33.246	0.030079	1340.4	1581.0	3.4528	1.1022	1.2992	537.71	0.048367	48.517	0.088726	supercritical
1251.7	8.0000	33.201	0.030119	1342.2	1583.2	3.4545	1.1025	1.2995	538.05	0.046871	48.561	0.088829	supercritical
1253.3	8.0000	33.157	0.030159	1344.1	1585.4	3.4562	1.1027	1.2997	538.39	0.045379	48.604	0.088932	supercritical
1255.0	8.0000	33.113	0.030200	1345.9	1587.5	3.4579	1.1030	1.3000	538.74	0.043893	48.648	0.089036	supercritical
1256.7	8.0000	33.069	0.030240	1347.8	1589.7	3.4597	1.1033	1.3003	539.08	0.042412	48.691	0.089139	supercritical
1258.3	8.0000	33.025	0.030280	1349.6	1591.9	3.4614	1.1036	1.3005	539.42	0.040936	48.734	0.089242	supercritical
1260.0	8.0000	32.981	0.030320	1351.5	1594.0	3.4631	1.1039	1.3008	539.76	0.039466	48.778	0.089345	supercritical
1261.7	8.0000	32.938	0.030360	1353.3	1596.2	3.4648	1.1042	1.3011	540.10	0.038000	48.821	0.089447	supercritical
1263.3	8.0000	32.894	0.030400	1355.2	1598.4	3.4666	1.1045	1.3013	540.45	0.036540	48.864	0.089550	supercritical
1265.0	8.0000	32.851	0.030441	1357.0	1600.5	3.4683	1.1048	1.3016	540.79	0.035084	48.908	0.089653	supercritical
1266.7	8.0000	32.808	0.030481	1358.8	1602.7	3.4700	1.1051	1.3019	541.13	0.033634	48.951	0.089756	supercritical
1268.3	8.0000	32.764	0.030521	1360.7	1604.9	3.4717	1.1053	1.3021	541.47	0.032188	48.994	0.089858	supercritical
1270.0	8.0000	32.721	0.030561	1362.5	1607.0	3.4734	1.1056	1.3024	541.81	0.030747	49.037	0.089961	supercritical
1271.7	8.0000	32.678	0.030601	1364.4	1609.2	3.4751	1.1059	1.3026	542.15	0.029312	49.081	0.090063	supercritical
1273.3	8.0000	32.636	0.030641	1366.2	1611.4	3.4768	1.1062	1.3029	542.49	0.027881	49.124	0.090166	supercritical
1275.0	8.0000	32.593	0.030682	1368.1	1613.5	3.4785	1.1065	1.3031	542.83	0.026455	49.167	0.090268	supercritical
1276.7	8.0000	32.550	0.030722	1369.9	1615.7	3.4802	1.1068	1.3034	543.17	0.025034	49.210	0.090371	supercritical
1278.3	8.0000	32.508	0.030762	1371.8	1617.9	3.4819	1.1070	1.3037	543.51	0.023618	49.253	0.090473	supercritical
1280.0	8.0000	32.465	0.030802	1373.6	1620.1	3.4836	1.1073	1.3039	543.85	0.022207	49.296	0.090575	supercritical
1281.7	8.0000	32.423	0.030842	1375.5	1622.2	3.4853	1.1076	1.3042	544.18	0.020801	49.339	0.090677	supercritical
1283.3	8.0000	32.381	0.030882	1377.4	1624.4	3.4870	1.1079	1.3044	544.52	0.019399	49.382	0.090779	supercritical
1285.0	8.0000	32.339	0.030922	1379.2	1626.6	3.4887	1.1082	1.3047	544.86	0.018002	49.425	0.090881	supercritical
1286.7	8.0000	32.297	0.030963	1381.1	1628.8	3.4904	1.1084	1.3049	545.20	0.016610	49.468	0.090983	supercritical
1288.3	8.0000	32.255	0.031003	1382.9	1630.9	3.4921	1.1087	1.3052	545.54	0.015222	49.511	0.091085	supercritical
1290.0	8.0000	32.214	0.031043	1384.8	1633.1	3.4938	1.1090	1.3054	545.87	0.013839	49.554	0.091187	supercritical
1291.7	8.0000	32.172	0.031083	1386.6	1635.3	3.4955	1.1093	1.3057	546.21	0.012461	49.597	0.091289	supercritical
1293.3	8.0000	32.130	0.031123	1388.5	1637.5	3.4972	1.1095	1.3059	546.55	0.011087	49.640	0.091391	supercritical
1295.0	8.0000	32.089	0.031163	1390.3	1639.6	3.4988	1.1098	1.3062	546.89	0.0097184	49.683	0.091492	supercritical
1296.7	8.0000	32.048	0.031203	1392.2	1641.8	3.5005	1.1101	1.3064	547.22	0.0083540	49.725	0.091594	supercritical
1298.3	8.0000	32.007	0.031243	1394.0	1644.0	3.5022	1.1104	1.3067	547.56	0.0069942	49.768	0.091695	supercritical
1300.0	8.0000	31.966	0.031284	1395.9	1646.2	3.5039	1.1106	1.3069	547.89	0.0056389	49.811	0.091797	supercritical