Temperature (K)	Pressure (MPa)	Density (kg/m3)	Volume (m3/kg)	Internal Energy (kJ/kg)	Enthalpy (kJ/kg)	Entropy (J/g*K)	Cv (J/g*K)	Cp (J/g*K)	Sound Spd. (m/s)	Joule-Thomson (K/MPa)	Viscosity (uPa*s)	Therm. Cond. (W/m*K)	Phase
300.00	9.0000	780.97	0.0012805	253.66	265.18	1.2049	0.96396	3.3172	383.41	1.1832	68.222	0.085479	liquid
301.67	9.0000	762.48	0.0013115	259.08	270.89	1.2239	0.97279	3.5400	363.96	1.3384	65.213	0.083226	liquid
303.33	9.0000	741.93	0.0013478	264.89	277.02	1.2442	0.98395	3.8333	343.48	1.5268	62.057	0.080954	liquid
305.00	9.0000	718.62	0.0013915	271.20	283.73	1.2662	0.99855	4.2417	321.67	1.7625	58.694	0.078705	supercritical
306.67	9.0000	691.37	0.0014464	278.25	291.27	1.2909	1.0184	4.8510	298.18	2.0678	55.023	0.076576	supercritical
308.33	9.0000	658.07	0.0015196	286.42	300.10	1.3196	1.0459	5.8310	272.76	2.4795	50.880	0.074782	supercritical
310.00	9.0000	614.87	0.0016264	296.46	311.10	1.3552	1.0841	7.5290	245.74	3.0582	46.002	0.073714	supercritical
311.67	9.0000	555.12	0.0018014	309.74	325.95	1.4030	1.1340	10.590	219.80	3.8898	40.061	0.073770	supercritical
313.33	9.0000	476.75	0.0020975	327.26	346.13	1.4675	1.1599	12.803	204.08	4.9303	33.511	0.071585	supercritical
315.00	9.0000	408.37	0.0024487	343.89	365.93	1.5305	1.1250	10.383	202.46	5.8075	28.831	0.063772	supercritical
316.67	9.0000	364.14	0.0027462	355.95	380.67	1.5772	1.0782	7.5374	205.77	6.3312	26.295	0.055900	supercritical
318.33	9.0000	334.76	0.0029872	364.83	391.71	1.6120	1.0415	5.8623	209.37	6.6436	24.827	0.050404	supercritical
320.00	9.0000	313.45	0.0031903	371.85	400.56	1.6397	1.0132	4.8305	212.70	6.8329	23.877	0.046495	supercritical
321.67	9.0000	296.98	0.0033673	377.70	408.00	1.6629	0.99040	4.1451	215.79	6.9459	23.213	0.043598	supercritical
323.33	9.0000	283.65	0.0035254	382.76	414.49	1.6830	0.97145	3.6610	218.66	7.0096	22.724	0.041374	supercritical
325.00	9.0000	272.52	0.0036694	387.25	420.28	1.7009	0.95529	3.3024	221.37	7.0399	22.351	0.039619	supercritical
326.67	9.0000	262.99	0.0038024	391.32	425.54	1.7171	0.94130	3.0266	223.92	7.0469	22.059	0.038203	supercritical
328.33	9.0000	254.68	0.0039265	395.06	430.40	1.7319	0.92905	2.8080	226.36	7.0371	21.827	0.037039	supercritical
330.00	9.0000	247.32	0.0040433	398.53	434.92	1.7456	0.91826	2.6305	228.68	7.0146	21.640	0.036070	supercritical
331.67	9.0000	240.73	0.0041540	401.80	439.18	1.7585	0.90870	2.4837	230.90	6.9827	21.488	0.035253	supercritical
333.33	9.0000	234.76	0.0042596	404.88	443.22	1.7706	0.90020	2.3601	233.03	6.9435	21.364	0.034558	supercritical
335.00	9.0000	229.32	0.0043607	407.81	447.06	1.7821	0.89263	2.2548	235.08	6.8985	21.263	0.033962	supercritical
336.67	9.0000	224.32	0.0044579	410.62	450.74	1.7931	0.88585	2.1639	237.06	6.8491	21.180	0.033448	supercritical
338.33	9.0000	219.70	0.0045517	413.31	454.28	1.8036	0.87977	2.0846	238.97	6.7963	21.113	0.033002	supercritical
340.00	9.0000	215.40	0.0046425	415.91	457.69	1.8137	0.87430	2.0149	240.83	6.7407	21.060	0.032614	supercritical
341.67	9.0000	211.39	0.0047305	418.42	461.00	1.8234	0.86937	1.9531	242.62	6.6831	21.018	0.032274	supercritical
343.33	9.0000	207.64	0.0048161	420.86	464.21	1.8327	0.86490	1.8980	244.36	6.6238	20.985	0.031977	supercritical
345.00	9.0000	204.11	0.0048994	423.23	467.33	1.8418	0.86085	1.8485	246.06	6.5633	20.962	0.031716	supercritical
346.67	9.0000	200.78	0.0049807	425.55	470.37	1.8506	0.85717	1.8038	247.72	6.5020	20.945	0.031488	supercritical
348.33	9.0000	197.62	0.0050601	427.80	473.34	1.8591	0.85380	1.7633	249.33	6.4400	20.935	0.031287	supercritical
350.00	9.0000	194.64	0.0051378	430.01	476.25	1.8675	0.85073	1.7263	250.90	6.3777	20.932	0.031111	supercritical
351.67	9.0000	191.79	0.0052139	432.17	479.10	1.8756	0.84792	1.6925	252.44	6.3153	20.933	0.030958	supercritical
353.33	9.0000	189.09	0.0052886	434.30	481.89	1.8835	0.84534	1.6614	253.95	6.2527	20.939	0.030824	supercritical
355.00	9.0000	186.50	0.0053619	436.38	484.64	1.8913	0.84297	1.6327	255.43	6.1903	20.949	0.030707	supercritical
356.67	9.0000	184.03	0.0054339	438.43	487.34	1.8989	0.84079	1.6063	256.88	6.1281	20.963	0.030607	supercritical
358.33	9.0000	181.66	0.0055047	440.45	489.99	1.9063	0.83879	1.5817	258.30	6.0662	20.980	0.030520	supercritical
360.00	9.0000	179.39	0.0055744	442.44	492.61	1.9136	0.83695	1.5589	259.69	6.0046	21.001	0.030447	supercritical
361.67	9.0000	177.21	0.0056430	444.40	495.19	1.9207	0.83525	1.5377	261.06	5.9434	21.024	0.030386	supercritical
363.33	9.0000	175.11	0.0057106	446.34	497.74	1.9277	0.83370	1.5178	262.41	5.8828	21.050	0.030335	supercritical
365.00	9.0000	173.09	0.0057773	448.26	500.25	1.9347	0.83226	1.4993	263.73	5.8226	21.078	0.030294	supercritical
366.67	9.0000	171.14	0.0058431	450.15	502.74	1.9414	0.83095	1.4819	265.04	5.7630	21.109	0.030263	supercritical
368.33	9.0000	169.26	0.0059081	452.02	505.19	1.9481	0.82974	1.4655	266.32	5.7040	21.141	0.030239	supercritical
370.00	9.0000	167.44	0.0059722	453.87	507.62	1.9547	0.82863	1.4502	267.59	5.6455	21.175	0.030224	supercritical
371.67	9.0000	165.68	0.0060356	455.71	510.03	1.9612	0.82762	1.4357	268.83	5.5877	21.211	0.030215	supercritical
373.33	9.0000	163.98	0.0060983	457.52	512.41	1.9676	0.82670	1.4221	270.06	5.5305	21.249	0.030214	supercritical
375.00	9.0000	162.33	0.0061603	459.32	514.77	1.9739	0.82586	1.4092	271.27	5.4739	21.288	0.030218	supercritical
376.67	9.0000	160.73	0.0062217	461.11	517.11	1.9801	0.82510	1.3970	272.47	5.4180	21.328	0.030228	supercritical
378.33	9.0000	159.18	0.0062824	462.88	519.42	1.9863	0.82441	1.3855	273.65	5.3628	21.370	0.030243	supercritical
380.00	9.0000	157.67	0.0063425	464.64	521.72	1.9923	0.82379	1.3746	274.81	5.3082	21.413	0.030264	supercritical
381.67	9.0000	156.20	0.0064020	466.39	524.01	1.9983	0.82324	1.3642	275.96	5.2543	21.457	0.030289	supercritical
383.33	9.0000	154.77	0.0064610	468.12	526.27	2.0042	0.82275	1.3544	277.10	5.2010	21.502	0.030318	supercritical
385.00	9.0000	153.39	0.0065195	469.85	528.52	2.0101	0.82232	1.3450	278.22	5.1484	21.548	0.030352	supercritical
386.67	9.0000	152.04	0.0065774	471.56	530.76	2.0159	0.82194	1.3362	279.33	5.0964	21.595	0.030389	supercritical
388.33	9.0000	150.72	0.0066349	473.26	532.98	2.0216	0.82162	1.3277	280.43	5.0451	21.642	0.030430	supercritical
390.00	9.0000	149.43	0.0066919	474.95	535.18	2.0273	0.82135	1.3196	281.51	4.9944	21.691	0.030474	supercritical
391.67	9.0000	148.18	0.0067484	476.64	537.37	2.0329	0.82112	1.3120	282.59	4.9444	21.740	0.030521	supercritical
393.33	9.0000	146.96	0.0068045	478.31	539.55	2.0384	0.82094	1.3046	283.65	4.8951	21.790	0.030572	supercritical
395.00	9.0000	145.77	0.0068602	479.98	541.72	2.0439	0.82081	1.2976	284.70	4.8463	21.841	0.030625	supercritical
396.67	9.0000	144.60	0.0069155	481.64	543.88	2.0494	0.82071	1.2910	285.74	4.7982	21.892	0.030681	supercritical
398.33	9.0000	143.46	0.0069704	483.29	546.03	2.0548	0.82065	1.2846	286.77	4.7508	21.944	0.030740	supercritical
400.00	9.0000	142.35	0.0070249	484.94	548.16	2.0601	0.82063	1.2785	287.79	4.7039	21.996	0.030801	supercritical
401.67	9.0000	141.26	0.0070790	486.58	550.29	2.0655	0.82065	1.2727	288.80	4.6576	22.049	0.030864	supercritical
403.33	9.0000	140.20	0.0071328	488.21	552.40	2.0707	0.82070	1.2671	289.80	4.6120	22.102	0.030930	supercritical
405.00	9.0000	139.15	0.0071863	489.84	554.51	2.0759	0.82078	1.2617	290.79	4.5669	22.156	0.030998	supercritical
406.67	9.0000	138.13	0.0072394	491.46	556.61	2.0811	0.82089	1.2566	291.77	4.5224	22.210	0.031067	supercritical
408.33	9.0000	137.13	0.0072922	493.07	558.70	2.0862	0.82103	1.2517	292.74	4.4786	22.265	0.031139	supercritical
410.00	9.0000	136.15	0.0073447	494.68	560.78	2.0913	0.82120	1.2470	293.71	4.4352	22.319	0.031212	supercritical
411.67	9.0000	135.19	0.0073969	496.29	562.86	2.0964	0.82140	1.2425	294.66	4.3925	22.375	0.031287	supercritical
413.33	9.0000	134.25	0.0074488	497.89	564.92	2.1014	0.82162	1.2382	295.61	4.3503	22.431	0.031364	supercritical
415.00	9.0000	133.33	0.0075004	499.48	566.98	2.1063	0.82187	1.2340	296.55	4.3086	22.487	0.031442	supercritical
416.67	9.0000	132.42	0.0075517	501.07	569.04	2.1113	0.82214	1.2300	297.49	4.2675	22.543	0.031522	supercritical
418.33	9.0000	131.53	0.0076028	502.66	571.08	2.1162	0.82243	1.2262	298.41	4.2269	22.599	0.031603	supercritical
420.00	9.0000	130.66	0.0076536	504.24	573.13	2.1211	0.82275	1.2226	299.33	4.1869	22.656	0.031685	supercritical
421.67	9.0000	129.80	0.0077042	505.82	575.16	2.1259	0.82308	1.2190	300.24	4.1473	22.713	0.031769	supercritical
423.33	9.0000	128.96	0.0077545	507.40	577.19	2.1307	0.82344	1.2156	301.14	4.1083	22.771	0.031854	supercritical
425.00	9.0000	128.13	0.0078046	508.97	579.21	2.1355	0.82382	1.2124	302.04	4.0697	22.828	0.031940	supercritical
426.67	9.0000	127.32	0.0078544	510.54	581.23	2.1402	0.82421	1.2093	302.93	4.0317	22.886	0.032028	supercritical
428.33	9.0000	126.52	0.0079040	512.11	583.24	2.1449	0.82462	1.2063	303.81	3.9942	22.944	0.032116	supercritical
430.00	9.0000	125.73	0.0079534	513.67	585.25	2.1496	0.82505	1.2034	304.69	3.9571	23.002	0.032206	supercritical
431.67	9.0000	124.96	0.0080026	515.23	587.25	2.1542	0.82550	1.2006	305.56	3.9205	23.061	0.032296	supercritical
433.33	9.0000	124.20	0.0080516	516.79	589.25	2.1589	0.82596	1.1979	306.43	3.8844	23.119	0.032387	supercritical
435.00	9.0000	123.45	0.0081003	518.35	591.25	2.1635	0.82643	1.1954	307.29	3.8487	23.178	0.032480	supercritical
436.67	9.0000	122.72	0.0081489	519.90	593.24	2.1680	0.82692	1.1929	308.14	3.8134	23.237	0.032573	supercritical
438.33	9.0000	121.99	0.0081973	521.45	595.22	2.1726	0.82743	1.1905	308.99	3.7787	23.296	0.032667	supercritical
440.00	9.0000	121.28	0.0082454	523.00	597.21	2.1771	0.82795	1.1883	309.83	3.7443	23.355	0.032761	supercritical
441.67	9.0000	120.58	0.0082934	524.54	599.19	2.1816	0.82848	1.1861	310.66	3.7104	23.414	0.032856	supercritical
443.33	9.0000	119.89	0.0083412	526.09	601.16	2.1860	0.82902	1.1840	311.49	3.6769	23.474	0.032952	supercritical
445.00	9.0000	119.21	0.0083889	527.63	603.13	2.1905	0.82958	1.1819	312.32	3.6438	23.533	0.033049	supercritical
446.67	9.0000	118.53	0.0084363	529.17	605.10	2.1949	0.83014	1.1800	313.14	3.6111	23.593	0.033145	supercritical
448.33	9.0000	117.87	0.0084836	530.71	607.07	2.1993	0.83072	1.1781	313.96	3.5789	23.653	0.033242	supercritical
450.00	9.0000	117.22	0.0085308	532.25	609.03	2.2036	0.83131	1.1763	314.77	3.5470	23.712	0.033340	supercritical
451.67	9.0000	116.58	0.0085777	533.79	610.99	2.2080	0.83191	1.1746	315.57	3.5155	23.772	0.033436	supercritical
453.33	9.0000	115.95	0.0086246	535.32	612.94	2.2123	0.83251	1.1729	316.37	3.4844	23.832	0.033533	supercritical
455.00	9.0000	115.32	0.0086712	536.86	614.90	2.2166	0.83313	1.1713	317.17	3.4537	23.892	0.033626	supercritical
456.67	9.0000	114.71	0.0087177	538.39	616.85	2.2209	0.83376	1.1698	317.96	3.4234	23.953	0.033710	supercritical
458.33	9.0000	114.10	0.0087641	539.92	618.80	2.2251	0.83439	1.1683	318.75	3.3934	24.013	0.033818	supercritical
460.00	9.0000	113.50	0.0088103	541.45	620.74	2.2294	0.83503	1.1669	319.53	3.3638	24.073	0.033927	supercritical
461.67	9.0000	112.91	0.0088564	542.98	622.69	2.2336	0.83568	1.1656	320.31	3.3345	24.133	0.034037	supercritical
463.33	9.0000	112.33	0.0089023	544.51	624.63	2.2378	0.83634	1.1642	321.08	3.3056	24.194	0.034147	supercritical
465.00	9.0000	111.76	0.0089481	546.03	626.57	2.2420	0.83701	1.1630	321.85	3.2771	24.254	0.034257	supercritical
466.67	9.0000	111.19	0.0089938	547.56	628.50	2.2461	0.83768	1.1618	322.62	3.2488	24.315	0.034367	supercritical
468.33	9.0000	110.63	0.0090393	549.09	630.44	2.2503	0.83836	1.1606	323.38	3.2209	24.375	0.034478	supercritical
470.00	9.0000	110.08	0.0090847	550.61	632.37	2.2544	0.83905	1.1595	324.13	3.1934	24.436	0.034590	supercritical
471.67	9.0000	109.53	0.0091300	552.13	634.30	2.2585	0.83974	1.1585	324.89	3.1661	24.496	0.034701	supercritical
473.33	9.0000	108.99	0.0091752	553.66	636.23	2.2626	0.84044	1.1575	325.64	3.1392	24.557	0.034814	supercritical
475.00	9.0000	108.46	0.0092202	555.18	638.16	2.2667	0.84114	1.1565	326.38	3.1126	24.618	0.034926	supercritical
476.67	9.0000	107.93	0.0092651	556.70	640.09	2.2707	0.84185	1.1556	327.13	3.0863	24.678	0.035039	supercritical
478.33	9.0000	107.41	0.0093099	558.22	642.01	2.2747	0.84257	1.1547	327.86	3.0603	24.739	0.035152	supercritical
480.00	9.0000	106.90	0.0093546	559.75	643.94	2.2788	0.84329	1.1538	328.60	3.0346	24.800	0.035265	supercritical
481.67	9.0000	106.39	0.0093992	561.27	645.86	2.2827	0.84402	1.1530	329.33	3.0092	24.860	0.035379	supercritical
483.33	9.0000	105.89	0.0094437	562.79	647.78	2.2867	0.84475	1.1522	330.06	2.9841	24.921	0.035493	supercritical
485.00	9.0000	105.40	0.0094880	564.31	649.70	2.2907	0.84548	1.1515	330.78	2.9593	24.982	0.035608	supercritical
486.67	9.0000	104.91	0.0095323	565.83	651.62	2.2946	0.84622	1.1508	331.50	2.9348	25.043	0.035722	supercritical
488.33	9.0000	104.42	0.0095765	567.35	653.54	2.2986	0.84696	1.1501	332.22	2.9105	25.103	0.035837	supercritical
490.00	9.0000	103.94	0.0096205	568.87	655.45	2.3025	0.84771	1.1495	332.93	2.8865	25.164	0.035953	supercritical
491.67	9.0000	103.47	0.0096645	570.39	657.37	2.3064	0.84846	1.1488	333.64	2.8628	25.225	0.036068	supercritical
493.33	9.0000	103.00	0.0097083	571.91	659.28	2.3103	0.84921	1.1483	334.35	2.8394	25.286	0.036184	supercritical
495.00	9.0000	102.54	0.0097521	573.43	661.20	2.3142	0.84997	1.1477	335.06	2.8162	25.346	0.036300	supercritical
496.67	9.0000	102.08	0.0097958	574.95	663.11	2.3180	0.85073	1.1472	335.76	2.7932	25.407	0.036416	supercritical
498.33	9.0000	101.63	0.0098394	576.47	665.02	2.3219	0.85150	1.1467	336.45	2.7705	25.468	0.036533	supercritical
500.00	9.0000	101.19	0.0098829	577.99	666.93	2.3257	0.85227	1.1462	337.15	2.7481	25.529	0.036649	supercritical
501.67	9.0000	100.74	0.0099263	579.50	668.84	2.3295	0.85304	1.1458	337.84	2.7259	25.589	0.036766	supercritical
503.33	9.0000	100.31	0.0099696	581.02	670.75	2.3333	0.85381	1.1454	338.53	2.7040	25.650	0.036884	supercritical
505.00	9.0000	99.872	0.010013	582.54	672.66	2.3371	0.85458	1.1450	339.22	2.6823	25.711	0.037001	supercritical
506.67	9.0000	99.444	0.010056	584.06	674.57	2.3409	0.85536	1.1446	339.90	2.6608	25.771	0.037119	supercritical
508.33	9.0000	99.020	0.010099	585.58	676.47	2.3446	0.85614	1.1443	340.58	2.6396	25.832	0.037236	supercritical
510.00	9.0000	98.600	0.010142	587.10	678.38	2.3484	0.85692	1.1439	341.26	2.6186	25.893	0.037355	supercritical
511.67	9.0000	98.185	0.010185	588.62	680.29	2.3521	0.85771	1.1436	341.93	2.5978	25.953	0.037473	supercritical
513.33	9.0000	97.774	0.010228	590.14	682.19	2.3558	0.85850	1.1434	342.61	2.5772	26.014	0.037591	supercritical
515.00	9.0000	97.367	0.010270	591.66	684.10	2.3595	0.85928	1.1431	343.28	2.5569	26.075	0.037710	supercritical
516.67	9.0000	96.965	0.010313	593.19	686.00	2.3632	0.86007	1.1429	343.94	2.5368	26.135	0.037829	supercritical
518.33	9.0000	96.566	0.010356	594.71	687.91	2.3669	0.86087	1.1427	344.61	2.5168	26.196	0.037948	supercritical
520.00	9.0000	96.171	0.010398	596.23	689.81	2.3706	0.86166	1.1425	345.27	2.4971	26.256	0.038067	supercritical
521.67	9.0000	95.780	0.010441	597.75	691.72	2.3742	0.86246	1.1423	345.93	2.4776	26.317	0.038186	supercritical
523.33	9.0000	95.393	0.010483	599.27	693.62	2.3779	0.86325	1.1421	346.59	2.4583	26.377	0.038305	supercritical
525.00	9.0000	95.010	0.010525	600.80	695.52	2.3815	0.86405	1.1420	347.24	2.4392	26.438	0.038425	supercritical
526.67	9.0000	94.630	0.010567	602.32	697.43	2.3851	0.86485	1.1418	347.89	2.4204	26.498	0.038545	supercritical
528.33	9.0000	94.254	0.010610	603.84	699.33	2.3887	0.86565	1.1417	348.54	2.4016	26.558	0.038665	supercritical
530.00	9.0000	93.882	0.010652	605.37	701.23	2.3923	0.86645	1.1416	349.19	2.3831	26.619	0.038785	supercritical
531.67	9.0000	93.513	0.010694	606.89	703.14	2.3959	0.86725	1.1416	349.83	2.3648	26.679	0.038905	supercritical
533.33	9.0000	93.147	0.010736	608.42	705.04	2.3995	0.86805	1.1415	350.48	2.3467	26.739	0.039025	supercritical
535.00	9.0000	92.785	0.010778	609.94	706.94	2.4030	0.86886	1.1415	351.12	2.3287	26.799	0.039146	supercritical
536.67	9.0000	92.427	0.010819	611.47	708.84	2.4066	0.86966	1.1414	351.75	2.3110	26.860	0.039267	supercritical
538.33	9.0000	92.071	0.010861	612.99	710.74	2.4101	0.87047	1.1414	352.39	2.2934	26.920	0.039387	supercritical
540.00	9.0000	91.719	0.010903	614.52	712.65	2.4136	0.87127	1.1414	353.02	2.2760	26.980	0.039508	supercritical
541.67	9.0000	91.370	0.010944	616.05	714.55	2.4172	0.87208	1.1414	353.65	2.2587	27.040	0.039629	supercritical
543.33	9.0000	91.025	0.010986	617.58	716.45	2.4207	0.87289	1.1414	354.28	2.2417	27.100	0.039750	supercritical
545.00	9.0000	90.682	0.011028	619.11	718.35	2.4242	0.87369	1.1415	354.91	2.2248	27.160	0.039872	supercritical
546.67	9.0000	90.342	0.011069	620.64	720.26	2.4276	0.87450	1.1415	355.53	2.2081	27.220	0.039993	supercritical
548.33	9.0000	90.005	0.011110	622.17	722.16	2.4311	0.87531	1.1416	356.16	2.1915	27.280	0.040114	supercritical
550.00	9.0000	89.672	0.011152	623.70	724.06	2.4346	0.87612	1.1416	356.78	2.1751	27.340	0.040236	supercritical
551.67	9.0000	89.341	0.011193	625.23	725.96	2.4380	0.87693	1.1417	357.39	2.1589	27.400	0.040358	supercritical
553.33	9.0000	89.013	0.011234	626.76	727.87	2.4415	0.87773	1.1418	358.01	2.1428	27.460	0.040479	supercritical
555.00	9.0000	88.688	0.011275	628.29	729.77	2.4449	0.87854	1.1419	358.63	2.1268	27.519	0.040601	supercritical
556.67	9.0000	88.366	0.011317	629.82	731.67	2.4483	0.87935	1.1420	359.24	2.1111	27.579	0.040723	supercritical
558.33	9.0000	88.046	0.011358	631.36	733.58	2.4518	0.88016	1.1421	359.85	2.0955	27.639	0.040845	supercritical
560.00	9.0000	87.729	0.011399	632.89	735.48	2.4552	0.88097	1.1423	360.46	2.0800	27.699	0.040967	supercritical
561.67	9.0000	87.415	0.011440	634.43	737.39	2.4586	0.88178	1.1424	361.06	2.0647	27.758	0.041089	supercritical
563.33	9.0000	87.103	0.011481	635.96	739.29	2.4619	0.88258	1.1426	361.67	2.0495	27.818	0.041212	supercritical
565.00	9.0000	86.795	0.011521	637.50	741.19	2.4653	0.88339	1.1427	362.27	2.0345	27.877	0.041334	supercritical
566.67	9.0000	86.488	0.011562	639.04	743.10	2.4687	0.88420	1.1429	362.87	2.0196	27.937	0.041456	supercritical
568.33	9.0000	86.184	0.011603	640.58	745.00	2.4720	0.88501	1.1431	363.47	2.0048	27.996	0.041579	supercritical
570.00	9.0000	85.883	0.011644	642.11	746.91	2.4754	0.88581	1.1433	364.07	1.9902	28.055	0.041702	supercritical
571.67	9.0000	85.584	0.011684	643.65	748.81	2.4787	0.88662	1.1435	364.66	1.9758	28.115	0.041824	supercritical
573.33	9.0000	85.287	0.011725	645.19	750.72	2.4821	0.88742	1.1437	365.26	1.9614	28.174	0.041947	supercritical
575.00	9.0000	84.993	0.011766	646.74	752.63	2.4854	0.88823	1.1439	365.85	1.9472	28.233	0.042070	supercritical
576.67	9.0000	84.701	0.011806	648.28	754.53	2.4887	0.88903	1.1441	366.44	1.9331	28.293	0.042192	supercritical
578.33	9.0000	84.412	0.011847	649.82	756.44	2.4920	0.88984	1.1443	367.03	1.9192	28.352	0.042315	supercritical
580.00	9.0000	84.124	0.011887	651.36	758.35	2.4953	0.89064	1.1446	367.62	1.9054	28.411	0.042438	supercritical
581.67	9.0000	83.840	0.011928	652.91	760.26	2.4986	0.89145	1.1448	368.20	1.8917	28.470	0.042561	supercritical
583.33	9.0000	83.557	0.011968	654.45	762.16	2.5018	0.89225	1.1451	368.78	1.8781	28.529	0.042684	supercritical
585.00	9.0000	83.276	0.012008	656.00	764.07	2.5051	0.89305	1.1453	369.37	1.8647	28.588	0.042807	supercritical
586.67	9.0000	82.998	0.012049	657.55	765.98	2.5084	0.89385	1.1456	369.95	1.8514	28.647	0.042931	supercritical
588.33	9.0000	82.722	0.012089	659.09	767.89	2.5116	0.89465	1.1459	370.53	1.8382	28.706	0.043054	supercritical
590.00	9.0000	82.448	0.012129	660.64	769.80	2.5149	0.89545	1.1461	371.10	1.8251	28.764	0.043177	supercritical
591.67	9.0000	82.176	0.012169	662.19	771.71	2.5181	0.89625	1.1464	371.68	1.8122	28.823	0.043300	supercritical
593.33	9.0000	81.906	0.012209	663.74	773.62	2.5213	0.89705	1.1467	372.25	1.7993	28.882	0.043424	supercritical
595.00	9.0000	81.638	0.012249	665.29	775.53	2.5245	0.89785	1.1470	372.82	1.7866	28.940	0.043547	supercritical
596.67	9.0000	81.372	0.012289	666.84	777.45	2.5277	0.89864	1.1473	373.39	1.7740	28.999	0.043671	supercritical
598.33	9.0000	81.108	0.012329	668.39	779.36	2.5309	0.89944	1.1476	373.96	1.7615	29.058	0.043794	supercritical
600.00	9.0000	80.846	0.012369	669.95	781.27	2.5341	0.90023	1.1479	374.53	1.7491	29.116	0.043918	supercritical
601.67	9.0000	80.586	0.012409	671.50	783.18	2.5373	0.90103	1.1482	375.10	1.7368	29.175	0.044041	supercritical
603.33	9.0000	80.327	0.012449	673.06	785.10	2.5405	0.90182	1.1486	375.66	1.7246	29.233	0.044165	supercritical
605.00	9.0000	80.071	0.012489	674.61	787.01	2.5437	0.90261	1.1489	376.22	1.7125	29.291	0.044288	supercritical
606.67	9.0000	79.817	0.012529	676.17	788.93	2.5468	0.90340	1.1492	376.79	1.7006	29.350	0.044412	supercritical
608.33	9.0000	79.564	0.012568	677.73	790.84	2.5500	0.90419	1.1496	377.35	1.6887	29.408	0.044535	supercritical
610.00	9.0000	79.314	0.012608	679.29	792.76	2.5531	0.90498	1.1499	377.91	1.6769	29.466	0.044659	supercritical
611.67	9.0000	79.065	0.012648	680.85	794.68	2.5563	0.90577	1.1502	378.46	1.6653	29.524	0.044783	supercritical
613.33	9.0000	78.817	0.012688	682.41	796.59	2.5594	0.90655	1.1506	379.02	1.6537	29.582	0.044906	supercritical
615.00	9.0000	78.572	0.012727	683.97	798.51	2.5625	0.90734	1.1509	379.57	1.6423	29.640	0.045030	supercritical
616.67	9.0000	78.328	0.012767	685.53	800.43	2.5656	0.90812	1.1513	380.13	1.6309	29.698	0.045154	supercritical
618.33	9.0000	78.086	0.012806	687.09	802.35	2.5687	0.90890	1.1517	380.68	1.6196	29.756	0.045278	supercritical
620.00	9.0000	77.846	0.012846	688.66	804.27	2.5718	0.90968	1.1520	381.23	1.6085	29.814	0.045401	supercritical
621.67	9.0000	77.607	0.012885	690.22	806.19	2.5749	0.91047	1.1524	381.78	1.5974	29.872	0.045525	supercritical
623.33	9.0000	77.370	0.012925	691.79	808.11	2.5780	0.91124	1.1528	382.32	1.5864	29.930	0.045649	supercritical
625.00	9.0000	77.135	0.012964	693.35	810.03	2.5811	0.91202	1.1532	382.87	1.5755	29.988	0.045773	supercritical
626.67	9.0000	76.901	0.013004	694.92	811.96	2.5842	0.91280	1.1535	383.42	1.5647	30.045	0.045897	supercritical
628.33	9.0000	76.669	0.013043	696.49	813.88	2.5872	0.91358	1.1539	383.96	1.5540	30.103	0.046021	supercritical
630.00	9.0000	76.439	0.013082	698.06	815.80	2.5903	0.91435	1.1543	384.50	1.5434	30.160	0.046144	supercritical
631.67	9.0000	76.210	0.013122	699.63	817.73	2.5933	0.91512	1.1547	385.04	1.5329	30.218	0.046268	supercritical
633.33	9.0000	75.982	0.013161	701.20	819.65	2.5964	0.91589	1.1551	385.58	1.5224	30.275	0.046392	supercritical
635.00	9.0000	75.756	0.013200	702.77	821.58	2.5994	0.91666	1.1555	386.12	1.5121	30.333	0.046516	supercritical
636.67	9.0000	75.532	0.013239	704.35	823.50	2.6025	0.91743	1.1559	386.66	1.5018	30.390	0.046640	supercritical
638.33	9.0000	75.309	0.013279	705.92	825.43	2.6055	0.91820	1.1563	387.20	1.4916	30.447	0.046764	supercritical
640.00	9.0000	75.088	0.013318	707.50	827.36	2.6085	0.91897	1.1567	387.73	1.4815	30.505	0.046888	supercritical
641.67	9.0000	74.868	0.013357	709.07	829.28	2.6115	0.91973	1.1571	388.26	1.4714	30.562	0.047012	supercritical
643.33	9.0000	74.649	0.013396	710.65	831.21	2.6145	0.92050	1.1575	388.80	1.4615	30.619	0.047135	supercritical
645.00	9.0000	74.432	0.013435	712.23	833.14	2.6175	0.92126	1.1579	389.33	1.4516	30.676	0.047259	supercritical
646.67	9.0000	74.216	0.013474	713.81	835.07	2.6205	0.92202	1.1584	389.86	1.4418	30.733	0.047383	supercritical
648.33	9.0000	74.002	0.013513	715.39	837.00	2.6235	0.92278	1.1588	390.39	1.4321	30.790	0.047507	supercritical
650.00	9.0000	73.789	0.013552	716.97	838.94	2.6264	0.92354	1.1592	390.91	1.4225	30.847	0.047631	supercritical
651.67	9.0000	73.578	0.013591	718.55	840.87	2.6294	0.92429	1.1596	391.44	1.4130	30.904	0.047755	supercritical
653.33	9.0000	73.367	0.013630	720.13	842.80	2.6324	0.92505	1.1600	391.97	1.4035	30.961	0.047879	supercritical
655.00	9.0000	73.159	0.013669	721.71	844.74	2.6353	0.92580	1.1605	392.49	1.3941	31.018	0.048002	supercritical
656.67	9.0000	72.951	0.013708	723.30	846.67	2.6383	0.92656	1.1609	393.01	1.3847	31.074	0.048126	supercritical
658.33	9.0000	72.745	0.013747	724.88	848.60	2.6412	0.92731	1.1613	393.54	1.3755	31.131	0.048250	supercritical
660.00	9.0000	72.540	0.013786	726.47	850.54	2.6442	0.92806	1.1618	394.06	1.3663	31.188	0.048374	supercritical
661.67	9.0000	72.336	0.013824	728.06	852.48	2.6471	0.92880	1.1622	394.58	1.3572	31.244	0.048498	supercritical
663.33	9.0000	72.134	0.013863	729.65	854.41	2.6500	0.92955	1.1626	395.09	1.3481	31.301	0.048621	supercritical
665.00	9.0000	71.933	0.013902	731.24	856.35	2.6529	0.93029	1.1631	395.61	1.3392	31.357	0.048745	supercritical
666.67	9.0000	71.733	0.013941	732.83	858.29	2.6559	0.93104	1.1635	396.13	1.3303	31.414	0.048869	supercritical
668.33	9.0000	71.534	0.013979	734.42	860.23	2.6588	0.93178	1.1640	396.64	1.3214	31.470	0.048993	supercritical
670.00	9.0000	71.337	0.014018	736.01	862.17	2.6617	0.93252	1.1644	397.16	1.3127	31.526	0.049116	supercritical
671.67	9.0000	71.141	0.014057	737.60	864.11	2.6646	0.93326	1.1649	397.67	1.3040	31.583	0.049240	supercritical
673.33	9.0000	70.946	0.014095	739.20	866.05	2.6674	0.93400	1.1653	398.18	1.2953	31.639	0.049364	supercritical
675.00	9.0000	70.752	0.014134	740.79	868.00	2.6703	0.93473	1.1658	398.69	1.2868	31.695	0.049487	supercritical
676.67	9.0000	70.559	0.014172	742.39	869.94	2.6732	0.93547	1.1662	399.20	1.2783	31.751	0.049611	supercritical
678.33	9.0000	70.368	0.014211	743.98	871.88	2.6761	0.93620	1.1667	399.71	1.2698	31.807	0.049735	supercritical
680.00	9.0000	70.177	0.014250	745.58	873.83	2.6789	0.93693	1.1671	400.22	1.2615	31.863	0.049858	supercritical
681.67	9.0000	69.988	0.014288	747.18	875.77	2.6818	0.93766	1.1676	400.73	1.2531	31.919	0.049982	supercritical
683.33	9.0000	69.800	0.014327	748.78	877.72	2.6846	0.93839	1.1680	401.23	1.2449	31.975	0.050105	supercritical
685.00	9.0000	69.613	0.014365	750.38	879.67	2.6875	0.93912	1.1685	401.74	1.2367	32.031	0.050229	supercritical
686.67	9.0000	69.427	0.014404	751.98	881.62	2.6903	0.93984	1.1690	402.24	1.2286	32.087	0.050352	supercritical
688.33	9.0000	69.242	0.014442	753.59	883.56	2.6932	0.94056	1.1694	402.75	1.2205	32.142	0.050476	supercritical
690.00	9.0000	69.059	0.014480	755.19	885.51	2.6960	0.94129	1.1699	403.25	1.2125	32.198	0.050599	supercritical
691.67	9.0000	68.876	0.014519	756.79	887.46	2.6988	0.94201	1.1703	403.75	1.2046	32.254	0.050723	supercritical
693.33	9.0000	68.695	0.014557	758.40	889.42	2.7016	0.94272	1.1708	404.25	1.1967	32.309	0.050846	supercritical
695.00	9.0000	68.514	0.014596	760.01	891.37	2.7044	0.94344	1.1713	404.75	1.1888	32.365	0.050969	supercritical
696.67	9.0000	68.335	0.014634	761.61	893.32	2.7072	0.94416	1.1717	405.25	1.1811	32.420	0.051093	supercritical
698.33	9.0000	68.156	0.014672	763.22	895.27	2.7100	0.94487	1.1722	405.74	1.1733	32.476	0.051216	supercritical
700.00	9.0000	67.979	0.014710	764.83	897.23	2.7128	0.94558	1.1727	406.24	1.1657	32.531	0.051339	supercritical
701.67	9.0000	67.802	0.014749	766.44	899.18	2.7156	0.94629	1.1731	406.74	1.1581	32.586	0.051462	supercritical
703.33	9.0000	67.627	0.014787	768.05	901.14	2.7184	0.94700	1.1736	407.23	1.1505	32.642	0.051586	supercritical
705.00	9.0000	67.453	0.014825	769.67	903.09	2.7212	0.94771	1.1741	407.72	1.1430	32.697	0.051709	supercritical
706.67	9.0000	67.279	0.014863	771.28	905.05	2.7240	0.94842	1.1745	408.22	1.1356	32.752	0.051832	supercritical
708.33	9.0000	67.107	0.014902	772.89	907.01	2.7267	0.94912	1.1750	408.71	1.1282	32.807	0.051955	supercritical
710.00	9.0000	66.935	0.014940	774.51	908.97	2.7295	0.94982	1.1755	409.20	1.1209	32.862	0.052078	supercritical
711.67	9.0000	66.765	0.014978	776.13	910.93	2.7322	0.95052	1.1760	409.69	1.1136	32.917	0.052201	supercritical
713.33	9.0000	66.595	0.015016	777.74	912.89	2.7350	0.95122	1.1764	410.18	1.1063	32.972	0.052324	supercritical
715.00	9.0000	66.427	0.015054	779.36	914.85	2.7377	0.95192	1.1769	410.67	1.0992	33.027	0.052447	supercritical
716.67	9.0000	66.259	0.015092	780.98	916.81	2.7405	0.95262	1.1774	411.15	1.0920	33.082	0.052570	supercritical
718.33	9.0000	66.092	0.015130	782.60	918.77	2.7432	0.95331	1.1778	411.64	1.0849	33.137	0.052693	supercritical
720.00	9.0000	65.926	0.015168	784.22	920.74	2.7460	0.95400	1.1783	412.13	1.0779	33.192	0.052816	supercritical
721.67	9.0000	65.761	0.015206	785.84	922.70	2.7487	0.95470	1.1788	412.61	1.0709	33.246	0.052939	supercritical
723.33	9.0000	65.597	0.015244	787.47	924.67	2.7514	0.95539	1.1793	413.09	1.0640	33.301	0.053062	supercritical
725.00	9.0000	65.434	0.015283	789.09	926.63	2.7541	0.95607	1.1797	413.58	1.0571	33.356	0.053184	supercritical
726.67	9.0000	65.272	0.015320	790.71	928.60	2.7568	0.95676	1.1802	414.06	1.0503	33.410	0.053307	supercritical
728.33	9.0000	65.111	0.015358	792.34	930.57	2.7595	0.95744	1.1807	414.54	1.0435	33.465	0.053430	supercritical
730.00	9.0000	64.950	0.015396	793.97	932.53	2.7622	0.95813	1.1812	415.02	1.0367	33.519	0.053552	supercritical
731.67	9.0000	64.790	0.015434	795.59	934.50	2.7649	0.95881	1.1817	415.50	1.0300	33.574	0.053675	supercritical
733.33	9.0000	64.632	0.015472	797.22	936.47	2.7676	0.95949	1.1821	415.98	1.0234	33.628	0.053797	supercritical
735.00	9.0000	64.474	0.015510	798.85	938.44	2.7703	0.96017	1.1826	416.46	1.0168	33.682	0.053920	supercritical
736.67	9.0000	64.317	0.015548	800.48	940.41	2.7730	0.96084	1.1831	416.93	1.0102	33.737	0.054042	supercritical
738.33	9.0000	64.160	0.015586	802.11	942.39	2.7756	0.96152	1.1836	417.41	1.0037	33.791	0.054165	supercritical
740.00	9.0000	64.005	0.015624	803.75	944.36	2.7783	0.96219	1.1840	417.89	0.99723	33.845	0.054287	supercritical
741.67	9.0000	63.850	0.015662	805.38	946.33	2.7810	0.96286	1.1845	418.36	0.99080	33.899	0.054410	supercritical
743.33	9.0000	63.696	0.015699	807.01	948.31	2.7836	0.96353	1.1850	418.83	0.98442	33.953	0.054532	supercritical
745.00	9.0000	63.543	0.015737	808.65	950.28	2.7863	0.96420	1.1855	419.31	0.97807	34.007	0.054654	supercritical
746.67	9.0000	63.391	0.015775	810.28	952.26	2.7889	0.96487	1.1860	419.78	0.97177	34.061	0.054776	supercritical
748.33	9.0000	63.240	0.015813	811.92	954.24	2.7916	0.96553	1.1864	420.25	0.96552	34.115	0.054898	supercritical
750.00	9.0000	63.089	0.015851	813.56	956.21	2.7942	0.96619	1.1869	420.72	0.95930	34.169	0.055021	supercritical
751.67	9.0000	62.939	0.015888	815.20	958.19	2.7969	0.96686	1.1874	421.19	0.95312	34.223	0.055143	supercritical
753.33	9.0000	62.790	0.015926	816.84	960.17	2.7995	0.96752	1.1879	421.66	0.94699	34.276	0.055265	supercritical
755.00	9.0000	62.642	0.015964	818.48	962.15	2.8021	0.96817	1.1883	422.13	0.94089	34.330	0.055387	supercritical
756.67	9.0000	62.494	0.016002	820.12	964.13	2.8047	0.96883	1.1888	422.60	0.93484	34.384	0.055509	supercritical
758.33	9.0000	62.347	0.016039	821.76	966.12	2.8074	0.96949	1.1893	423.06	0.92883	34.437	0.055630	supercritical
760.00	9.0000	62.201	0.016077	823.41	968.10	2.8100	0.97014	1.1898	423.53	0.92285	34.491	0.055752	supercritical
761.67	9.0000	62.056	0.016115	825.05	970.08	2.8126	0.97079	1.1903	424.00	0.91692	34.545	0.055874	supercritical
763.33	9.0000	61.911	0.016152	826.70	972.07	2.8152	0.97144	1.1907	424.46	0.91102	34.598	0.055996	supercritical
765.00	9.0000	61.767	0.016190	828.34	974.05	2.8178	0.97209	1.1912	424.92	0.90516	34.652	0.056117	supercritical
766.67	9.0000	61.624	0.016227	829.99	976.04	2.8204	0.97274	1.1917	425.39	0.89934	34.705	0.056239	supercritical
768.33	9.0000	61.482	0.016265	831.64	978.02	2.8230	0.97338	1.1922	425.85	0.89356	34.758	0.056361	supercritical
770.00	9.0000	61.340	0.016303	833.29	980.01	2.8255	0.97403	1.1926	426.31	0.88781	34.812	0.056482	supercritical
771.67	9.0000	61.199	0.016340	834.94	982.00	2.8281	0.97467	1.1931	426.77	0.88210	34.865	0.056604	supercritical
773.33	9.0000	61.059	0.016378	836.59	983.99	2.8307	0.97531	1.1936	427.23	0.87643	34.918	0.056725	supercritical
775.00	9.0000	60.919	0.016415	838.24	985.98	2.8333	0.97595	1.1941	427.69	0.87079	34.971	0.056846	supercritical
776.67	9.0000	60.780	0.016453	839.89	987.97	2.8358	0.97658	1.1945	428.15	0.86519	35.024	0.056968	supercritical
778.33	9.0000	60.642	0.016490	841.55	989.96	2.8384	0.97722	1.1950	428.61	0.85963	35.077	0.057089	supercritical
780.00	9.0000	60.504	0.016528	843.20	991.95	2.8409	0.97785	1.1955	429.07	0.85410	35.130	0.057210	supercritical
781.67	9.0000	60.367	0.016565	844.86	993.94	2.8435	0.97849	1.1960	429.52	0.84860	35.183	0.057331	supercritical
783.33	9.0000	60.231	0.016603	846.51	995.94	2.8460	0.97912	1.1964	429.98	0.84314	35.236	0.057453	supercritical
785.00	9.0000	60.095	0.016640	848.17	997.93	2.8486	0.97974	1.1969	430.44	0.83772	35.289	0.057574	supercritical
786.67	9.0000	59.960	0.016678	849.83	999.93	2.8511	0.98037	1.1974	430.89	0.83232	35.342	0.057695	supercritical
788.33	9.0000	59.826	0.016715	851.49	1001.9	2.8537	0.98100	1.1979	431.34	0.82697	35.395	0.057816	supercritical
790.00	9.0000	59.692	0.016753	853.15	1003.9	2.8562	0.98162	1.1983	431.80	0.82164	35.447	0.057936	supercritical
791.67	9.0000	59.559	0.016790	854.81	1005.9	2.8587	0.98224	1.1988	432.25	0.81635	35.500	0.058057	supercritical
793.33	9.0000	59.427	0.016827	856.47	1007.9	2.8612	0.98286	1.1993	432.70	0.81109	35.553	0.058178	supercritical
795.00	9.0000	59.295	0.016865	858.13	1009.9	2.8638	0.98348	1.1998	433.15	0.80586	35.605	0.058299	supercritical
796.67	9.0000	59.164	0.016902	859.80	1011.9	2.8663	0.98410	1.2002	433.61	0.80067	35.658	0.058420	supercritical
798.33	9.0000	59.034	0.016940	861.46	1013.9	2.8688	0.98472	1.2007	434.06	0.79551	35.710	0.058540	supercritical
800.00	9.0000	58.904	0.016977	863.13	1015.9	2.8713	0.98533	1.2012	434.50	0.79038	35.763	0.058661	supercritical
801.67	9.0000	58.774	0.017014	864.79	1017.9	2.8738	0.98594	1.2016	434.95	0.78528	35.815	0.058781	supercritical
803.33	9.0000	58.646	0.017052	866.46	1019.9	2.8763	0.98656	1.2021	435.40	0.78021	35.867	0.058902	supercritical
805.00	9.0000	58.518	0.017089	868.13	1021.9	2.8788	0.98716	1.2026	435.85	0.77517	35.920	0.059022	supercritical
806.67	9.0000	58.390	0.017126	869.80	1023.9	2.8813	0.98777	1.2031	436.30	0.77017	35.972	0.059142	supercritical
808.33	9.0000	58.263	0.017163	871.47	1025.9	2.8837	0.98838	1.2035	436.74	0.76519	36.024	0.059263	supercritical
810.00	9.0000	58.137	0.017201	873.14	1027.9	2.8862	0.98898	1.2040	437.19	0.76025	36.076	0.059383	supercritical
811.67	9.0000	58.011	0.017238	874.81	1030.0	2.8887	0.98959	1.2045	437.63	0.75533	36.129	0.059503	supercritical
813.33	9.0000	57.886	0.017275	876.48	1032.0	2.8912	0.99019	1.2049	438.08	0.75044	36.181	0.059623	supercritical
815.00	9.0000	57.762	0.017313	878.15	1034.0	2.8936	0.99079	1.2054	438.52	0.74558	36.233	0.059743	supercritical
816.67	9.0000	57.638	0.017350	879.83	1036.0	2.8961	0.99139	1.2059	438.96	0.74076	36.285	0.059863	supercritical
818.33	9.0000	57.514	0.017387	881.50	1038.0	2.8986	0.99198	1.2063	439.41	0.73596	36.337	0.059983	supercritical
820.00	9.0000	57.391	0.017424	883.18	1040.0	2.9010	0.99258	1.2068	439.85	0.73119	36.388	0.060103	supercritical
821.67	9.0000	57.269	0.017461	884.86	1042.0	2.9035	0.99317	1.2073	440.29	0.72644	36.440	0.060223	supercritical
823.33	9.0000	57.147	0.017499	886.53	1044.0	2.9059	0.99376	1.2077	440.73	0.72173	36.492	0.060343	supercritical
825.00	9.0000	57.026	0.017536	888.21	1046.0	2.9084	0.99435	1.2082	441.17	0.71704	36.544	0.060463	supercritical
826.67	9.0000	56.906	0.017573	889.89	1048.0	2.9108	0.99494	1.2086	441.61	0.71238	36.596	0.060582	supercritical
828.33	9.0000	56.786	0.017610	891.57	1050.1	2.9132	0.99553	1.2091	442.05	0.70775	36.647	0.060702	supercritical
830.00	9.0000	56.666	0.017647	893.25	1052.1	2.9157	0.99612	1.2096	442.49	0.70315	36.699	0.060821	supercritical
831.67	9.0000	56.547	0.017684	894.94	1054.1	2.9181	0.99670	1.2100	442.92	0.69857	36.751	0.060941	supercritical
833.33	9.0000	56.429	0.017722	896.62	1056.1	2.9205	0.99728	1.2105	443.36	0.69402	36.802	0.061060	supercritical
835.00	9.0000	56.311	0.017759	898.30	1058.1	2.9229	0.99786	1.2109	443.80	0.68949	36.854	0.061180	supercritical
836.67	9.0000	56.193	0.017796	899.99	1060.1	2.9253	0.99844	1.2114	444.23	0.68499	36.905	0.061299	supercritical
838.33	9.0000	56.076	0.017833	901.67	1062.2	2.9278	0.99902	1.2119	444.67	0.68052	36.957	0.061418	supercritical
840.00	9.0000	55.960	0.017870	903.36	1064.2	2.9302	0.99960	1.2123	445.10	0.67607	37.008	0.061537	supercritical
841.67	9.0000	55.844	0.017907	905.05	1066.2	2.9326	1.0002	1.2128	445.54	0.67165	37.059	0.061656	supercritical
843.33	9.0000	55.729	0.017944	906.73	1068.2	2.9350	1.0007	1.2132	445.97	0.66726	37.111	0.061775	supercritical
845.00	9.0000	55.614	0.017981	908.42	1070.3	2.9374	1.0013	1.2137	446.40	0.66289	37.162	0.061894	supercritical
846.67	9.0000	55.500	0.018018	910.11	1072.3	2.9398	1.0019	1.2141	446.84	0.65854	37.213	0.062013	supercritical
848.33	9.0000	55.386	0.018055	911.80	1074.3	2.9421	1.0025	1.2146	447.27	0.65422	37.264	0.062132	supercritical
850.00	9.0000	55.272	0.018092	913.50	1076.3	2.9445	1.0030	1.2150	447.70	0.64992	37.315	0.062251	supercritical
851.67	9.0000	55.159	0.018129	915.19	1078.4	2.9469	1.0036	1.2155	448.13	0.64565	37.366	0.062370	supercritical
853.33	9.0000	55.047	0.018166	916.88	1080.4	2.9493	1.0042	1.2159	448.56	0.64140	37.417	0.062489	supercritical
855.00	9.0000	54.935	0.018203	918.57	1082.4	2.9517	1.0047	1.2164	448.99	0.63718	37.468	0.062607	supercritical
856.67	9.0000	54.824	0.018240	920.27	1084.4	2.9540	1.0053	1.2169	449.42	0.63298	37.519	0.062726	supercritical
858.33	9.0000	54.713	0.018277	921.97	1086.5	2.9564	1.0058	1.2173	449.85	0.62880	37.570	0.062844	supercritical
860.00	9.0000	54.602	0.018314	923.66	1088.5	2.9588	1.0064	1.2177	450.28	0.62465	37.621	0.062963	supercritical
861.67	9.0000	54.492	0.018351	925.36	1090.5	2.9611	1.0069	1.2182	450.70	0.62052	37.672	0.063081	supercritical
863.33	9.0000	54.383	0.018388	927.06	1092.6	2.9635	1.0075	1.2186	451.13	0.61641	37.723	0.063199	supercritical
865.00	9.0000	54.274	0.018425	928.76	1094.6	2.9658	1.0081	1.2191	451.56	0.61233	37.773	0.063318	supercritical
866.67	9.0000	54.165	0.018462	930.46	1096.6	2.9682	1.0086	1.2195	451.98	0.60827	37.824	0.063436	supercritical
868.33	9.0000	54.057	0.018499	932.16	1098.6	2.9705	1.0092	1.2200	452.41	0.60423	37.875	0.063554	supercritical
870.00	9.0000	53.950	0.018536	933.86	1100.7	2.9728	1.0097	1.2204	452.83	0.60021	37.925	0.063672	supercritical
871.67	9.0000	53.842	0.018573	935.56	1102.7	2.9752	1.0103	1.2209	453.26	0.59622	37.976	0.063790	supercritical
873.33	9.0000	53.736	0.018610	937.26	1104.7	2.9775	1.0108	1.2213	453.68	0.59225	38.026	0.063908	supercritical
875.00	9.0000	53.629	0.018647	938.97	1106.8	2.9798	1.0113	1.2218	454.10	0.58829	38.077	0.064026	supercritical
876.67	9.0000	53.523	0.018683	940.67	1108.8	2.9822	1.0119	1.2222	454.53	0.58436	38.127	0.064144	supercritical
878.33	9.0000	53.418	0.018720	942.38	1110.9	2.9845	1.0124	1.2226	454.95	0.58046	38.178	0.064261	supercritical
880.00	9.0000	53.313	0.018757	944.08	1112.9	2.9868	1.0130	1.2231	455.37	0.57657	38.228	0.064379	supercritical
881.67	9.0000	53.208	0.018794	945.79	1114.9	2.9891	1.0135	1.2235	455.79	0.57271	38.279	0.064497	supercritical
883.33	9.0000	53.104	0.018831	947.50	1117.0	2.9914	1.0140	1.2240	456.21	0.56886	38.329	0.064614	supercritical
885.00	9.0000	53.001	0.018868	949.21	1119.0	2.9937	1.0146	1.2244	456.63	0.56504	38.379	0.064732	supercritical
886.67	9.0000	52.897	0.018905	950.92	1121.1	2.9960	1.0151	1.2248	457.05	0.56123	38.429	0.064849	supercritical
888.33	9.0000	52.795	0.018941	952.63	1123.1	2.9983	1.0156	1.2253	457.47	0.55745	38.479	0.064967	supercritical
890.00	9.0000	52.692	0.018978	954.34	1125.1	3.0006	1.0162	1.2257	457.89	0.55369	38.530	0.065084	supercritical
891.67	9.0000	52.590	0.019015	956.05	1127.2	3.0029	1.0167	1.2261	458.31	0.54995	38.580	0.065201	supercritical
893.33	9.0000	52.489	0.019052	957.76	1129.2	3.0052	1.0172	1.2266	458.73	0.54622	38.630	0.065318	supercritical
895.00	9.0000	52.387	0.019089	959.48	1131.3	3.0075	1.0178	1.2270	459.14	0.54252	38.680	0.065435	supercritical
896.67	9.0000	52.287	0.019125	961.19	1133.3	3.0098	1.0183	1.2274	459.56	0.53884	38.730	0.065552	supercritical
898.33	9.0000	52.186	0.019162	962.91	1135.4	3.0121	1.0188	1.2279	459.98	0.53517	38.780	0.065669	supercritical
900.00	9.0000	52.086	0.019199	964.62	1137.4	3.0144	1.0193	1.2283	460.39	0.53153	38.829	0.065786	supercritical
901.67	9.0000	51.987	0.019236	966.34	1139.5	3.0166	1.0199	1.2287	460.81	0.52791	38.879	0.065903	supercritical
903.33	9.0000	51.888	0.019272	968.06	1141.5	3.0189	1.0204	1.2292	461.22	0.52430	38.929	0.066020	supercritical
905.00	9.0000	51.789	0.019309	969.77	1143.6	3.0212	1.0209	1.2296	461.64	0.52071	38.979	0.066137	supercritical
906.67	9.0000	51.691	0.019346	971.49	1145.6	3.0234	1.0214	1.2300	462.05	0.51715	39.029	0.066253	supercritical
908.33	9.0000	51.593	0.019383	973.21	1147.7	3.0257	1.0219	1.2304	462.46	0.51360	39.078	0.066370	supercritical
910.00	9.0000	51.495	0.019419	974.93	1149.7	3.0279	1.0224	1.2309	462.88	0.51007	39.128	0.066486	supercritical
911.67	9.0000	51.398	0.019456	976.66	1151.8	3.0302	1.0229	1.2313	463.29	0.50655	39.178	0.066603	supercritical
913.33	9.0000	51.301	0.019493	978.38	1153.8	3.0324	1.0235	1.2317	463.70	0.50306	39.227	0.066719	supercritical
915.00	9.0000	51.205	0.019529	980.10	1155.9	3.0347	1.0240	1.2321	464.11	0.49958	39.277	0.066836	supercritical
916.67	9.0000	51.109	0.019566	981.82	1157.9	3.0369	1.0245	1.2326	464.52	0.49612	39.326	0.066952	supercritical
918.33	9.0000	51.013	0.019603	983.55	1160.0	3.0392	1.0250	1.2330	464.93	0.49268	39.376	0.067068	supercritical
920.00	9.0000	50.918	0.019639	985.27	1162.0	3.0414	1.0255	1.2334	465.34	0.48926	39.425	0.067184	supercritical
921.67	9.0000	50.823	0.019676	987.00	1164.1	3.0436	1.0260	1.2338	465.75	0.48586	39.474	0.067300	supercritical
923.33	9.0000	50.728	0.019713	988.73	1166.1	3.0459	1.0265	1.2342	466.16	0.48247	39.524	0.067416	supercritical
925.00	9.0000	50.634	0.019749	990.45	1168.2	3.0481	1.0270	1.2347	466.57	0.47910	39.573	0.067532	supercritical
926.67	9.0000	50.540	0.019786	992.18	1170.3	3.0503	1.0275	1.2351	466.98	0.47574	39.622	0.067648	supercritical
928.33	9.0000	50.447	0.019823	993.91	1172.3	3.0525	1.0280	1.2355	467.38	0.47241	39.672	0.067764	supercritical
930.00	9.0000	50.354	0.019859	995.64	1174.4	3.0548	1.0285	1.2359	467.79	0.46909	39.721	0.067880	supercritical
931.67	9.0000	50.261	0.019896	997.37	1176.4	3.0570	1.0290	1.2363	468.20	0.46579	39.770	0.067995	supercritical
933.33	9.0000	50.169	0.019933	999.10	1178.5	3.0592	1.0295	1.2367	468.60	0.46250	39.819	0.068111	supercritical
935.00	9.0000	50.077	0.019969	1000.8	1180.6	3.0614	1.0300	1.2371	469.01	0.45923	39.868	0.068226	supercritical
936.67	9.0000	49.985	0.020006	1002.6	1182.6	3.0636	1.0305	1.2376	469.42	0.45598	39.917	0.068342	supercritical
938.33	9.0000	49.894	0.020042	1004.3	1184.7	3.0658	1.0310	1.2380	469.82	0.45274	39.966	0.068457	supercritical
940.00	9.0000	49.803	0.020079	1006.0	1186.7	3.0680	1.0314	1.2384	470.22	0.44952	40.015	0.068573	supercritical
941.67	9.0000	49.713	0.020116	1007.8	1188.8	3.0702	1.0319	1.2388	470.63	0.44632	40.064	0.068688	supercritical
943.33	9.0000	49.622	0.020152	1009.5	1190.9	3.0724	1.0324	1.2392	471.03	0.44313	40.113	0.068803	supercritical
945.00	9.0000	49.532	0.020189	1011.2	1192.9	3.0746	1.0329	1.2396	471.44	0.43996	40.162	0.068918	supercritical
946.67	9.0000	49.443	0.020225	1013.0	1195.0	3.0767	1.0334	1.2400	471.84	0.43680	40.211	0.069033	supercritical
948.33	9.0000	49.354	0.020262	1014.7	1197.1	3.0789	1.0339	1.2404	472.24	0.43366	40.259	0.069148	supercritical
950.00	9.0000	49.265	0.020298	1016.5	1199.1	3.0811	1.0343	1.2408	472.64	0.43053	40.308	0.069263	supercritical
951.67	9.0000	49.176	0.020335	1018.2	1201.2	3.0833	1.0348	1.2412	473.04	0.42742	40.357	0.069378	supercritical
953.33	9.0000	49.088	0.020372	1019.9	1203.3	3.0855	1.0353	1.2416	473.44	0.42433	40.405	0.069493	supercritical
955.00	9.0000	49.000	0.020408	1021.7	1205.4	3.0876	1.0358	1.2420	473.84	0.42125	40.454	0.069608	supercritical
956.67	9.0000	48.913	0.020445	1023.4	1207.4	3.0898	1.0363	1.2424	474.25	0.41818	40.503	0.069722	supercritical
958.33	9.0000	48.825	0.020481	1025.2	1209.5	3.0920	1.0367	1.2428	474.64	0.41513	40.551	0.069837	supercritical
960.00	9.0000	48.739	0.020518	1026.9	1211.6	3.0941	1.0372	1.2432	475.04	0.41210	40.600	0.069951	supercritical
961.67	9.0000	48.652	0.020554	1028.6	1213.6	3.0963	1.0377	1.2436	475.44	0.40908	40.648	0.070066	supercritical
963.33	9.0000	48.566	0.020591	1030.4	1215.7	3.0984	1.0381	1.2440	475.84	0.40607	40.697	0.070180	supercritical
965.00	9.0000	48.480	0.020627	1032.1	1217.8	3.1006	1.0386	1.2444	476.24	0.40308	40.745	0.070295	supercritical
966.67	9.0000	48.394	0.020664	1033.9	1219.9	3.1027	1.0391	1.2448	476.64	0.40011	40.793	0.070409	supercritical
968.33	9.0000	48.309	0.020700	1035.6	1221.9	3.1049	1.0395	1.2452	477.03	0.39714	40.842	0.070523	supercritical
970.00	9.0000	48.224	0.020737	1037.4	1224.0	3.1070	1.0400	1.2456	477.43	0.39420	40.890	0.070637	supercritical
971.67	9.0000	48.139	0.020773	1039.1	1226.1	3.1091	1.0405	1.2460	477.83	0.39126	40.938	0.070751	supercritical
973.33	9.0000	48.055	0.020810	1040.9	1228.2	3.1113	1.0409	1.2464	478.22	0.38834	40.987	0.070865	supercritical
975.00	9.0000	47.971	0.020846	1042.6	1230.2	3.1134	1.0414	1.2468	478.62	0.38544	41.035	0.070979	supercritical
976.67	9.0000	47.887	0.020882	1044.4	1232.3	3.1155	1.0419	1.2472	479.01	0.38254	41.083	0.071093	supercritical
978.33	9.0000	47.804	0.020919	1046.1	1234.4	3.1177	1.0423	1.2476	479.41	0.37967	41.131	0.071207	supercritical
980.00	9.0000	47.721	0.020955	1047.9	1236.5	3.1198	1.0428	1.2480	479.80	0.37680	41.179	0.071321	supercritical
981.67	9.0000	47.638	0.020992	1049.6	1238.6	3.1219	1.0432	1.2484	480.20	0.37395	41.227	0.071434	supercritical
983.33	9.0000	47.555	0.021028	1051.4	1240.6	3.1240	1.0437	1.2487	480.59	0.37111	41.275	0.071548	supercritical
985.00	9.0000	47.473	0.021065	1053.1	1242.7	3.1261	1.0441	1.2491	480.98	0.36829	41.323	0.071661	supercritical
986.67	9.0000	47.391	0.021101	1054.9	1244.8	3.1283	1.0446	1.2495	481.38	0.36548	41.371	0.071775	supercritical
988.33	9.0000	47.309	0.021137	1056.6	1246.9	3.1304	1.0450	1.2499	481.77	0.36268	41.419	0.071888	supercritical
990.00	9.0000	47.228	0.021174	1058.4	1249.0	3.1325	1.0455	1.2503	482.16	0.35990	41.467	0.072002	supercritical
991.67	9.0000	47.147	0.021210	1060.2	1251.1	3.1346	1.0459	1.2507	482.55	0.35713	41.515	0.072115	supercritical
993.33	9.0000	47.066	0.021247	1061.9	1253.1	3.1367	1.0464	1.2511	482.94	0.35437	41.563	0.072228	supercritical
995.00	9.0000	46.986	0.021283	1063.7	1255.2	3.1388	1.0468	1.2514	483.33	0.35162	41.610	0.072341	supercritical
996.67	9.0000	46.906	0.021319	1065.4	1257.3	3.1409	1.0473	1.2518	483.72	0.34889	41.658	0.072454	supercritical
998.33	9.0000	46.826	0.021356	1067.2	1259.4	3.1430	1.0477	1.2522	484.11	0.34617	41.706	0.072567	supercritical
1000.0	9.0000	46.746	0.021392	1069.0	1261.5	3.1451	1.0482	1.2526	484.50	0.34346	41.754	0.072680	supercritical
1001.7	9.0000	46.667	0.021429	1070.7	1263.6	3.1471	1.0486	1.2530	484.89	0.34076	41.801	0.072793	supercritical
1003.3	9.0000	46.588	0.021465	1072.5	1265.7	3.1492	1.0490	1.2533	485.28	0.33808	41.849	0.072906	supercritical
1005.0	9.0000	46.509	0.021501	1074.2	1267.7	3.1513	1.0495	1.2537	485.67	0.33541	41.896	0.073019	supercritical
1006.7	9.0000	46.430	0.021538	1076.0	1269.8	3.1534	1.0499	1.2541	486.06	0.33275	41.944	0.073131	supercritical
1008.3	9.0000	46.352	0.021574	1077.8	1271.9	3.1555	1.0504	1.2545	486.45	0.33011	41.991	0.073244	supercritical
1010.0	9.0000	46.274	0.021610	1079.5	1274.0	3.1575	1.0508	1.2548	486.83	0.32747	42.039	0.073356	supercritical
1011.7	9.0000	46.197	0.021647	1081.3	1276.1	3.1596	1.0512	1.2552	487.22	0.32485	42.086	0.073469	supercritical
1013.3	9.0000	46.119	0.021683	1083.1	1278.2	3.1617	1.0517	1.2556	487.61	0.32224	42.134	0.073581	supercritical
1015.0	9.0000	46.042	0.021719	1084.8	1280.3	3.1637	1.0521	1.2560	487.99	0.31964	42.181	0.073694	supercritical
1016.7	9.0000	45.965	0.021756	1086.6	1282.4	3.1658	1.0525	1.2563	488.38	0.31706	42.228	0.073806	supercritical
1018.3	9.0000	45.889	0.021792	1088.4	1284.5	3.1678	1.0529	1.2567	488.76	0.31448	42.276	0.073918	supercritical
1020.0	9.0000	45.812	0.021828	1090.1	1286.6	3.1699	1.0534	1.2571	489.15	0.31192	42.323	0.074030	supercritical
1021.7	9.0000	45.736	0.021865	1091.9	1288.7	3.1720	1.0538	1.2574	489.53	0.30937	42.370	0.074142	supercritical
1023.3	9.0000	45.660	0.021901	1093.7	1290.8	3.1740	1.0542	1.2578	489.92	0.30683	42.418	0.074254	supercritical
1025.0	9.0000	45.585	0.021937	1095.4	1292.9	3.1761	1.0546	1.2582	490.30	0.30430	42.465	0.074366	supercritical
1026.7	9.0000	45.510	0.021973	1097.2	1295.0	3.1781	1.0551	1.2585	490.68	0.30178	42.512	0.074478	supercritical
1028.3	9.0000	45.435	0.022010	1099.0	1297.1	3.1801	1.0555	1.2589	491.07	0.29928	42.559	0.074590	supercritical
1030.0	9.0000	45.360	0.022046	1100.7	1299.2	3.1822	1.0559	1.2593	491.45	0.29678	42.606	0.074702	supercritical
1031.7	9.0000	45.285	0.022082	1102.5	1301.3	3.1842	1.0563	1.2596	491.83	0.29430	42.653	0.074813	supercritical
1033.3	9.0000	45.211	0.022119	1104.3	1303.4	3.1862	1.0567	1.2600	492.22	0.29182	42.700	0.074925	supercritical
1035.0	9.0000	45.137	0.022155	1106.1	1305.5	3.1883	1.0572	1.2603	492.60	0.28936	42.747	0.075036	supercritical
1036.7	9.0000	45.063	0.022191	1107.8	1307.6	3.1903	1.0576	1.2607	492.98	0.28691	42.794	0.075148	supercritical
1038.3	9.0000	44.990	0.022227	1109.6	1309.7	3.1923	1.0580	1.2611	493.36	0.28447	42.841	0.075259	supercritical
1040.0	9.0000	44.916	0.022264	1111.4	1311.8	3.1944	1.0584	1.2614	493.74	0.28204	42.888	0.075370	supercritical
1041.7	9.0000	44.843	0.022300	1113.2	1313.9	3.1964	1.0588	1.2618	494.12	0.27962	42.935	0.075482	supercritical
1043.3	9.0000	44.771	0.022336	1114.9	1316.0	3.1984	1.0592	1.2621	494.50	0.27721	42.981	0.075593	supercritical
1045.0	9.0000	44.698	0.022372	1116.7	1318.1	3.2004	1.0596	1.2625	494.88	0.27482	43.028	0.075704	supercritical
1046.7	9.0000	44.626	0.022409	1118.5	1320.2	3.2024	1.0600	1.2628	495.26	0.27243	43.075	0.075815	supercritical
1048.3	9.0000	44.554	0.022445	1120.3	1322.3	3.2044	1.0605	1.2632	495.64	0.27005	43.122	0.075926	supercritical
1050.0	9.0000	44.482	0.022481	1122.1	1324.4	3.2064	1.0609	1.2636	496.02	0.26769	43.168	0.076037	supercritical
1051.7	9.0000	44.411	0.022517	1123.8	1326.5	3.2084	1.0613	1.2639	496.40	0.26533	43.215	0.076148	supercritical
1053.3	9.0000	44.339	0.022553	1125.6	1328.6	3.2104	1.0617	1.2643	496.77	0.26298	43.262	0.076259	supercritical
1055.0	9.0000	44.268	0.022590	1127.4	1330.7	3.2124	1.0621	1.2646	497.15	0.26065	43.308	0.076369	supercritical
1056.7	9.0000	44.197	0.022626	1129.2	1332.8	3.2144	1.0625	1.2650	497.53	0.25832	43.355	0.076480	supercritical
1058.3	9.0000	44.127	0.022662	1131.0	1334.9	3.2164	1.0629	1.2653	497.90	0.25601	43.401	0.076591	supercritical
1060.0	9.0000	44.056	0.022698	1132.7	1337.0	3.2184	1.0633	1.2657	498.28	0.25370	43.448	0.076701	supercritical
1061.7	9.0000	43.986	0.022734	1134.5	1339.1	3.2204	1.0637	1.2660	498.66	0.25141	43.494	0.076812	supercritical
1063.3	9.0000	43.916	0.022771	1136.3	1341.3	3.2224	1.0641	1.2664	499.03	0.24912	43.541	0.076922	supercritical
1065.0	9.0000	43.847	0.022807	1138.1	1343.4	3.2244	1.0645	1.2667	499.41	0.24684	43.587	0.077032	supercritical
1066.7	9.0000	43.777	0.022843	1139.9	1345.5	3.2264	1.0649	1.2670	499.78	0.24458	43.634	0.077143	supercritical
1068.3	9.0000	43.708	0.022879	1141.7	1347.6	3.2283	1.0653	1.2674	500.16	0.24232	43.680	0.077253	supercritical
1070.0	9.0000	43.639	0.022915	1143.5	1349.7	3.2303	1.0657	1.2677	500.53	0.24007	43.726	0.077363	supercritical
1071.7	9.0000	43.570	0.022951	1145.3	1351.8	3.2323	1.0660	1.2681	500.91	0.23783	43.773	0.077473	supercritical
1073.3	9.0000	43.502	0.022988	1147.0	1353.9	3.2343	1.0664	1.2684	501.28	0.23561	43.819	0.077583	supercritical
1075.0	9.0000	43.433	0.023024	1148.8	1356.0	3.2362	1.0668	1.2688	501.65	0.23339	43.865	0.077693	supercritical
1076.7	9.0000	43.365	0.023060	1150.6	1358.2	3.2382	1.0672	1.2691	502.03	0.23118	43.911	0.077803	supercritical
1078.3	9.0000	43.297	0.023096	1152.4	1360.3	3.2402	1.0676	1.2694	502.40	0.22898	43.957	0.077913	supercritical
1080.0	9.0000	43.230	0.023132	1154.2	1362.4	3.2421	1.0680	1.2698	502.77	0.22679	44.004	0.078022	supercritical
1081.7	9.0000	43.162	0.023168	1156.0	1364.5	3.2441	1.0684	1.2701	503.14	0.22460	44.050	0.078132	supercritical
1083.3	9.0000	43.095	0.023205	1157.8	1366.6	3.2460	1.0688	1.2705	503.52	0.22243	44.096	0.078242	supercritical
1085.0	9.0000	43.028	0.023241	1159.6	1368.7	3.2480	1.0691	1.2708	503.89	0.22027	44.142	0.078351	supercritical
1086.7	9.0000	42.961	0.023277	1161.4	1370.9	3.2499	1.0695	1.2711	504.26	0.21811	44.188	0.078461	supercritical
1088.3	9.0000	42.895	0.023313	1163.2	1373.0	3.2519	1.0699	1.2715	504.63	0.21597	44.234	0.078570	supercritical
1090.0	9.0000	42.828	0.023349	1165.0	1375.1	3.2538	1.0703	1.2718	505.00	0.21383	44.280	0.078679	supercritical
1091.7	9.0000	42.762	0.023385	1166.8	1377.2	3.2558	1.0707	1.2721	505.37	0.21170	44.326	0.078789	supercritical
1093.3	9.0000	42.696	0.023421	1168.5	1379.3	3.2577	1.0710	1.2725	505.74	0.20958	44.371	0.078898	supercritical
1095.0	9.0000	42.631	0.023457	1170.3	1381.5	3.2597	1.0714	1.2728	506.11	0.20747	44.417	0.079007	supercritical
1096.7	9.0000	42.565	0.023493	1172.1	1383.6	3.2616	1.0718	1.2731	506.48	0.20537	44.463	0.079116	supercritical
1098.3	9.0000	42.500	0.023530	1173.9	1385.7	3.2635	1.0722	1.2735	506.85	0.20328	44.509	0.079225	supercritical
1100.0	9.0000	42.435	0.023566	1175.7	1387.8	3.2655	1.0726	1.2738	507.22	0.20119	44.555	0.079334	supercritical
1101.7	9.0000	42.370	0.023602	1177.5	1389.9	3.2674	1.0729	1.2741	507.59	0.19912	44.601	0.079443	supercritical
1103.3	9.0000	42.305	0.023638	1179.3	1392.1	3.2693	1.0733	1.2744	507.95	0.19705	44.646	0.079552	supercritical
1105.0	9.0000	42.241	0.023674	1181.1	1394.2	3.2712	1.0737	1.2748	508.32	0.19499	44.692	0.079660	supercritical
1106.7	9.0000	42.176	0.023710	1182.9	1396.3	3.2732	1.0740	1.2751	508.69	0.19294	44.738	0.079769	supercritical
1108.3	9.0000	42.112	0.023746	1184.7	1398.4	3.2751	1.0744	1.2754	509.06	0.19090	44.783	0.079878	supercritical
1110.0	9.0000	42.048	0.023782	1186.5	1400.6	3.2770	1.0748	1.2757	509.42	0.18886	44.829	0.079986	supercritical
1111.7	9.0000	41.985	0.023818	1188.3	1402.7	3.2789	1.0751	1.2761	509.79	0.18684	44.874	0.080095	supercritical
1113.3	9.0000	41.921	0.023854	1190.1	1404.8	3.2808	1.0755	1.2764	510.15	0.18482	44.920	0.080203	supercritical
1115.0	9.0000	41.858	0.023890	1191.9	1407.0	3.2827	1.0759	1.2767	510.52	0.18281	44.965	0.080311	supercritical
1116.7	9.0000	41.795	0.023926	1193.7	1409.1	3.2846	1.0762	1.2770	510.89	0.18081	45.011	0.080420	supercritical
1118.3	9.0000	41.732	0.023962	1195.5	1411.2	3.2865	1.0766	1.2774	511.25	0.17882	45.056	0.080528	supercritical
1120.0	9.0000	41.669	0.023998	1197.4	1413.3	3.2884	1.0770	1.2777	511.62	0.17683	45.102	0.080636	supercritical
1121.7	9.0000	41.607	0.024035	1199.2	1415.5	3.2903	1.0773	1.2780	511.98	0.17485	45.147	0.080744	supercritical
1123.3	9.0000	41.544	0.024071	1201.0	1417.6	3.2922	1.0777	1.2783	512.34	0.17288	45.193	0.080852	supercritical
1125.0	9.0000	41.482	0.024107	1202.8	1419.7	3.2941	1.0780	1.2786	512.71	0.17092	45.238	0.080960	supercritical
1126.7	9.0000	41.420	0.024143	1204.6	1421.9	3.2960	1.0784	1.2790	513.07	0.16897	45.283	0.081068	supercritical
1128.3	9.0000	41.359	0.024179	1206.4	1424.0	3.2979	1.0788	1.2793	513.44	0.16702	45.328	0.081176	supercritical
1130.0	9.0000	41.297	0.024215	1208.2	1426.1	3.2998	1.0791	1.2796	513.80	0.16508	45.374	0.081283	supercritical
1131.7	9.0000	41.236	0.024251	1210.0	1428.3	3.3017	1.0795	1.2799	514.16	0.16315	45.419	0.081391	supercritical
1133.3	9.0000	41.175	0.024287	1211.8	1430.4	3.3036	1.0798	1.2802	514.52	0.16123	45.464	0.081499	supercritical
1135.0	9.0000	41.114	0.024323	1213.6	1432.5	3.3055	1.0802	1.2805	514.89	0.15931	45.509	0.081606	supercritical
1136.7	9.0000	41.053	0.024359	1215.4	1434.7	3.3073	1.0805	1.2808	515.25	0.15741	45.554	0.081714	supercritical
1138.3	9.0000	40.992	0.024395	1217.2	1436.8	3.3092	1.0809	1.2811	515.61	0.15551	45.600	0.081821	supercritical
1140.0	9.0000	40.932	0.024431	1219.1	1438.9	3.3111	1.0812	1.2815	515.97	0.15361	45.645	0.081929	supercritical
1141.7	9.0000	40.872	0.024467	1220.9	1441.1	3.3130	1.0816	1.2818	516.33	0.15173	45.690	0.082036	supercritical
1143.3	9.0000	40.812	0.024503	1222.7	1443.2	3.3148	1.0819	1.2821	516.69	0.14985	45.735	0.082143	supercritical
1145.0	9.0000	40.752	0.024539	1224.5	1445.3	3.3167	1.0823	1.2824	517.05	0.14798	45.780	0.082250	supercritical
1146.7	9.0000	40.692	0.024575	1226.3	1447.5	3.3186	1.0826	1.2827	517.41	0.14611	45.825	0.082357	supercritical
1148.3	9.0000	40.633	0.024611	1228.1	1449.6	3.3204	1.0830	1.2830	517.77	0.14426	45.870	0.082465	supercritical
1150.0	9.0000	40.573	0.024647	1229.9	1451.8	3.3223	1.0833	1.2833	518.13	0.14241	45.915	0.082571	supercritical
1151.7	9.0000	40.514	0.024683	1231.7	1453.9	3.3241	1.0837	1.2836	518.49	0.14057	45.959	0.082678	supercritical
1153.3	9.0000	40.455	0.024719	1233.6	1456.0	3.3260	1.0840	1.2839	518.85	0.13873	46.004	0.082785	supercritical
1155.0	9.0000	40.396	0.024755	1235.4	1458.2	3.3279	1.0843	1.2842	519.21	0.13690	46.049	0.082892	supercritical
1156.7	9.0000	40.338	0.024791	1237.2	1460.3	3.3297	1.0847	1.2845	519.57	0.13508	46.094	0.082999	supercritical
1158.3	9.0000	40.279	0.024827	1239.0	1462.5	3.3316	1.0850	1.2848	519.92	0.13327	46.139	0.083105	supercritical
1160.0	9.0000	40.221	0.024863	1240.8	1464.6	3.3334	1.0854	1.2851	520.28	0.13146	46.184	0.083212	supercritical
1161.7	9.0000	40.163	0.024899	1242.7	1466.7	3.3353	1.0857	1.2854	520.64	0.12966	46.228	0.083319	supercritical
1163.3	9.0000	40.105	0.024935	1244.5	1468.9	3.3371	1.0860	1.2857	521.00	0.12787	46.273	0.083425	supercritical
1165.0	9.0000	40.047	0.024971	1246.3	1471.0	3.3389	1.0864	1.2860	521.35	0.12608	46.318	0.083531	supercritical
1166.7	9.0000	39.990	0.025006	1248.1	1473.2	3.3408	1.0867	1.2863	521.71	0.12430	46.362	0.083638	supercritical
1168.3	9.0000	39.932	0.025042	1249.9	1475.3	3.3426	1.0870	1.2866	522.07	0.12253	46.407	0.083744	supercritical
1170.0	9.0000	39.875	0.025078	1251.8	1477.5	3.3444	1.0874	1.2869	522.42	0.12076	46.451	0.083850	supercritical
1171.7	9.0000	39.818	0.025114	1253.6	1479.6	3.3463	1.0877	1.2872	522.78	0.11900	46.496	0.083956	supercritical
1173.3	9.0000	39.761	0.025150	1255.4	1481.7	3.3481	1.0880	1.2875	523.13	0.11725	46.541	0.084062	supercritical
1175.0	9.0000	39.704	0.025186	1257.2	1483.9	3.3499	1.0884	1.2878	523.49	0.11551	46.585	0.084168	supercritical
1176.7	9.0000	39.648	0.025222	1259.0	1486.0	3.3518	1.0887	1.2881	523.84	0.11377	46.630	0.084274	supercritical
1178.3	9.0000	39.591	0.025258	1260.9	1488.2	3.3536	1.0890	1.2884	524.20	0.11203	46.674	0.084380	supercritical
1180.0	9.0000	39.535	0.025294	1262.7	1490.3	3.3554	1.0894	1.2887	524.55	0.11031	46.718	0.084486	supercritical
1181.7	9.0000	39.479	0.025330	1264.5	1492.5	3.3572	1.0897	1.2890	524.91	0.10859	46.763	0.084592	supercritical
1183.3	9.0000	39.423	0.025366	1266.3	1494.6	3.3590	1.0900	1.2893	525.26	0.10687	46.807	0.084698	supercritical
1185.0	9.0000	39.367	0.025402	1268.2	1496.8	3.3609	1.0903	1.2896	525.61	0.10517	46.852	0.084803	supercritical
1186.7	9.0000	39.312	0.025438	1270.0	1498.9	3.3627	1.0907	1.2899	525.97	0.10347	46.896	0.084909	supercritical
1188.3	9.0000	39.256	0.025474	1271.8	1501.1	3.3645	1.0910	1.2901	526.32	0.10177	46.940	0.085014	supercritical
1190.0	9.0000	39.201	0.025509	1273.6	1503.2	3.3663	1.0913	1.2904	526.67	0.10008	46.985	0.085120	supercritical
1191.7	9.0000	39.146	0.025545	1275.5	1505.4	3.3681	1.0916	1.2907	527.03	0.098401	47.029	0.085225	supercritical
1193.3	9.0000	39.091	0.025581	1277.3	1507.5	3.3699	1.0919	1.2910	527.38	0.096726	47.073	0.085330	supercritical
1195.0	9.0000	39.036	0.025617	1279.1	1509.7	3.3717	1.0923	1.2913	527.73	0.095056	47.117	0.085436	supercritical
1196.7	9.0000	38.982	0.025653	1281.0	1511.8	3.3735	1.0926	1.2916	528.08	0.093393	47.161	0.085541	supercritical
1198.3	9.0000	38.927	0.025689	1282.8	1514.0	3.3753	1.0929	1.2919	528.43	0.091736	47.206	0.085646	supercritical
1200.0	9.0000	38.873	0.025725	1284.6	1516.1	3.3771	1.0932	1.2921	528.78	0.090085	47.250	0.085751	supercritical
1201.7	9.0000	38.819	0.025761	1286.5	1518.3	3.3789	1.0935	1.2924	529.14	0.088440	47.294	0.085856	supercritical
1203.3	9.0000	38.765	0.025797	1288.3	1520.5	3.3807	1.0939	1.2927	529.49	0.086801	47.338	0.085961	supercritical
1205.0	9.0000	38.711	0.025833	1290.1	1522.6	3.3825	1.0942	1.2930	529.84	0.085168	47.382	0.086066	supercritical
1206.7	9.0000	38.657	0.025868	1291.9	1524.8	3.3843	1.0945	1.2933	530.19	0.083541	47.426	0.086171	supercritical
1208.3	9.0000	38.604	0.025904	1293.8	1526.9	3.3860	1.0948	1.2936	530.54	0.081920	47.470	0.086275	supercritical
1210.0	9.0000	38.550	0.025940	1295.6	1529.1	3.3878	1.0951	1.2938	530.89	0.080304	47.514	0.086380	supercritical
1211.7	9.0000	38.497	0.025976	1297.4	1531.2	3.3896	1.0954	1.2941	531.24	0.078695	47.558	0.086485	supercritical
1213.3	9.0000	38.444	0.026012	1299.3	1533.4	3.3914	1.0957	1.2944	531.58	0.077092	47.602	0.086589	supercritical
1215.0	9.0000	38.391	0.026048	1301.1	1535.5	3.3932	1.0960	1.2947	531.93	0.075494	47.646	0.086694	supercritical
1216.7	9.0000	38.338	0.026084	1303.0	1537.7	3.3949	1.0964	1.2950	532.28	0.073902	47.689	0.086798	supercritical
1218.3	9.0000	38.286	0.026120	1304.8	1539.9	3.3967	1.0967	1.2952	532.63	0.072316	47.733	0.086903	supercritical
1220.0	9.0000	38.233	0.026155	1306.6	1542.0	3.3985	1.0970	1.2955	532.98	0.070735	47.777	0.087007	supercritical
1221.7	9.0000	38.181	0.026191	1308.5	1544.2	3.4002	1.0973	1.2958	533.33	0.069161	47.821	0.087111	supercritical
1223.3	9.0000	38.129	0.026227	1310.3	1546.3	3.4020	1.0976	1.2961	533.67	0.067592	47.865	0.087215	supercritical
1225.0	9.0000	38.076	0.026263	1312.1	1548.5	3.4038	1.0979	1.2963	534.02	0.066028	47.908	0.087320	supercritical
1226.7	9.0000	38.025	0.026299	1314.0	1550.7	3.4055	1.0982	1.2966	534.37	0.064470	47.952	0.087424	supercritical
1228.3	9.0000	37.973	0.026335	1315.8	1552.8	3.4073	1.0985	1.2969	534.71	0.062918	47.996	0.087528	supercritical
1230.0	9.0000	37.921	0.026370	1317.6	1555.0	3.4091	1.0988	1.2971	535.06	0.061371	48.039	0.087632	supercritical
1231.7	9.0000	37.870	0.026406	1319.5	1557.1	3.4108	1.0991	1.2974	535.41	0.059830	48.083	0.087735	supercritical
1233.3	9.0000	37.818	0.026442	1321.3	1559.3	3.4126	1.0994	1.2977	535.75	0.058294	48.127	0.087839	supercritical
1235.0	9.0000	37.767	0.026478	1323.2	1561.5	3.4143	1.0997	1.2980	536.10	0.056764	48.170	0.087943	supercritical
1236.7	9.0000	37.716	0.026514	1325.0	1563.6	3.4161	1.1000	1.2982	536.44	0.055239	48.214	0.088047	supercritical
1238.3	9.0000	37.665	0.026550	1326.9	1565.8	3.4178	1.1003	1.2985	536.79	0.053719	48.257	0.088150	supercritical
1240.0	9.0000	37.615	0.026585	1328.7	1568.0	3.4196	1.1006	1.2988	537.13	0.052205	48.301	0.088254	supercritical
1241.7	9.0000	37.564	0.026621	1330.5	1570.1	3.4213	1.1009	1.2990	537.48	0.050696	48.344	0.088357	supercritical
1243.3	9.0000	37.513	0.026657	1332.4	1572.3	3.4231	1.1012	1.2993	537.82	0.049192	48.388	0.088461	supercritical
1245.0	9.0000	37.463	0.026693	1334.2	1574.5	3.4248	1.1015	1.2996	538.17	0.047694	48.431	0.088564	supercritical
1246.7	9.0000	37.413	0.026729	1336.1	1576.6	3.4265	1.1018	1.2998	538.51	0.046201	48.475	0.088668	supercritical
1248.3	9.0000	37.363	0.026765	1337.9	1578.8	3.4283	1.1021	1.3001	538.85	0.044713	48.518	0.088771	supercritical
1250.0	9.0000	37.313	0.026800	1339.8	1581.0	3.4300	1.1024	1.3004	539.20	0.043231	48.562	0.088874	supercritical
1251.7	9.0000	37.263	0.026836	1341.6	1583.1	3.4317	1.1027	1.3006	539.54	0.041753	48.605	0.088977	supercritical
1253.3	9.0000	37.214	0.026872	1343.4	1585.3	3.4335	1.1029	1.3009	539.88	0.040281	48.648	0.089080	supercritical
1255.0	9.0000	37.164	0.026908	1345.3	1587.5	3.4352	1.1032	1.3012	540.23	0.038814	48.692	0.089183	supercritical
1256.7	9.0000	37.115	0.026944	1347.1	1589.6	3.4369	1.1035	1.3014	540.57	0.037352	48.735	0.089286	supercritical
1258.3	9.0000	37.065	0.026979	1349.0	1591.8	3.4387	1.1038	1.3017	540.91	0.035895	48.778	0.089389	supercritical
1260.0	9.0000	37.016	0.027015	1350.8	1594.0	3.4404	1.1041	1.3019	541.25	0.034443	48.821	0.089492	supercritical
1261.7	9.0000	36.967	0.027051	1352.7	1596.1	3.4421	1.1044	1.3022	541.59	0.032996	48.864	0.089595	supercritical
1263.3	9.0000	36.918	0.027087	1354.5	1598.3	3.4438	1.1047	1.3025	541.94	0.031554	48.908	0.089697	supercritical
1265.0	9.0000	36.870	0.027123	1356.4	1600.5	3.4455	1.1050	1.3027	542.28	0.030117	48.951	0.089800	supercritical
1266.7	9.0000	36.821	0.027158	1358.2	1602.7	3.4473	1.1053	1.3030	542.62	0.028685	48.994	0.089903	supercritical
1268.3	9.0000	36.773	0.027194	1360.1	1604.8	3.4490	1.1055	1.3032	542.96	0.027258	49.037	0.090005	supercritical
1270.0	9.0000	36.724	0.027230	1361.9	1607.0	3.4507	1.1058	1.3035	543.30	0.025835	49.080	0.090108	supercritical
1271.7	9.0000	36.676	0.027266	1363.8	1609.2	3.4524	1.1061	1.3037	543.64	0.024418	49.123	0.090210	supercritical
1273.3	9.0000	36.628	0.027301	1365.6	1611.3	3.4541	1.1064	1.3040	543.98	0.023005	49.166	0.090312	supercritical
1275.0	9.0000	36.580	0.027337	1367.5	1613.5	3.4558	1.1067	1.3042	544.32	0.021598	49.209	0.090415	supercritical
1276.7	9.0000	36.532	0.027373	1369.3	1615.7	3.4575	1.1069	1.3045	544.66	0.020195	49.252	0.090517	supercritical
1278.3	9.0000	36.485	0.027409	1371.2	1617.9	3.4592	1.1072	1.3048	545.00	0.018797	49.295	0.090619	supercritical
1280.0	9.0000	36.437	0.027445	1373.0	1620.0	3.4609	1.1075	1.3050	545.34	0.017403	49.338	0.090721	supercritical
1281.7	9.0000	36.390	0.027480	1374.9	1622.2	3.4626	1.1078	1.3053	545.68	0.016014	49.381	0.090823	supercritical
1283.3	9.0000	36.342	0.027516	1376.7	1624.4	3.4643	1.1081	1.3055	546.01	0.014630	49.424	0.090925	supercritical
1285.0	9.0000	36.295	0.027552	1378.6	1626.6	3.4660	1.1083	1.3058	546.35	0.013251	49.467	0.091027	supercritical
1286.7	9.0000	36.248	0.027588	1380.5	1628.7	3.4677	1.1086	1.3060	546.69	0.011876	49.510	0.091129	supercritical
1288.3	9.0000	36.201	0.027623	1382.3	1630.9	3.4694	1.1089	1.3063	547.03	0.010506	49.553	0.091231	supercritical
1290.0	9.0000	36.155	0.027659	1384.2	1633.1	3.4711	1.1092	1.3065	547.37	0.0091408	49.595	0.091333	supercritical
1291.7	9.0000	36.108	0.027695	1386.0	1635.3	3.4728	1.1094	1.3068	547.70	0.0077799	49.638	0.091434	supercritical
1293.3	9.0000	36.061	0.027731	1387.9	1637.5	3.4744	1.1097	1.3070	548.04	0.0064236	49.681	0.091536	supercritical
1295.0	9.0000	36.015	0.027766	1389.7	1639.6	3.4761	1.1100	1.3073	548.38	0.0050718	49.724	0.091637	supercritical
1296.7	9.0000	35.969	0.027802	1391.6	1641.8	3.4778	1.1103	1.3075	548.72	0.0037245	49.766	0.091739	supercritical
1298.3	9.0000	35.922	0.027838	1393.5	1644.0	3.4795	1.1105	1.3078	549.05	0.0023818	49.809	0.091840	supercritical
1300.0	9.0000	35.876	0.027874	1395.3	1646.2	3.4812	1.1108	1.3080	549.39	0.0010434	49.852	0.091942	supercritical