Temperature (K)	Pressure (MPa)	Density (kg/m3)	Volume (m3/kg)	Internal Energy (kJ/kg)	Enthalpy (kJ/kg)	Entropy (J/g*K)	Cv (J/g*K)	Cp (J/g*K)	Sound Spd. (m/s)	Joule-Thomson (K/MPa)	Viscosity (uPa*s)	Therm. Cond. (W/m*K)	Phase
300.00	10.000	801.62	0.0012475	249.32	261.80	1.1894	0.94964	2.9906	414.28	0.98103	71.835	0.088193	liquid
301.67	10.000	786.18	0.0012720	254.17	266.89	1.2064	0.95490	3.1219	397.62	1.0906	69.155	0.086098	liquid
303.33	10.000	769.61	0.0012994	259.22	272.22	1.2240	0.96100	3.2789	380.55	1.2166	66.417	0.083976	liquid
305.00	10.000	751.67	0.0013304	264.53	277.84	1.2425	0.96817	3.4711	363.01	1.3634	63.604	0.081832	supercritical
306.67	10.000	732.05	0.0013660	270.15	283.81	1.2620	0.97675	3.7132	344.95	1.5370	60.691	0.079679	supercritical
308.33	10.000	710.30	0.0014079	276.17	290.25	1.2829	0.98712	4.0277	326.30	1.7456	57.644	0.077539	supercritical
310.00	10.000	685.77	0.0014582	282.72	297.30	1.3057	0.99962	4.4460	307.04	2.0006	54.417	0.075453	supercritical
311.67	10.000	657.61	0.0015207	289.95	305.15	1.3310	1.0144	5.0070	287.35	2.3157	50.960	0.073478	supercritical
313.33	10.000	624.73	0.0016007	298.08	314.09	1.3596	1.0311	5.7489	267.77	2.7069	47.227	0.071679	supercritical
315.00	10.000	586.02	0.0017064	307.37	324.43	1.3925	1.0487	6.6962	249.42	3.1888	43.210	0.070090	supercritical
316.67	10.000	541.09	0.0018481	317.97	336.46	1.4306	1.0622	7.6988	234.06	3.7627	39.012	0.068438	supercritical
318.33	10.000	493.02	0.0020283	329.45	349.73	1.4724	1.0652	8.0766	223.92	4.3625	35.027	0.065737	supercritical
320.00	10.000	448.28	0.0022308	340.59	362.90	1.5137	1.0577	7.6175	219.14	4.9031	31.758	0.061924	supercritical
321.67	10.000	410.94	0.0024335	350.50	374.83	1.5509	1.0435	6.6650	217.79	5.3322	29.341	0.057594	supercritical
323.33	10.000	381.41	0.0026218	358.91	385.13	1.5828	1.0267	5.7113	218.36	5.6431	27.630	0.053568	supercritical
325.00	10.000	358.04	0.0027930	366.05	393.98	1.6101	1.0095	4.9438	219.84	5.8657	26.402	0.050182	supercritical
326.67	10.000	339.13	0.0029487	372.22	401.70	1.6338	0.99281	4.3511	221.72	6.0242	25.494	0.047400	supercritical
328.33	10.000	323.48	0.0030913	377.64	408.56	1.6547	0.97721	3.8919	223.78	6.1351	24.802	0.045115	supercritical
330.00	10.000	310.26	0.0032232	382.50	414.73	1.6735	0.96291	3.5312	225.91	6.2103	24.262	0.043225	supercritical
331.67	10.000	298.87	0.0033460	386.91	420.37	1.6905	0.94994	3.2432	228.05	6.2584	23.831	0.041650	supercritical
333.33	10.000	288.92	0.0034612	390.96	425.57	1.7062	0.93827	3.0093	230.16	6.2857	23.482	0.040324	supercritical
335.00	10.000	280.11	0.0035701	394.72	430.42	1.7207	0.92780	2.8165	232.23	6.2969	23.196	0.039199	supercritical
336.67	10.000	272.22	0.0036735	398.24	434.98	1.7342	0.91843	2.6553	234.26	6.2953	22.959	0.038237	supercritical
338.33	10.000	265.10	0.0037722	401.56	439.29	1.7470	0.91005	2.5187	236.22	6.2836	22.761	0.037408	supercritical
340.00	10.000	258.62	0.0038667	404.72	443.38	1.7591	0.90255	2.4017	238.14	6.2638	22.595	0.036689	supercritical
341.67	10.000	252.67	0.0039577	407.72	447.30	1.7706	0.89582	2.3005	240.00	6.2374	22.456	0.036063	supercritical
343.33	10.000	247.19	0.0040455	410.60	451.06	1.7816	0.88977	2.2120	241.82	6.2058	22.338	0.035514	supercritical
345.00	10.000	242.11	0.0041304	413.38	454.68	1.7921	0.88431	2.1341	243.58	6.1698	22.239	0.035032	supercritical
346.67	10.000	237.38	0.0042127	416.05	458.18	1.8022	0.87938	2.0651	245.30	6.1303	22.155	0.034607	supercritical
348.33	10.000	232.95	0.0042927	418.64	461.57	1.8120	0.87490	2.0034	246.98	6.0881	22.086	0.034230	supercritical
350.00	10.000	228.80	0.0043705	421.15	464.86	1.8214	0.87083	1.9480	248.62	6.0435	22.028	0.033897	supercritical
351.67	10.000	224.90	0.0044465	423.60	468.06	1.8305	0.86711	1.8979	250.23	5.9971	21.980	0.033601	supercritical
353.33	10.000	221.21	0.0045206	425.98	471.19	1.8394	0.86370	1.8525	251.80	5.9492	21.941	0.033338	supercritical
355.00	10.000	217.72	0.0045931	428.31	474.24	1.8480	0.86058	1.8112	253.34	5.9002	21.911	0.033105	supercritical
356.67	10.000	214.40	0.0046641	430.59	477.23	1.8564	0.85770	1.7733	254.84	5.8503	21.888	0.032897	supercritical
358.33	10.000	211.25	0.0047337	432.82	480.15	1.8646	0.85506	1.7385	256.32	5.7997	21.871	0.032713	supercritical
360.00	10.000	208.25	0.0048020	435.00	483.02	1.8726	0.85262	1.7065	257.77	5.7487	21.860	0.032550	supercritical
361.67	10.000	205.38	0.0048690	437.15	485.84	1.8804	0.85037	1.6769	259.20	5.6972	21.854	0.032405	supercritical
363.33	10.000	202.64	0.0049350	439.27	488.61	1.8880	0.84830	1.6495	260.60	5.6456	21.852	0.032278	supercritical
365.00	10.000	200.01	0.0049998	441.34	491.34	1.8955	0.84638	1.6240	261.97	5.5939	21.855	0.032166	supercritical
366.67	10.000	197.49	0.0050636	443.39	494.03	1.9029	0.84461	1.6003	263.33	5.5422	21.862	0.032069	supercritical
368.33	10.000	195.07	0.0051265	445.41	496.68	1.9101	0.84297	1.5781	264.66	5.4905	21.872	0.031984	supercritical
370.00	10.000	192.74	0.0051884	447.41	499.29	1.9171	0.84146	1.5574	265.97	5.4390	21.886	0.031911	supercritical
371.67	10.000	190.49	0.0052495	449.37	501.87	1.9241	0.84006	1.5380	267.27	5.3877	21.902	0.031849	supercritical
373.33	10.000	188.33	0.0053098	451.32	504.42	1.9309	0.83877	1.5198	268.54	5.3367	21.922	0.031797	supercritical
375.00	10.000	186.24	0.0053694	453.24	506.94	1.9377	0.83759	1.5027	269.80	5.2859	21.943	0.031754	supercritical
376.67	10.000	184.22	0.0054282	455.15	509.43	1.9443	0.83650	1.4866	271.04	5.2355	21.967	0.031719	supercritical
378.33	10.000	182.27	0.0054863	457.03	511.89	1.9508	0.83550	1.4714	272.26	5.1855	21.993	0.031693	supercritical
380.00	10.000	180.38	0.0055437	458.89	514.33	1.9573	0.83458	1.4570	273.47	5.1358	22.022	0.031673	supercritical
381.67	10.000	178.55	0.0056006	460.74	516.75	1.9636	0.83375	1.4435	274.66	5.0865	22.052	0.031661	supercritical
383.33	10.000	176.78	0.0056568	462.58	519.14	1.9699	0.83298	1.4306	275.84	5.0377	22.083	0.031655	supercritical
385.00	10.000	175.06	0.0057124	464.39	521.52	1.9761	0.83229	1.4185	277.00	4.9893	22.117	0.031655	supercritical
386.67	10.000	173.38	0.0057675	466.20	523.87	1.9822	0.83167	1.4069	278.15	4.9414	22.152	0.031660	supercritical
388.33	10.000	171.76	0.0058221	467.99	526.21	1.9882	0.83110	1.3960	279.28	4.8939	22.188	0.031671	supercritical
390.00	10.000	170.18	0.0058762	469.76	528.53	1.9941	0.83060	1.3856	280.40	4.8469	22.225	0.031686	supercritical
391.67	10.000	168.64	0.0059297	471.53	530.83	2.0000	0.83015	1.3757	281.51	4.8004	22.264	0.031706	supercritical
393.33	10.000	167.14	0.0059828	473.28	533.11	2.0058	0.82976	1.3662	282.61	4.7544	22.304	0.031730	supercritical
395.00	10.000	165.69	0.0060355	475.03	535.38	2.0116	0.82942	1.3573	283.69	4.7089	22.345	0.031759	supercritical
396.67	10.000	164.27	0.0060877	476.76	537.64	2.0173	0.82912	1.3487	284.77	4.6639	22.387	0.031791	supercritical
398.33	10.000	162.88	0.0061395	478.48	539.88	2.0229	0.82888	1.3405	285.83	4.6194	22.430	0.031826	supercritical
400.00	10.000	161.53	0.0061909	480.20	542.11	2.0285	0.82867	1.3327	286.88	4.5754	22.474	0.031865	supercritical
401.67	10.000	160.21	0.0062419	481.90	544.32	2.0340	0.82851	1.3253	287.92	4.5318	22.519	0.031908	supercritical
403.33	10.000	158.92	0.0062926	483.60	546.52	2.0395	0.82839	1.3182	288.96	4.4888	22.564	0.031953	supercritical
405.00	10.000	157.66	0.0063428	485.29	548.71	2.0449	0.82831	1.3114	289.98	4.4463	22.610	0.032001	supercritical
406.67	10.000	156.43	0.0063927	486.97	550.89	2.0503	0.82826	1.3049	290.99	4.4042	22.657	0.032052	supercritical
408.33	10.000	155.22	0.0064423	488.64	553.06	2.0556	0.82825	1.2986	291.99	4.3627	22.705	0.032106	supercritical
410.00	10.000	154.05	0.0064916	490.31	555.22	2.0609	0.82827	1.2927	292.99	4.3216	22.753	0.032162	supercritical
411.67	10.000	152.89	0.0065405	491.97	557.37	2.0661	0.82832	1.2869	293.97	4.2810	22.802	0.032220	supercritical
413.33	10.000	151.76	0.0065892	493.62	559.51	2.0713	0.82840	1.2814	294.95	4.2409	22.851	0.032281	supercritical
415.00	10.000	150.66	0.0066375	495.27	561.64	2.0765	0.82851	1.2762	295.91	4.2013	22.901	0.032343	supercritical
416.67	10.000	149.58	0.0066855	496.91	563.77	2.0816	0.82865	1.2711	296.87	4.1622	22.951	0.032408	supercritical
418.33	10.000	148.52	0.0067333	498.55	565.88	2.0867	0.82882	1.2663	297.82	4.1235	23.002	0.032474	supercritical
420.00	10.000	147.48	0.0067808	500.18	567.99	2.0917	0.82901	1.2616	298.77	4.0853	23.053	0.032543	supercritical
421.67	10.000	146.45	0.0068280	501.81	570.09	2.0967	0.82923	1.2572	299.70	4.0475	23.105	0.032613	supercritical
423.33	10.000	145.45	0.0068750	503.43	572.18	2.1016	0.82947	1.2529	300.63	4.0102	23.157	0.032685	supercritical
425.00	10.000	144.47	0.0069217	505.05	574.26	2.1065	0.82973	1.2488	301.55	3.9733	23.210	0.032758	supercritical
426.67	10.000	143.51	0.0069682	506.66	576.34	2.1114	0.83001	1.2448	302.47	3.9369	23.263	0.032833	supercritical
428.33	10.000	142.56	0.0070145	508.27	578.41	2.1163	0.83032	1.2410	303.38	3.9009	23.316	0.032909	supercritical
430.00	10.000	141.63	0.0070605	509.87	580.48	2.1211	0.83064	1.2373	304.28	3.8654	23.370	0.032987	supercritical
431.67	10.000	140.72	0.0071063	511.47	582.54	2.1258	0.83099	1.2338	305.17	3.8302	23.423	0.033066	supercritical
433.33	10.000	139.82	0.0071518	513.07	584.59	2.1306	0.83135	1.2304	306.06	3.7955	23.478	0.033146	supercritical
435.00	10.000	138.94	0.0071972	514.67	586.64	2.1353	0.83173	1.2272	306.94	3.7612	23.532	0.033227	supercritical
436.67	10.000	138.08	0.0072424	516.26	588.68	2.1400	0.83213	1.2240	307.81	3.7274	23.587	0.033310	supercritical
438.33	10.000	137.22	0.0072873	517.85	590.72	2.1447	0.83254	1.2210	308.68	3.6939	23.642	0.033393	supercritical
440.00	10.000	136.39	0.0073321	519.43	592.75	2.1493	0.83297	1.2181	309.55	3.6608	23.697	0.033478	supercritical
441.67	10.000	135.56	0.0073767	521.01	594.78	2.1539	0.83341	1.2153	310.40	3.6281	23.752	0.033563	supercritical
443.33	10.000	134.75	0.0074210	522.59	596.80	2.1585	0.83387	1.2126	311.25	3.5959	23.808	0.033649	supercritical
445.00	10.000	133.95	0.0074652	524.17	598.82	2.1630	0.83434	1.2100	312.10	3.5640	23.864	0.033736	supercritical
446.67	10.000	133.17	0.0075093	525.74	600.84	2.1675	0.83483	1.2075	312.94	3.5324	23.920	0.033823	supercritical
448.33	10.000	132.40	0.0075531	527.32	602.85	2.1720	0.83533	1.2051	313.77	3.5013	23.976	0.033911	supercritical
450.00	10.000	131.63	0.0075968	528.89	604.85	2.1765	0.83584	1.2028	314.60	3.4705	24.033	0.033999	supercritical
451.67	10.000	130.88	0.0076403	530.45	606.86	2.1809	0.83636	1.2006	315.43	3.4401	24.089	0.034086	supercritical
453.33	10.000	130.15	0.0076837	532.02	608.86	2.1853	0.83690	1.1984	316.25	3.4100	24.146	0.034173	supercritical
455.00	10.000	129.42	0.0077269	533.58	610.85	2.1897	0.83744	1.1964	317.06	3.3803	24.203	0.034256	supercritical
456.67	10.000	128.70	0.0077699	535.14	612.84	2.1941	0.83800	1.1944	317.87	3.3510	24.260	0.034327	supercritical
458.33	10.000	128.00	0.0078128	536.70	614.83	2.1985	0.83857	1.1924	318.68	3.3219	24.317	0.034429	supercritical
460.00	10.000	127.30	0.0078555	538.26	616.82	2.2028	0.83915	1.1906	319.48	3.2933	24.375	0.034532	supercritical
461.67	10.000	126.61	0.0078981	539.82	618.80	2.2071	0.83973	1.1888	320.27	3.2649	24.432	0.034636	supercritical
463.33	10.000	125.94	0.0079406	541.38	620.78	2.2114	0.84033	1.1871	321.06	3.2369	24.489	0.034740	supercritical
465.00	10.000	125.27	0.0079829	542.93	622.76	2.2156	0.84093	1.1855	321.85	3.2092	24.547	0.034845	supercritical
466.67	10.000	124.61	0.0080251	544.48	624.73	2.2199	0.84155	1.1839	322.63	3.1818	24.605	0.034950	supercritical
468.33	10.000	123.96	0.0080671	546.03	626.70	2.2241	0.84217	1.1824	323.41	3.1548	24.663	0.035056	supercritical
470.00	10.000	123.32	0.0081090	547.58	628.67	2.2283	0.84279	1.1809	324.18	3.1280	24.721	0.035162	supercritical
471.67	10.000	122.69	0.0081508	549.13	630.64	2.2325	0.84343	1.1795	324.95	3.1016	24.779	0.035268	supercritical
473.33	10.000	122.06	0.0081925	550.68	632.61	2.2366	0.84408	1.1781	325.72	3.0754	24.837	0.035375	supercritical
475.00	10.000	121.45	0.0082340	552.23	634.57	2.2408	0.84473	1.1768	326.48	3.0496	24.895	0.035483	supercritical
476.67	10.000	120.84	0.0082755	553.77	636.53	2.2449	0.84538	1.1755	327.23	3.0241	24.953	0.035591	supercritical
478.33	10.000	120.24	0.0083168	555.32	638.49	2.2490	0.84605	1.1743	327.99	2.9988	25.012	0.035699	supercritical
480.00	10.000	119.65	0.0083580	556.86	640.44	2.2531	0.84672	1.1732	328.74	2.9738	25.070	0.035808	supercritical
481.67	10.000	119.06	0.0083990	558.41	642.40	2.2571	0.84739	1.1721	329.48	2.9491	25.128	0.035917	supercritical
483.33	10.000	118.48	0.0084400	559.95	644.35	2.2612	0.84807	1.1710	330.22	2.9247	25.187	0.036026	supercritical
485.00	10.000	117.91	0.0084809	561.49	646.30	2.2652	0.84876	1.1700	330.96	2.9005	25.246	0.036136	supercritical
486.67	10.000	117.35	0.0085216	563.03	648.25	2.2692	0.84945	1.1690	331.70	2.8767	25.304	0.036247	supercritical
488.33	10.000	116.79	0.0085623	564.57	650.20	2.2732	0.85015	1.1680	332.43	2.8530	25.363	0.036357	supercritical
490.00	10.000	116.24	0.0086028	566.11	652.14	2.2772	0.85085	1.1671	333.16	2.8297	25.421	0.036468	supercritical
491.67	10.000	115.70	0.0086433	567.65	654.09	2.2811	0.85156	1.1662	333.88	2.8066	25.480	0.036580	supercritical
493.33	10.000	115.16	0.0086836	569.19	656.03	2.2851	0.85227	1.1654	334.60	2.7837	25.539	0.036691	supercritical
495.00	10.000	114.63	0.0087239	570.73	657.97	2.2890	0.85299	1.1646	335.32	2.7611	25.598	0.036803	supercritical
496.67	10.000	114.10	0.0087640	572.27	659.91	2.2929	0.85371	1.1638	336.03	2.7388	25.657	0.036916	supercritical
498.33	10.000	113.58	0.0088041	573.81	661.85	2.2968	0.85443	1.1631	336.74	2.7167	25.715	0.037028	supercritical
500.00	10.000	113.07	0.0088440	575.35	663.79	2.3007	0.85516	1.1624	337.45	2.6948	25.774	0.037141	supercritical
501.67	10.000	112.56	0.0088839	576.89	665.73	2.3046	0.85589	1.1617	338.15	2.6732	25.833	0.037254	supercritical
503.33	10.000	112.06	0.0089237	578.42	667.66	2.3084	0.85663	1.1611	338.86	2.6518	25.892	0.037368	supercritical
505.00	10.000	111.56	0.0089634	579.96	669.60	2.3123	0.85737	1.1605	339.55	2.6306	25.951	0.037482	supercritical
506.67	10.000	111.07	0.0090030	581.50	671.53	2.3161	0.85811	1.1599	340.25	2.6097	26.010	0.037596	supercritical
508.33	10.000	110.59	0.0090425	583.04	673.46	2.3199	0.85885	1.1594	340.94	2.5889	26.069	0.037710	supercritical
510.00	10.000	110.11	0.0090820	584.57	675.39	2.3237	0.85960	1.1588	341.63	2.5684	26.128	0.037825	supercritical
511.67	10.000	109.63	0.0091214	586.11	677.33	2.3275	0.86035	1.1584	342.32	2.5481	26.187	0.037939	supercritical
513.33	10.000	109.16	0.0091606	587.65	679.26	2.3312	0.86110	1.1579	343.00	2.5281	26.246	0.038054	supercritical
515.00	10.000	108.70	0.0091999	589.19	681.19	2.3350	0.86186	1.1574	343.68	2.5082	26.305	0.038170	supercritical
516.67	10.000	108.24	0.0092390	590.72	683.11	2.3387	0.86262	1.1570	344.36	2.4886	26.364	0.038285	supercritical
518.33	10.000	107.78	0.0092780	592.26	685.04	2.3425	0.86338	1.1566	345.04	2.4691	26.423	0.038401	supercritical
520.00	10.000	107.33	0.0093170	593.80	686.97	2.3462	0.86414	1.1562	345.71	2.4498	26.481	0.038517	supercritical
521.67	10.000	106.88	0.0093559	595.34	688.90	2.3499	0.86490	1.1559	346.38	2.4308	26.540	0.038633	supercritical
523.33	10.000	106.44	0.0093947	596.87	690.82	2.3536	0.86567	1.1555	347.05	2.4119	26.599	0.038749	supercritical
525.00	10.000	106.01	0.0094335	598.41	692.75	2.3572	0.86644	1.1552	347.71	2.3933	26.658	0.038866	supercritical
526.67	10.000	105.57	0.0094722	599.95	694.67	2.3609	0.86721	1.1549	348.37	2.3748	26.717	0.038983	supercritical
528.33	10.000	105.14	0.0095108	601.49	696.60	2.3645	0.86798	1.1547	349.03	2.3565	26.776	0.039100	supercritical
530.00	10.000	104.72	0.0095494	603.03	698.52	2.3682	0.86875	1.1544	349.69	2.3384	26.835	0.039217	supercritical
531.67	10.000	104.30	0.0095879	604.57	700.45	2.3718	0.86952	1.1542	350.34	2.3205	26.894	0.039334	supercritical
533.33	10.000	103.88	0.0096263	606.11	702.37	2.3754	0.87030	1.1540	351.00	2.3028	26.953	0.039452	supercritical
535.00	10.000	103.47	0.0096646	607.65	704.29	2.3790	0.87108	1.1538	351.65	2.2852	27.012	0.039569	supercritical
536.67	10.000	103.06	0.0097029	609.19	706.22	2.3826	0.87186	1.1536	352.29	2.2678	27.071	0.039687	supercritical
538.33	10.000	102.66	0.0097411	610.73	708.14	2.3862	0.87264	1.1534	352.94	2.2506	27.129	0.039805	supercritical
540.00	10.000	102.26	0.0097793	612.27	710.06	2.3897	0.87342	1.1533	353.58	2.2336	27.188	0.039923	supercritical
541.67	10.000	101.86	0.0098174	613.81	711.98	2.3933	0.87420	1.1532	354.22	2.2167	27.247	0.040042	supercritical
543.33	10.000	101.47	0.0098555	615.35	713.90	2.3968	0.87498	1.1530	354.86	2.2000	27.306	0.040160	supercritical
545.00	10.000	101.08	0.0098934	616.89	715.83	2.4004	0.87576	1.1529	355.49	2.1835	27.365	0.040279	supercritical
546.67	10.000	100.69	0.0099314	618.43	717.75	2.4039	0.87655	1.1529	356.13	2.1671	27.423	0.040398	supercritical
548.33	10.000	100.31	0.0099692	619.98	719.67	2.4074	0.87733	1.1528	356.76	2.1509	27.482	0.040517	supercritical
550.00	10.000	99.930	0.010007	621.52	721.59	2.4109	0.87812	1.1527	357.39	2.1348	27.541	0.040636	supercritical
551.67	10.000	99.554	0.010045	623.06	723.51	2.4144	0.87890	1.1527	358.02	2.1189	27.599	0.040755	supercritical
553.33	10.000	99.182	0.010082	624.61	725.43	2.4179	0.87969	1.1527	358.64	2.1032	27.658	0.040874	supercritical
555.00	10.000	98.813	0.010120	626.15	727.35	2.4213	0.88047	1.1526	359.26	2.0876	27.717	0.040994	supercritical
556.67	10.000	98.447	0.010158	627.70	729.27	2.4248	0.88126	1.1526	359.88	2.0722	27.775	0.041113	supercritical
558.33	10.000	98.085	0.010195	629.24	731.20	2.4282	0.88205	1.1526	360.50	2.0569	27.834	0.041233	supercritical
560.00	10.000	97.725	0.010233	630.79	733.12	2.4317	0.88284	1.1527	361.12	2.0417	27.892	0.041353	supercritical
561.67	10.000	97.369	0.010270	632.34	735.04	2.4351	0.88362	1.1527	361.73	2.0267	27.951	0.041473	supercritical
563.33	10.000	97.016	0.010308	633.88	736.96	2.4385	0.88441	1.1527	362.35	2.0118	28.009	0.041593	supercritical
565.00	10.000	96.666	0.010345	635.43	738.88	2.4419	0.88520	1.1528	362.96	1.9971	28.068	0.041713	supercritical
566.67	10.000	96.319	0.010382	636.98	740.80	2.4453	0.88599	1.1529	363.57	1.9825	28.126	0.041833	supercritical
568.33	10.000	95.975	0.010419	638.53	742.72	2.4487	0.88677	1.1529	364.17	1.9681	28.184	0.041953	supercritical
570.00	10.000	95.633	0.010457	640.08	744.64	2.4521	0.88756	1.1530	364.78	1.9537	28.243	0.042074	supercritical
571.67	10.000	95.295	0.010494	641.63	746.57	2.4554	0.88835	1.1531	365.38	1.9395	28.301	0.042194	supercritical
573.33	10.000	94.959	0.010531	643.18	748.49	2.4588	0.88914	1.1532	365.98	1.9255	28.359	0.042315	supercritical
575.00	10.000	94.626	0.010568	644.73	750.41	2.4621	0.88993	1.1533	366.58	1.9116	28.417	0.042436	supercritical
576.67	10.000	94.296	0.010605	646.28	752.33	2.4655	0.89071	1.1535	367.18	1.8978	28.476	0.042556	supercritical
578.33	10.000	93.969	0.010642	647.84	754.26	2.4688	0.89150	1.1536	367.78	1.8841	28.534	0.042677	supercritical
580.00	10.000	93.644	0.010679	649.39	756.18	2.4721	0.89229	1.1538	368.37	1.8706	28.592	0.042798	supercritical
581.67	10.000	93.322	0.010716	650.95	758.10	2.4754	0.89307	1.1539	368.96	1.8571	28.650	0.042919	supercritical
583.33	10.000	93.002	0.010752	652.50	760.02	2.4787	0.89386	1.1541	369.55	1.8438	28.708	0.043040	supercritical
585.00	10.000	92.685	0.010789	654.06	761.95	2.4820	0.89464	1.1542	370.14	1.8307	28.766	0.043162	supercritical
586.67	10.000	92.371	0.010826	655.61	763.87	2.4853	0.89543	1.1544	370.73	1.8176	28.824	0.043283	supercritical
588.33	10.000	92.059	0.010863	657.17	765.80	2.4886	0.89621	1.1546	371.31	1.8047	28.882	0.043404	supercritical
590.00	10.000	91.749	0.010899	658.73	767.72	2.4919	0.89700	1.1548	371.90	1.7918	28.940	0.043526	supercritical
591.67	10.000	91.442	0.010936	660.29	769.65	2.4951	0.89778	1.1550	372.48	1.7791	28.997	0.043647	supercritical
593.33	10.000	91.137	0.010972	661.85	771.57	2.4984	0.89856	1.1552	373.06	1.7665	29.055	0.043769	supercritical
595.00	10.000	90.835	0.011009	663.41	773.50	2.5016	0.89935	1.1554	373.64	1.7540	29.113	0.043890	supercritical
596.67	10.000	90.535	0.011046	664.97	775.42	2.5048	0.90013	1.1556	374.22	1.7416	29.171	0.044012	supercritical
598.33	10.000	90.237	0.011082	666.53	777.35	2.5081	0.90091	1.1559	374.79	1.7294	29.228	0.044134	supercritical
600.00	10.000	89.941	0.011118	668.09	779.27	2.5113	0.90169	1.1561	375.37	1.7172	29.286	0.044255	supercritical
601.67	10.000	89.648	0.011155	669.65	781.20	2.5145	0.90247	1.1563	375.94	1.7051	29.344	0.044377	supercritical
603.33	10.000	89.357	0.011191	671.22	783.13	2.5177	0.90325	1.1566	376.51	1.6932	29.401	0.044499	supercritical
605.00	10.000	89.068	0.011227	672.78	785.06	2.5209	0.90402	1.1568	377.08	1.6813	29.459	0.044621	supercritical
606.67	10.000	88.781	0.011264	674.35	786.99	2.5241	0.90480	1.1571	377.65	1.6696	29.516	0.044743	supercritical
608.33	10.000	88.496	0.011300	675.91	788.91	2.5272	0.90558	1.1574	378.21	1.6580	29.574	0.044865	supercritical
610.00	10.000	88.214	0.011336	677.48	790.84	2.5304	0.90635	1.1576	378.78	1.6464	29.631	0.044987	supercritical
611.67	10.000	87.933	0.011372	679.05	792.77	2.5336	0.90713	1.1579	379.34	1.6350	29.688	0.045109	supercritical
613.33	10.000	87.655	0.011408	680.62	794.70	2.5367	0.90790	1.1582	379.90	1.6236	29.746	0.045231	supercritical
615.00	10.000	87.378	0.011444	682.19	796.63	2.5399	0.90867	1.1585	380.46	1.6124	29.803	0.045353	supercritical
616.67	10.000	87.104	0.011481	683.76	798.56	2.5430	0.90944	1.1588	381.02	1.6012	29.860	0.045475	supercritical
618.33	10.000	86.831	0.011517	685.33	800.50	2.5461	0.91021	1.1591	381.58	1.5902	29.917	0.045598	supercritical
620.00	10.000	86.561	0.011553	686.90	802.43	2.5492	0.91098	1.1594	382.13	1.5792	29.974	0.045720	supercritical
621.67	10.000	86.292	0.011589	688.47	804.36	2.5524	0.91175	1.1597	382.69	1.5683	30.031	0.045842	supercritical
623.33	10.000	86.025	0.011624	690.05	806.29	2.5555	0.91252	1.1600	383.24	1.5575	30.088	0.045964	supercritical
625.00	10.000	85.761	0.011660	691.62	808.23	2.5586	0.91329	1.1603	383.79	1.5468	30.145	0.046087	supercritical
626.67	10.000	85.498	0.011696	693.20	810.16	2.5616	0.91405	1.1606	384.34	1.5362	30.202	0.046209	supercritical
628.33	10.000	85.237	0.011732	694.78	812.10	2.5647	0.91482	1.1609	384.89	1.5257	30.259	0.046332	supercritical
630.00	10.000	84.977	0.011768	696.35	814.03	2.5678	0.91558	1.1613	385.44	1.5153	30.316	0.046454	supercritical
631.67	10.000	84.720	0.011804	697.93	815.97	2.5709	0.91634	1.1616	385.99	1.5049	30.373	0.046576	supercritical
633.33	10.000	84.464	0.011839	699.51	817.90	2.5739	0.91710	1.1619	386.53	1.4947	30.429	0.046699	supercritical
635.00	10.000	84.210	0.011875	701.09	819.84	2.5770	0.91786	1.1623	387.07	1.4845	30.486	0.046821	supercritical
636.67	10.000	83.958	0.011911	702.67	821.78	2.5800	0.91862	1.1626	387.62	1.4744	30.543	0.046944	supercritical
638.33	10.000	83.707	0.011946	704.25	823.72	2.5831	0.91938	1.1630	388.16	1.4644	30.599	0.047066	supercritical
640.00	10.000	83.458	0.011982	705.83	825.65	2.5861	0.92013	1.1633	388.70	1.4544	30.656	0.047189	supercritical
641.67	10.000	83.211	0.012018	707.42	827.59	2.5891	0.92089	1.1637	389.24	1.4446	30.712	0.047311	supercritical
643.33	10.000	82.965	0.012053	709.00	829.53	2.5922	0.92164	1.1640	389.77	1.4348	30.769	0.047434	supercritical
645.00	10.000	82.722	0.012089	710.59	831.47	2.5952	0.92239	1.1644	390.31	1.4251	30.825	0.047556	supercritical
646.67	10.000	82.479	0.012124	712.17	833.41	2.5982	0.92315	1.1648	390.85	1.4155	30.882	0.047679	supercritical
648.33	10.000	82.239	0.012160	713.76	835.36	2.6012	0.92390	1.1651	391.38	1.4060	30.938	0.047802	supercritical
650.00	10.000	81.999	0.012195	715.35	837.30	2.6042	0.92464	1.1655	391.91	1.3965	30.994	0.047924	supercritical
651.67	10.000	81.762	0.012231	716.93	839.24	2.6071	0.92539	1.1659	392.44	1.3871	31.050	0.048047	supercritical
653.33	10.000	81.526	0.012266	718.52	841.18	2.6101	0.92614	1.1662	392.97	1.3778	31.107	0.048169	supercritical
655.00	10.000	81.292	0.012301	720.11	843.13	2.6131	0.92688	1.1666	393.50	1.3686	31.163	0.048292	supercritical
656.67	10.000	81.059	0.012337	721.70	845.07	2.6161	0.92763	1.1670	394.03	1.3594	31.219	0.048415	supercritical
658.33	10.000	80.827	0.012372	723.30	847.02	2.6190	0.92837	1.1674	394.55	1.3503	31.275	0.048537	supercritical
660.00	10.000	80.597	0.012407	724.89	848.96	2.6220	0.92911	1.1678	395.08	1.3413	31.331	0.048660	supercritical
661.67	10.000	80.369	0.012443	726.48	850.91	2.6249	0.92985	1.1682	395.60	1.3323	31.387	0.048782	supercritical
663.33	10.000	80.142	0.012478	728.08	852.86	2.6279	0.93059	1.1686	396.13	1.3234	31.443	0.048905	supercritical
665.00	10.000	79.916	0.012513	729.67	854.81	2.6308	0.93132	1.1690	396.65	1.3146	31.499	0.049027	supercritical
666.67	10.000	79.692	0.012548	731.27	856.75	2.6337	0.93206	1.1694	397.17	1.3058	31.554	0.049150	supercritical
668.33	10.000	79.469	0.012584	732.87	858.70	2.6366	0.93279	1.1697	397.69	1.2972	31.610	0.049273	supercritical
670.00	10.000	79.248	0.012619	734.47	860.65	2.6395	0.93352	1.1702	398.21	1.2885	31.666	0.049395	supercritical
671.67	10.000	79.028	0.012654	736.07	862.60	2.6425	0.93425	1.1706	398.73	1.2800	31.722	0.049518	supercritical
673.33	10.000	78.809	0.012689	737.67	864.56	2.6454	0.93498	1.1710	399.24	1.2715	31.777	0.049640	supercritical
675.00	10.000	78.592	0.012724	739.27	866.51	2.6483	0.93571	1.1714	399.76	1.2631	31.833	0.049763	supercritical
676.67	10.000	78.376	0.012759	740.87	868.46	2.6511	0.93644	1.1718	400.27	1.2547	31.888	0.049885	supercritical
678.33	10.000	78.161	0.012794	742.47	870.41	2.6540	0.93716	1.1722	400.78	1.2464	31.944	0.050008	supercritical
680.00	10.000	77.948	0.012829	744.08	872.37	2.6569	0.93789	1.1726	401.30	1.2382	31.999	0.050130	supercritical
681.67	10.000	77.736	0.012864	745.68	874.32	2.6598	0.93861	1.1730	401.81	1.2300	32.054	0.050253	supercritical
683.33	10.000	77.525	0.012899	747.29	876.28	2.6626	0.93933	1.1734	402.32	1.2219	32.110	0.050375	supercritical
685.00	10.000	77.316	0.012934	748.89	878.23	2.6655	0.94005	1.1739	402.83	1.2138	32.165	0.050498	supercritical
686.67	10.000	77.107	0.012969	750.50	880.19	2.6684	0.94077	1.1743	403.33	1.2059	32.220	0.050620	supercritical
688.33	10.000	76.900	0.013004	752.11	882.15	2.6712	0.94148	1.1747	403.84	1.1979	32.275	0.050743	supercritical
690.00	10.000	76.695	0.013039	753.72	884.11	2.6740	0.94220	1.1751	404.35	1.1901	32.331	0.050865	supercritical
691.67	10.000	76.490	0.013074	755.33	886.06	2.6769	0.94291	1.1755	404.85	1.1822	32.386	0.050988	supercritical
693.33	10.000	76.287	0.013108	756.94	888.02	2.6797	0.94362	1.1760	405.35	1.1745	32.441	0.051110	supercritical
695.00	10.000	76.085	0.013143	758.55	889.98	2.6825	0.94433	1.1764	405.86	1.1668	32.496	0.051232	supercritical
696.67	10.000	75.884	0.013178	760.17	891.95	2.6853	0.94504	1.1768	406.36	1.1591	32.551	0.051355	supercritical
698.33	10.000	75.684	0.013213	761.78	893.91	2.6882	0.94575	1.1773	406.86	1.1515	32.605	0.051477	supercritical
700.00	10.000	75.486	0.013248	763.39	895.87	2.6910	0.94645	1.1777	407.36	1.1440	32.660	0.051599	supercritical
701.67	10.000	75.288	0.013282	765.01	897.83	2.6938	0.94716	1.1781	407.86	1.1365	32.715	0.051722	supercritical
703.33	10.000	75.092	0.013317	766.63	899.80	2.6966	0.94786	1.1786	408.36	1.1291	32.770	0.051844	supercritical
705.00	10.000	74.897	0.013352	768.24	901.76	2.6994	0.94856	1.1790	408.85	1.1217	32.825	0.051966	supercritical
706.67	10.000	74.703	0.013386	769.86	903.73	2.7021	0.94926	1.1794	409.35	1.1144	32.879	0.052088	supercritical
708.33	10.000	74.510	0.013421	771.48	905.69	2.7049	0.94996	1.1799	409.84	1.1071	32.934	0.052211	supercritical
710.00	10.000	74.318	0.013456	773.10	907.66	2.7077	0.95066	1.1803	410.34	1.0999	32.988	0.052333	supercritical
711.67	10.000	74.127	0.013490	774.72	909.63	2.7105	0.95135	1.1807	410.83	1.0927	33.043	0.052455	supercritical
713.33	10.000	73.937	0.013525	776.35	911.60	2.7132	0.95204	1.1812	411.32	1.0856	33.097	0.052577	supercritical
715.00	10.000	73.749	0.013560	777.97	913.56	2.7160	0.95274	1.1816	411.82	1.0786	33.152	0.052699	supercritical
716.67	10.000	73.561	0.013594	779.59	915.53	2.7187	0.95343	1.1821	412.31	1.0715	33.206	0.052821	supercritical
718.33	10.000	73.375	0.013629	781.22	917.50	2.7215	0.95411	1.1825	412.80	1.0646	33.260	0.052943	supercritical
720.00	10.000	73.189	0.013663	782.84	919.48	2.7242	0.95480	1.1829	413.28	1.0577	33.315	0.053065	supercritical
721.67	10.000	73.005	0.013698	784.47	921.45	2.7270	0.95549	1.1834	413.77	1.0508	33.369	0.053187	supercritical
723.33	10.000	72.822	0.013732	786.10	923.42	2.7297	0.95617	1.1838	414.26	1.0440	33.423	0.053309	supercritical
725.00	10.000	72.639	0.013767	787.73	925.39	2.7324	0.95685	1.1843	414.74	1.0372	33.477	0.053431	supercritical
726.67	10.000	72.458	0.013801	789.36	927.37	2.7351	0.95753	1.1847	415.23	1.0305	33.531	0.053553	supercritical
728.33	10.000	72.277	0.013836	790.99	929.34	2.7378	0.95821	1.1852	415.71	1.0238	33.585	0.053675	supercritical
730.00	10.000	72.098	0.013870	792.62	931.32	2.7406	0.95889	1.1856	416.20	1.0172	33.639	0.053796	supercritical
731.67	10.000	71.920	0.013904	794.25	933.30	2.7433	0.95957	1.1861	416.68	1.0106	33.693	0.053918	supercritical
733.33	10.000	71.742	0.013939	795.88	935.27	2.7460	0.96024	1.1865	417.16	1.0040	33.747	0.054040	supercritical
735.00	10.000	71.566	0.013973	797.52	937.25	2.7487	0.96091	1.1870	417.64	0.99752	33.801	0.054162	supercritical
736.67	10.000	71.390	0.014008	799.15	939.23	2.7513	0.96159	1.1874	418.12	0.99106	33.855	0.054283	supercritical
738.33	10.000	71.215	0.014042	800.79	941.21	2.7540	0.96226	1.1879	418.60	0.98465	33.909	0.054405	supercritical
740.00	10.000	71.042	0.014076	802.43	943.19	2.7567	0.96292	1.1883	419.08	0.97828	33.962	0.054526	supercritical
741.67	10.000	70.869	0.014111	804.06	945.17	2.7594	0.96359	1.1888	419.56	0.97195	34.016	0.054648	supercritical
743.33	10.000	70.697	0.014145	805.70	947.15	2.7620	0.96425	1.1892	420.03	0.96567	34.070	0.054770	supercritical
745.00	10.000	70.526	0.014179	807.34	949.13	2.7647	0.96492	1.1897	420.51	0.95943	34.123	0.054891	supercritical
746.67	10.000	70.356	0.014213	808.98	951.12	2.7674	0.96558	1.1901	420.99	0.95323	34.177	0.055012	supercritical
748.33	10.000	70.187	0.014248	810.62	953.10	2.7700	0.96624	1.1906	421.46	0.94707	34.230	0.055134	supercritical
750.00	10.000	70.019	0.014282	812.27	955.09	2.7727	0.96690	1.1910	421.93	0.94095	34.284	0.055255	supercritical
751.67	10.000	69.851	0.014316	813.91	957.07	2.7753	0.96756	1.1915	422.41	0.93487	34.337	0.055377	supercritical
753.33	10.000	69.685	0.014350	815.55	959.06	2.7780	0.96821	1.1919	422.88	0.92883	34.390	0.055498	supercritical
755.00	10.000	69.519	0.014384	817.20	961.04	2.7806	0.96886	1.1924	423.35	0.92284	34.444	0.055619	supercritical
756.67	10.000	69.355	0.014419	818.84	963.03	2.7832	0.96952	1.1928	423.82	0.91688	34.497	0.055740	supercritical
758.33	10.000	69.191	0.014453	820.49	965.02	2.7858	0.97017	1.1933	424.29	0.91096	34.550	0.055861	supercritical
760.00	10.000	69.027	0.014487	822.14	967.01	2.7885	0.97082	1.1937	424.76	0.90508	34.603	0.055982	supercritical
761.67	10.000	68.865	0.014521	823.79	969.00	2.7911	0.97146	1.1942	425.23	0.89924	34.656	0.056104	supercritical
763.33	10.000	68.704	0.014555	825.44	970.99	2.7937	0.97211	1.1947	425.69	0.89343	34.709	0.056225	supercritical
765.00	10.000	68.543	0.014589	827.09	972.98	2.7963	0.97275	1.1951	426.16	0.88766	34.762	0.056346	supercritical
766.67	10.000	68.383	0.014623	828.74	974.97	2.7989	0.97340	1.1956	426.62	0.88194	34.815	0.056466	supercritical
768.33	10.000	68.224	0.014657	830.39	976.97	2.8015	0.97404	1.1960	427.09	0.87624	34.868	0.056587	supercritical
770.00	10.000	68.066	0.014692	832.04	978.96	2.8041	0.97468	1.1965	427.55	0.87059	34.921	0.056708	supercritical
771.67	10.000	67.909	0.014726	833.70	980.95	2.8067	0.97531	1.1969	428.02	0.86497	34.974	0.056829	supercritical
773.33	10.000	67.752	0.014760	835.35	982.95	2.8093	0.97595	1.1974	428.48	0.85938	35.027	0.056950	supercritical
775.00	10.000	67.597	0.014794	837.01	984.95	2.8118	0.97659	1.1978	428.94	0.85383	35.079	0.057070	supercritical
776.67	10.000	67.441	0.014828	838.67	986.94	2.8144	0.97722	1.1983	429.40	0.84832	35.132	0.057191	supercritical
778.33	10.000	67.287	0.014862	840.32	988.94	2.8170	0.97785	1.1987	429.86	0.84284	35.185	0.057312	supercritical
780.00	10.000	67.134	0.014896	841.98	990.94	2.8195	0.97848	1.1992	430.32	0.83740	35.237	0.057432	supercritical
781.67	10.000	66.981	0.014930	843.64	992.94	2.8221	0.97911	1.1996	430.78	0.83199	35.290	0.057553	supercritical
783.33	10.000	66.829	0.014964	845.30	994.94	2.8247	0.97973	1.2001	431.24	0.82661	35.343	0.057673	supercritical
785.00	10.000	66.678	0.014998	846.96	996.94	2.8272	0.98036	1.2006	431.70	0.82127	35.395	0.057794	supercritical
786.67	10.000	66.527	0.015031	848.62	998.94	2.8298	0.98098	1.2010	432.16	0.81597	35.447	0.057914	supercritical
788.33	10.000	66.377	0.015065	850.29	1000.9	2.8323	0.98160	1.2015	432.61	0.81069	35.500	0.058034	supercritical
790.00	10.000	66.228	0.015099	851.95	1002.9	2.8348	0.98223	1.2019	433.07	0.80545	35.552	0.058155	supercritical
791.67	10.000	66.080	0.015133	853.62	1004.9	2.8374	0.98284	1.2024	433.52	0.80024	35.604	0.058275	supercritical
793.33	10.000	65.933	0.015167	855.28	1007.0	2.8399	0.98346	1.2028	433.98	0.79506	35.657	0.058395	supercritical
795.00	10.000	65.786	0.015201	856.95	1009.0	2.8424	0.98408	1.2033	434.43	0.78992	35.709	0.058515	supercritical
796.67	10.000	65.639	0.015235	858.62	1011.0	2.8449	0.98469	1.2037	434.88	0.78480	35.761	0.058635	supercritical
798.33	10.000	65.494	0.015269	860.28	1013.0	2.8475	0.98530	1.2042	435.34	0.77972	35.813	0.058755	supercritical
800.00	10.000	65.349	0.015302	861.95	1015.0	2.8500	0.98591	1.2046	435.79	0.77467	35.865	0.058875	supercritical
801.67	10.000	65.205	0.015336	863.62	1017.0	2.8525	0.98652	1.2051	436.24	0.76965	35.917	0.058995	supercritical
803.33	10.000	65.062	0.015370	865.29	1019.0	2.8550	0.98713	1.2055	436.69	0.76466	35.969	0.059115	supercritical
805.00	10.000	64.919	0.015404	866.96	1021.0	2.8575	0.98774	1.2060	437.14	0.75970	36.021	0.059235	supercritical
806.67	10.000	64.777	0.015438	868.64	1023.0	2.8600	0.98834	1.2064	437.59	0.75477	36.073	0.059355	supercritical
808.33	10.000	64.635	0.015471	870.31	1025.0	2.8625	0.98894	1.2069	438.04	0.74987	36.125	0.059474	supercritical
810.00	10.000	64.495	0.015505	871.98	1027.0	2.8650	0.98955	1.2073	438.48	0.74500	36.177	0.059594	supercritical
811.67	10.000	64.355	0.015539	873.66	1029.0	2.8674	0.99015	1.2078	438.93	0.74016	36.229	0.059714	supercritical
813.33	10.000	64.215	0.015573	875.34	1031.1	2.8699	0.99074	1.2082	439.38	0.73534	36.280	0.059833	supercritical
815.00	10.000	64.076	0.015606	877.01	1033.1	2.8724	0.99134	1.2087	439.82	0.73056	36.332	0.059953	supercritical
816.67	10.000	63.938	0.015640	878.69	1035.1	2.8749	0.99194	1.2091	440.27	0.72581	36.384	0.060072	supercritical
818.33	10.000	63.801	0.015674	880.37	1037.1	2.8773	0.99253	1.2096	440.71	0.72108	36.435	0.060192	supercritical
820.00	10.000	63.664	0.015707	882.05	1039.1	2.8798	0.99312	1.2100	441.16	0.71638	36.487	0.060311	supercritical
821.67	10.000	63.528	0.015741	883.73	1041.1	2.8822	0.99371	1.2105	441.60	0.71171	36.538	0.060430	supercritical
823.33	10.000	63.392	0.015775	885.41	1043.2	2.8847	0.99430	1.2109	442.04	0.70707	36.590	0.060550	supercritical
825.00	10.000	63.257	0.015808	887.09	1045.2	2.8871	0.99489	1.2113	442.48	0.70245	36.641	0.060669	supercritical
826.67	10.000	63.123	0.015842	888.77	1047.2	2.8896	0.99547	1.2118	442.92	0.69786	36.693	0.060788	supercritical
828.33	10.000	62.989	0.015876	890.46	1049.2	2.8920	0.99606	1.2122	443.36	0.69330	36.744	0.060907	supercritical
830.00	10.000	62.856	0.015909	892.14	1051.2	2.8945	0.99664	1.2127	443.80	0.68877	36.795	0.061026	supercritical
831.67	10.000	62.723	0.015943	893.83	1053.3	2.8969	0.99722	1.2131	444.24	0.68426	36.847	0.061145	supercritical
833.33	10.000	62.591	0.015977	895.51	1055.3	2.8993	0.99780	1.2136	444.68	0.67978	36.898	0.061264	supercritical
835.00	10.000	62.460	0.016010	897.20	1057.3	2.9018	0.99838	1.2140	445.12	0.67532	36.949	0.061383	supercritical
836.67	10.000	62.329	0.016044	898.89	1059.3	2.9042	0.99896	1.2145	445.56	0.67089	37.000	0.061501	supercritical
838.33	10.000	62.199	0.016077	900.58	1061.4	2.9066	0.99953	1.2149	446.00	0.66649	37.051	0.061620	supercritical
840.00	10.000	62.070	0.016111	902.27	1063.4	2.9090	1.0001	1.2153	446.43	0.66211	37.102	0.061739	supercritical
841.67	10.000	61.941	0.016145	903.96	1065.4	2.9114	1.0007	1.2158	446.87	0.65775	37.153	0.061857	supercritical
843.33	10.000	61.812	0.016178	905.65	1067.4	2.9138	1.0012	1.2162	447.30	0.65342	37.204	0.061976	supercritical
845.00	10.000	61.684	0.016212	907.34	1069.5	2.9162	1.0018	1.2167	447.74	0.64912	37.255	0.062095	supercritical
846.67	10.000	61.557	0.016245	909.03	1071.5	2.9186	1.0024	1.2171	448.17	0.64484	37.306	0.062213	supercritical
848.33	10.000	61.430	0.016279	910.73	1073.5	2.9210	1.0029	1.2175	448.61	0.64058	37.357	0.062331	supercritical
850.00	10.000	61.304	0.016312	912.42	1075.5	2.9234	1.0035	1.2180	449.04	0.63635	37.408	0.062450	supercritical
851.67	10.000	61.178	0.016346	914.12	1077.6	2.9258	1.0041	1.2184	449.47	0.63214	37.458	0.062568	supercritical
853.33	10.000	61.053	0.016379	915.81	1079.6	2.9282	1.0046	1.2189	449.90	0.62796	37.509	0.062686	supercritical
855.00	10.000	60.929	0.016413	917.51	1081.6	2.9306	1.0052	1.2193	450.33	0.62380	37.560	0.062804	supercritical
856.67	10.000	60.805	0.016446	919.21	1083.7	2.9329	1.0058	1.2197	450.76	0.61966	37.610	0.062922	supercritical
858.33	10.000	60.681	0.016480	920.91	1085.7	2.9353	1.0063	1.2202	451.19	0.61555	37.661	0.063040	supercritical
860.00	10.000	60.558	0.016513	922.61	1087.7	2.9377	1.0069	1.2206	451.62	0.61146	37.712	0.063158	supercritical
861.67	10.000	60.436	0.016546	924.31	1089.8	2.9400	1.0074	1.2210	452.05	0.60739	37.762	0.063276	supercritical
863.33	10.000	60.314	0.016580	926.01	1091.8	2.9424	1.0080	1.2215	452.48	0.60334	37.813	0.063394	supercritical
865.00	10.000	60.193	0.016613	927.71	1093.8	2.9447	1.0085	1.2219	452.91	0.59932	37.863	0.063512	supercritical
866.67	10.000	60.072	0.016647	929.41	1095.9	2.9471	1.0091	1.2223	453.34	0.59532	37.913	0.063630	supercritical
868.33	10.000	59.951	0.016680	931.12	1097.9	2.9494	1.0096	1.2228	453.76	0.59134	37.964	0.063747	supercritical
870.00	10.000	59.832	0.016714	932.82	1100.0	2.9518	1.0102	1.2232	454.19	0.58738	38.014	0.063865	supercritical
871.67	10.000	59.712	0.016747	934.52	1102.0	2.9541	1.0107	1.2236	454.62	0.58345	38.064	0.063983	supercritical
873.33	10.000	59.594	0.016780	936.23	1104.0	2.9565	1.0113	1.2240	455.04	0.57953	38.115	0.064100	supercritical
875.00	10.000	59.475	0.016814	937.94	1106.1	2.9588	1.0118	1.2245	455.47	0.57564	38.165	0.064218	supercritical
876.67	10.000	59.358	0.016847	939.64	1108.1	2.9611	1.0123	1.2249	455.89	0.57177	38.215	0.064335	supercritical
878.33	10.000	59.240	0.016880	941.35	1110.2	2.9635	1.0129	1.2253	456.31	0.56792	38.265	0.064452	supercritical
880.00	10.000	59.123	0.016914	943.06	1112.2	2.9658	1.0134	1.2258	456.74	0.56409	38.315	0.064570	supercritical
881.67	10.000	59.007	0.016947	944.77	1114.2	2.9681	1.0140	1.2262	457.16	0.56028	38.365	0.064687	supercritical
883.33	10.000	58.891	0.016980	946.48	1116.3	2.9704	1.0145	1.2266	457.58	0.55650	38.415	0.064804	supercritical
885.00	10.000	58.776	0.017014	948.19	1118.3	2.9727	1.0150	1.2270	458.00	0.55273	38.465	0.064921	supercritical
886.67	10.000	58.661	0.017047	949.91	1120.4	2.9750	1.0156	1.2275	458.42	0.54898	38.515	0.065038	supercritical
888.33	10.000	58.547	0.017080	951.62	1122.4	2.9773	1.0161	1.2279	458.84	0.54525	38.565	0.065155	supercritical
890.00	10.000	58.433	0.017114	953.33	1124.5	2.9797	1.0166	1.2283	459.26	0.54155	38.615	0.065272	supercritical
891.67	10.000	58.319	0.017147	955.05	1126.5	2.9819	1.0171	1.2287	459.68	0.53786	38.665	0.065389	supercritical
893.33	10.000	58.206	0.017180	956.76	1128.6	2.9842	1.0177	1.2291	460.10	0.53419	38.714	0.065505	supercritical
895.00	10.000	58.094	0.017214	958.48	1130.6	2.9865	1.0182	1.2296	460.52	0.53055	38.764	0.065622	supercritical
896.67	10.000	57.982	0.017247	960.20	1132.7	2.9888	1.0187	1.2300	460.94	0.52692	38.814	0.065739	supercritical
898.33	10.000	57.870	0.017280	961.91	1134.7	2.9911	1.0192	1.2304	461.36	0.52331	38.863	0.065855	supercritical
900.00	10.000	57.759	0.017313	963.63	1136.8	2.9934	1.0198	1.2308	461.77	0.51972	38.913	0.065972	supercritical
901.67	10.000	57.648	0.017347	965.35	1138.8	2.9957	1.0203	1.2312	462.19	0.51615	38.963	0.066088	supercritical
903.33	10.000	57.538	0.017380	967.07	1140.9	2.9979	1.0208	1.2317	462.60	0.51259	39.012	0.066205	supercritical
905.00	10.000	57.428	0.017413	968.79	1142.9	3.0002	1.0213	1.2321	463.02	0.50906	39.062	0.066321	supercritical
906.67	10.000	57.319	0.017446	970.51	1145.0	3.0025	1.0218	1.2325	463.43	0.50554	39.111	0.066437	supercritical
908.33	10.000	57.210	0.017479	972.24	1147.0	3.0047	1.0223	1.2329	463.85	0.50205	39.161	0.066554	supercritical
910.00	10.000	57.102	0.017513	973.96	1149.1	3.0070	1.0228	1.2333	464.26	0.49857	39.210	0.066670	supercritical
911.67	10.000	56.994	0.017546	975.68	1151.1	3.0093	1.0234	1.2337	464.68	0.49510	39.259	0.066786	supercritical
913.33	10.000	56.886	0.017579	977.41	1153.2	3.0115	1.0239	1.2341	465.09	0.49166	39.309	0.066902	supercritical
915.00	10.000	56.779	0.017612	979.13	1155.3	3.0138	1.0244	1.2346	465.50	0.48824	39.358	0.067018	supercritical
916.67	10.000	56.672	0.017645	980.86	1157.3	3.0160	1.0249	1.2350	465.91	0.48483	39.407	0.067134	supercritical
918.33	10.000	56.566	0.017679	982.59	1159.4	3.0183	1.0254	1.2354	466.33	0.48144	39.456	0.067249	supercritical
920.00	10.000	56.460	0.017712	984.31	1161.4	3.0205	1.0259	1.2358	466.74	0.47807	39.505	0.067365	supercritical
921.67	10.000	56.354	0.017745	986.04	1163.5	3.0227	1.0264	1.2362	467.15	0.47471	39.555	0.067481	supercritical
923.33	10.000	56.249	0.017778	987.77	1165.6	3.0250	1.0269	1.2366	467.56	0.47137	39.604	0.067597	supercritical
925.00	10.000	56.145	0.017811	989.50	1167.6	3.0272	1.0274	1.2370	467.97	0.46805	39.653	0.067712	supercritical
926.67	10.000	56.040	0.017844	991.23	1169.7	3.0294	1.0279	1.2374	468.38	0.46475	39.702	0.067828	supercritical
928.33	10.000	55.937	0.017877	992.96	1171.7	3.0316	1.0284	1.2378	468.78	0.46146	39.751	0.067943	supercritical
930.00	10.000	55.833	0.017911	994.70	1173.8	3.0339	1.0289	1.2382	469.19	0.45819	39.800	0.068059	supercritical
931.67	10.000	55.730	0.017944	996.43	1175.9	3.0361	1.0294	1.2386	469.60	0.45493	39.848	0.068174	supercritical
933.33	10.000	55.627	0.017977	998.16	1177.9	3.0383	1.0299	1.2390	470.01	0.45169	39.897	0.068289	supercritical
935.00	10.000	55.525	0.018010	999.90	1180.0	3.0405	1.0304	1.2394	470.41	0.44847	39.946	0.068404	supercritical
936.67	10.000	55.423	0.018043	1001.6	1182.1	3.0427	1.0308	1.2398	470.82	0.44527	39.995	0.068519	supercritical
938.33	10.000	55.322	0.018076	1003.4	1184.1	3.0449	1.0313	1.2402	471.23	0.44208	40.044	0.068635	supercritical
940.00	10.000	55.221	0.018109	1005.1	1186.2	3.0471	1.0318	1.2406	471.63	0.43890	40.092	0.068750	supercritical
941.67	10.000	55.120	0.018142	1006.8	1188.3	3.0493	1.0323	1.2410	472.04	0.43575	40.141	0.068864	supercritical
943.33	10.000	55.020	0.018175	1008.6	1190.3	3.0515	1.0328	1.2414	472.44	0.43260	40.190	0.068979	supercritical
945.00	10.000	54.920	0.018208	1010.3	1192.4	3.0537	1.0333	1.2418	472.85	0.42948	40.238	0.069094	supercritical
946.67	10.000	54.821	0.018241	1012.1	1194.5	3.0559	1.0338	1.2422	473.25	0.42636	40.287	0.069209	supercritical
948.33	10.000	54.721	0.018274	1013.8	1196.5	3.0581	1.0342	1.2426	473.65	0.42327	40.335	0.069324	supercritical
950.00	10.000	54.623	0.018307	1015.5	1198.6	3.0603	1.0347	1.2430	474.06	0.42019	40.384	0.069438	supercritical
951.67	10.000	54.524	0.018340	1017.3	1200.7	3.0624	1.0352	1.2434	474.46	0.41712	40.432	0.069553	supercritical
953.33	10.000	54.426	0.018373	1019.0	1202.8	3.0646	1.0357	1.2438	474.86	0.41407	40.481	0.069667	supercritical
955.00	10.000	54.329	0.018406	1020.8	1204.8	3.0668	1.0361	1.2442	475.26	0.41104	40.529	0.069782	supercritical
956.67	10.000	54.231	0.018439	1022.5	1206.9	3.0690	1.0366	1.2446	475.66	0.40802	40.578	0.069896	supercritical
958.33	10.000	54.135	0.018472	1024.3	1209.0	3.0711	1.0371	1.2450	476.06	0.40501	40.626	0.070010	supercritical
960.00	10.000	54.038	0.018505	1026.0	1211.1	3.0733	1.0376	1.2454	476.46	0.40202	40.674	0.070125	supercritical
961.67	10.000	53.942	0.018538	1027.7	1213.1	3.0755	1.0380	1.2458	476.86	0.39904	40.722	0.070239	supercritical
963.33	10.000	53.846	0.018571	1029.5	1215.2	3.0776	1.0385	1.2462	477.26	0.39608	40.771	0.070353	supercritical
965.00	10.000	53.751	0.018604	1031.2	1217.3	3.0798	1.0390	1.2465	477.66	0.39313	40.819	0.070467	supercritical
966.67	10.000	53.655	0.018637	1033.0	1219.4	3.0819	1.0394	1.2469	478.06	0.39020	40.867	0.070581	supercritical
968.33	10.000	53.561	0.018670	1034.7	1221.4	3.0841	1.0399	1.2473	478.46	0.38728	40.915	0.070695	supercritical
970.00	10.000	53.466	0.018703	1036.5	1223.5	3.0862	1.0404	1.2477	478.86	0.38437	40.963	0.070809	supercritical
971.67	10.000	53.372	0.018736	1038.2	1225.6	3.0884	1.0408	1.2481	479.25	0.38148	41.011	0.070922	supercritical
973.33	10.000	53.279	0.018769	1040.0	1227.7	3.0905	1.0413	1.2485	479.65	0.37860	41.059	0.071036	supercritical
975.00	10.000	53.185	0.018802	1041.7	1229.8	3.0926	1.0417	1.2489	480.05	0.37574	41.107	0.071150	supercritical
976.67	10.000	53.092	0.018835	1043.5	1231.8	3.0948	1.0422	1.2492	480.44	0.37289	41.155	0.071263	supercritical
978.33	10.000	53.000	0.018868	1045.2	1233.9	3.0969	1.0427	1.2496	480.84	0.37005	41.203	0.071377	supercritical
980.00	10.000	52.907	0.018901	1047.0	1236.0	3.0990	1.0431	1.2500	481.23	0.36723	41.251	0.071490	supercritical
981.67	10.000	52.815	0.018934	1048.8	1238.1	3.1011	1.0436	1.2504	481.63	0.36442	41.299	0.071604	supercritical
983.33	10.000	52.724	0.018967	1050.5	1240.2	3.1033	1.0440	1.2508	482.02	0.36162	41.347	0.071717	supercritical
985.00	10.000	52.632	0.019000	1052.3	1242.3	3.1054	1.0445	1.2511	482.42	0.35884	41.394	0.071830	supercritical
986.67	10.000	52.541	0.019033	1054.0	1244.3	3.1075	1.0449	1.2515	482.81	0.35606	41.442	0.071943	supercritical
988.33	10.000	52.451	0.019066	1055.8	1246.4	3.1096	1.0454	1.2519	483.20	0.35331	41.490	0.072056	supercritical
990.00	10.000	52.360	0.019098	1057.5	1248.5	3.1117	1.0458	1.2523	483.60	0.35056	41.537	0.072170	supercritical
991.67	10.000	52.270	0.019131	1059.3	1250.6	3.1138	1.0463	1.2527	483.99	0.34783	41.585	0.072282	supercritical
993.33	10.000	52.181	0.019164	1061.1	1252.7	3.1159	1.0467	1.2530	484.38	0.34511	41.633	0.072395	supercritical
995.00	10.000	52.091	0.019197	1062.8	1254.8	3.1180	1.0472	1.2534	484.77	0.34240	41.680	0.072508	supercritical
996.67	10.000	52.002	0.019230	1064.6	1256.9	3.1201	1.0476	1.2538	485.16	0.33971	41.728	0.072621	supercritical
998.33	10.000	51.913	0.019263	1066.3	1259.0	3.1222	1.0480	1.2541	485.55	0.33703	41.775	0.072734	supercritical
1000.0	10.000	51.825	0.019296	1068.1	1261.1	3.1243	1.0485	1.2545	485.94	0.33436	41.823	0.072846	supercritical
1001.7	10.000	51.737	0.019329	1069.9	1263.1	3.1264	1.0489	1.2549	486.33	0.33170	41.870	0.072959	supercritical
1003.3	10.000	51.649	0.019361	1071.6	1265.2	3.1285	1.0494	1.2553	486.72	0.32906	41.918	0.073072	supercritical
1005.0	10.000	51.562	0.019394	1073.4	1267.3	3.1306	1.0498	1.2556	487.11	0.32642	41.965	0.073184	supercritical
1006.7	10.000	51.474	0.019427	1075.2	1269.4	3.1327	1.0502	1.2560	487.50	0.32380	42.012	0.073296	supercritical
1008.3	10.000	51.388	0.019460	1076.9	1271.5	3.1347	1.0507	1.2564	487.89	0.32119	42.060	0.073409	supercritical
1010.0	10.000	51.301	0.019493	1078.7	1273.6	3.1368	1.0511	1.2567	488.28	0.31860	42.107	0.073521	supercritical
1011.7	10.000	51.215	0.019526	1080.5	1275.7	3.1389	1.0515	1.2571	488.66	0.31601	42.154	0.073633	supercritical
1013.3	10.000	51.129	0.019558	1082.2	1277.8	3.1410	1.0520	1.2575	489.05	0.31344	42.201	0.073745	supercritical
1015.0	10.000	51.043	0.019591	1084.0	1279.9	3.1430	1.0524	1.2578	489.44	0.31088	42.248	0.073858	supercritical
1016.7	10.000	50.958	0.019624	1085.8	1282.0	3.1451	1.0528	1.2582	489.82	0.30833	42.296	0.073970	supercritical
1018.3	10.000	50.873	0.019657	1087.5	1284.1	3.1471	1.0533	1.2585	490.21	0.30579	42.343	0.074081	supercritical
1020.0	10.000	50.788	0.019690	1089.3	1286.2	3.1492	1.0537	1.2589	490.60	0.30326	42.390	0.074193	supercritical
1021.7	10.000	50.704	0.019722	1091.1	1288.3	3.1513	1.0541	1.2593	490.98	0.30074	42.437	0.074305	supercritical
1023.3	10.000	50.619	0.019755	1092.8	1290.4	3.1533	1.0545	1.2596	491.37	0.29824	42.484	0.074417	supercritical
1025.0	10.000	50.536	0.019788	1094.6	1292.5	3.1554	1.0550	1.2600	491.75	0.29575	42.531	0.074529	supercritical
1026.7	10.000	50.452	0.019821	1096.4	1294.6	3.1574	1.0554	1.2603	492.14	0.29326	42.578	0.074640	supercritical
1028.3	10.000	50.369	0.019854	1098.2	1296.7	3.1595	1.0558	1.2607	492.52	0.29079	42.625	0.074752	supercritical
1030.0	10.000	50.286	0.019886	1099.9	1298.8	3.1615	1.0562	1.2611	492.90	0.28833	42.672	0.074863	supercritical
1031.7	10.000	50.203	0.019919	1101.7	1300.9	3.1635	1.0566	1.2614	493.29	0.28588	42.718	0.074975	supercritical
1033.3	10.000	50.121	0.019952	1103.5	1303.0	3.1656	1.0570	1.2618	493.67	0.28345	42.765	0.075086	supercritical
1035.0	10.000	50.038	0.019985	1105.3	1305.1	3.1676	1.0575	1.2621	494.05	0.28102	42.812	0.075197	supercritical
1036.7	10.000	49.957	0.020017	1107.0	1307.2	3.1696	1.0579	1.2625	494.43	0.27860	42.859	0.075309	supercritical
1038.3	10.000	49.875	0.020050	1108.8	1309.3	3.1717	1.0583	1.2628	494.81	0.27620	42.905	0.075420	supercritical
1040.0	10.000	49.794	0.020083	1110.6	1311.4	3.1737	1.0587	1.2632	495.20	0.27380	42.952	0.075531	supercritical
1041.7	10.000	49.713	0.020116	1112.4	1313.5	3.1757	1.0591	1.2635	495.58	0.27141	42.999	0.075642	supercritical
1043.3	10.000	49.632	0.020148	1114.1	1315.6	3.1777	1.0595	1.2639	495.96	0.26904	43.045	0.075753	supercritical
1045.0	10.000	49.551	0.020181	1115.9	1317.7	3.1798	1.0599	1.2642	496.34	0.26668	43.092	0.075864	supercritical
1046.7	10.000	49.471	0.020214	1117.7	1319.8	3.1818	1.0603	1.2646	496.72	0.26432	43.139	0.075975	supercritical
1048.3	10.000	49.391	0.020246	1119.5	1321.9	3.1838	1.0607	1.2649	497.10	0.26198	43.185	0.076085	supercritical
1050.0	10.000	49.312	0.020279	1121.3	1324.1	3.1858	1.0612	1.2653	497.48	0.25964	43.232	0.076196	supercritical
1051.7	10.000	49.232	0.020312	1123.0	1326.2	3.1878	1.0616	1.2656	497.85	0.25732	43.278	0.076307	supercritical
1053.3	10.000	49.153	0.020345	1124.8	1328.3	3.1898	1.0620	1.2660	498.23	0.25501	43.325	0.076417	supercritical
1055.0	10.000	49.074	0.020377	1126.6	1330.4	3.1918	1.0624	1.2663	498.61	0.25270	43.371	0.076528	supercritical
1056.7	10.000	48.996	0.020410	1128.4	1332.5	3.1938	1.0628	1.2667	498.99	0.25041	43.417	0.076638	supercritical
1058.3	10.000	48.917	0.020443	1130.2	1334.6	3.1958	1.0632	1.2670	499.37	0.24813	43.464	0.076749	supercritical
1060.0	10.000	48.839	0.020475	1132.0	1336.7	3.1978	1.0636	1.2673	499.74	0.24585	43.510	0.076859	supercritical
1061.7	10.000	48.761	0.020508	1133.7	1338.8	3.1998	1.0640	1.2677	500.12	0.24359	43.556	0.076969	supercritical
1063.3	10.000	48.684	0.020541	1135.5	1340.9	3.2018	1.0644	1.2680	500.50	0.24133	43.603	0.077079	supercritical
1065.0	10.000	48.606	0.020573	1137.3	1343.1	3.2038	1.0648	1.2684	500.87	0.23909	43.649	0.077189	supercritical
1066.7	10.000	48.529	0.020606	1139.1	1345.2	3.2057	1.0651	1.2687	501.25	0.23685	43.695	0.077299	supercritical
1068.3	10.000	48.453	0.020639	1140.9	1347.3	3.2077	1.0655	1.2690	501.62	0.23463	43.741	0.077409	supercritical
1070.0	10.000	48.376	0.020671	1142.7	1349.4	3.2097	1.0659	1.2694	502.00	0.23241	43.787	0.077519	supercritical
1071.7	10.000	48.300	0.020704	1144.5	1351.5	3.2117	1.0663	1.2697	502.37	0.23020	43.833	0.077629	supercritical
1073.3	10.000	48.224	0.020737	1146.3	1353.6	3.2137	1.0667	1.2701	502.75	0.22801	43.879	0.077739	supercritical
1075.0	10.000	48.148	0.020769	1148.1	1355.8	3.2156	1.0671	1.2704	503.12	0.22582	43.926	0.077849	supercritical
1076.7	10.000	48.072	0.020802	1149.8	1357.9	3.2176	1.0675	1.2707	503.49	0.22364	43.972	0.077958	supercritical
1078.3	10.000	47.997	0.020835	1151.6	1360.0	3.2196	1.0679	1.2711	503.87	0.22147	44.018	0.078068	supercritical
1080.0	10.000	47.922	0.020867	1153.4	1362.1	3.2215	1.0683	1.2714	504.24	0.21931	44.063	0.078177	supercritical
1081.7	10.000	47.847	0.020900	1155.2	1364.2	3.2235	1.0686	1.2717	504.61	0.21715	44.109	0.078287	supercritical
1083.3	10.000	47.773	0.020933	1157.0	1366.3	3.2254	1.0690	1.2721	504.99	0.21501	44.155	0.078396	supercritical
1085.0	10.000	47.698	0.020965	1158.8	1368.5	3.2274	1.0694	1.2724	505.36	0.21288	44.201	0.078506	supercritical
1086.7	10.000	47.624	0.020998	1160.6	1370.6	3.2294	1.0698	1.2727	505.73	0.21075	44.247	0.078615	supercritical
1088.3	10.000	47.550	0.021030	1162.4	1372.7	3.2313	1.0702	1.2730	506.10	0.20864	44.293	0.078724	supercritical
1090.0	10.000	47.477	0.021063	1164.2	1374.8	3.2332	1.0706	1.2734	506.47	0.20653	44.339	0.078833	supercritical
1091.7	10.000	47.403	0.021096	1166.0	1377.0	3.2352	1.0709	1.2737	506.84	0.20443	44.384	0.078942	supercritical
1093.3	10.000	47.330	0.021128	1167.8	1379.1	3.2371	1.0713	1.2740	507.21	0.20234	44.430	0.079051	supercritical
1095.0	10.000	47.257	0.021161	1169.6	1381.2	3.2391	1.0717	1.2744	507.58	0.20026	44.476	0.079160	supercritical
1096.7	10.000	47.184	0.021193	1171.4	1383.3	3.2410	1.0721	1.2747	507.95	0.19818	44.521	0.079269	supercritical
1098.3	10.000	47.112	0.021226	1173.2	1385.4	3.2430	1.0724	1.2750	508.32	0.19612	44.567	0.079378	supercritical
1100.0	10.000	47.040	0.021259	1175.0	1387.6	3.2449	1.0728	1.2753	508.69	0.19406	44.613	0.079487	supercritical
1101.7	10.000	46.968	0.021291	1176.8	1389.7	3.2468	1.0732	1.2757	509.06	0.19201	44.658	0.079595	supercritical
1103.3	10.000	46.896	0.021324	1178.6	1391.8	3.2487	1.0736	1.2760	509.43	0.18998	44.704	0.079704	supercritical
1105.0	10.000	46.825	0.021356	1180.4	1394.0	3.2507	1.0739	1.2763	509.80	0.18794	44.749	0.079813	supercritical
1106.7	10.000	46.753	0.021389	1182.2	1396.1	3.2526	1.0743	1.2766	510.16	0.18592	44.795	0.079921	supercritical
1108.3	10.000	46.682	0.021421	1184.0	1398.2	3.2545	1.0747	1.2769	510.53	0.18391	44.840	0.080029	supercritical
1110.0	10.000	46.611	0.021454	1185.8	1400.3	3.2564	1.0750	1.2773	510.90	0.18190	44.886	0.080138	supercritical
1111.7	10.000	46.541	0.021487	1187.6	1402.5	3.2584	1.0754	1.2776	511.26	0.17990	44.931	0.080246	supercritical
1113.3	10.000	46.470	0.021519	1189.4	1404.6	3.2603	1.0758	1.2779	511.63	0.17791	44.976	0.080354	supercritical
1115.0	10.000	46.400	0.021552	1191.2	1406.7	3.2622	1.0761	1.2782	512.00	0.17593	45.022	0.080463	supercritical
1116.7	10.000	46.330	0.021584	1193.0	1408.9	3.2641	1.0765	1.2785	512.36	0.17395	45.067	0.080571	supercritical
1118.3	10.000	46.260	0.021617	1194.8	1411.0	3.2660	1.0768	1.2788	512.73	0.17199	45.112	0.080679	supercritical
1120.0	10.000	46.191	0.021649	1196.6	1413.1	3.2679	1.0772	1.2792	513.09	0.17003	45.158	0.080787	supercritical
1121.7	10.000	46.121	0.021682	1198.4	1415.2	3.2698	1.0776	1.2795	513.46	0.16808	45.203	0.080895	supercritical
1123.3	10.000	46.052	0.021714	1200.2	1417.4	3.2717	1.0779	1.2798	513.82	0.16613	45.248	0.081002	supercritical
1125.0	10.000	45.983	0.021747	1202.0	1419.5	3.2736	1.0783	1.2801	514.19	0.16420	45.293	0.081110	supercritical
1126.7	10.000	45.915	0.021779	1203.9	1421.6	3.2755	1.0786	1.2804	514.55	0.16227	45.338	0.081218	supercritical
1128.3	10.000	45.846	0.021812	1205.7	1423.8	3.2774	1.0790	1.2807	514.91	0.16035	45.384	0.081326	supercritical
1130.0	10.000	45.778	0.021845	1207.5	1425.9	3.2793	1.0794	1.2810	515.28	0.15844	45.429	0.081433	supercritical
1131.7	10.000	45.710	0.021877	1209.3	1428.1	3.2812	1.0797	1.2813	515.64	0.15653	45.474	0.081541	supercritical
1133.3	10.000	45.642	0.021910	1211.1	1430.2	3.2831	1.0801	1.2816	516.00	0.15464	45.519	0.081648	supercritical
1135.0	10.000	45.575	0.021942	1212.9	1432.3	3.2849	1.0804	1.2820	516.37	0.15275	45.564	0.081756	supercritical
1136.7	10.000	45.507	0.021975	1214.7	1434.5	3.2868	1.0808	1.2823	516.73	0.15086	45.609	0.081863	supercritical
1138.3	10.000	45.440	0.022007	1216.5	1436.6	3.2887	1.0811	1.2826	517.09	0.14899	45.654	0.081970	supercritical
1140.0	10.000	45.373	0.022040	1218.3	1438.7	3.2906	1.0815	1.2829	517.45	0.14712	45.699	0.082077	supercritical
1141.7	10.000	45.306	0.022072	1220.2	1440.9	3.2924	1.0818	1.2832	517.81	0.14526	45.744	0.082184	supercritical
1143.3	10.000	45.240	0.022105	1222.0	1443.0	3.2943	1.0822	1.2835	518.17	0.14341	45.788	0.082292	supercritical
1145.0	10.000	45.173	0.022137	1223.8	1445.2	3.2962	1.0825	1.2838	518.53	0.14156	45.833	0.082399	supercritical
1146.7	10.000	45.107	0.022170	1225.6	1447.3	3.2981	1.0829	1.2841	518.90	0.13972	45.878	0.082506	supercritical
1148.3	10.000	45.041	0.022202	1227.4	1449.4	3.2999	1.0832	1.2844	519.26	0.13789	45.923	0.082612	supercritical
1150.0	10.000	44.975	0.022234	1229.2	1451.6	3.3018	1.0835	1.2847	519.62	0.13607	45.968	0.082719	supercritical
1151.7	10.000	44.910	0.022267	1231.0	1453.7	3.3036	1.0839	1.2850	519.97	0.13425	46.012	0.082826	supercritical
1153.3	10.000	44.844	0.022299	1232.9	1455.9	3.3055	1.0842	1.2853	520.33	0.13244	46.057	0.082933	supercritical
1155.0	10.000	44.779	0.022332	1234.7	1458.0	3.3074	1.0846	1.2856	520.69	0.13063	46.102	0.083039	supercritical
1156.7	10.000	44.714	0.022364	1236.5	1460.1	3.3092	1.0849	1.2859	521.05	0.12884	46.146	0.083146	supercritical
1158.3	10.000	44.649	0.022397	1238.3	1462.3	3.3111	1.0852	1.2862	521.41	0.12705	46.191	0.083252	supercritical
1160.0	10.000	44.585	0.022429	1240.1	1464.4	3.3129	1.0856	1.2865	521.77	0.12526	46.236	0.083359	supercritical
1161.7	10.000	44.520	0.022462	1242.0	1466.6	3.3148	1.0859	1.2868	522.13	0.12349	46.280	0.083465	supercritical
1163.3	10.000	44.456	0.022494	1243.8	1468.7	3.3166	1.0863	1.2871	522.48	0.12172	46.325	0.083572	supercritical
1165.0	10.000	44.392	0.022527	1245.6	1470.9	3.3185	1.0866	1.2874	522.84	0.11996	46.369	0.083678	supercritical
1166.7	10.000	44.328	0.022559	1247.4	1473.0	3.3203	1.0869	1.2877	523.20	0.11820	46.414	0.083784	supercritical
1168.3	10.000	44.264	0.022592	1249.2	1475.2	3.3221	1.0873	1.2880	523.55	0.11645	46.458	0.083890	supercritical
1170.0	10.000	44.201	0.022624	1251.1	1477.3	3.3240	1.0876	1.2883	523.91	0.11471	46.503	0.083996	supercritical
1171.7	10.000	44.138	0.022656	1252.9	1479.5	3.3258	1.0879	1.2885	524.27	0.11297	46.547	0.084102	supercritical
1173.3	10.000	44.075	0.022689	1254.7	1481.6	3.3276	1.0883	1.2888	524.62	0.11124	46.592	0.084208	supercritical
1175.0	10.000	44.012	0.022721	1256.5	1483.7	3.3295	1.0886	1.2891	524.98	0.10952	46.636	0.084314	supercritical
1176.7	10.000	43.949	0.022754	1258.4	1485.9	3.3313	1.0889	1.2894	525.33	0.10780	46.680	0.084420	supercritical
1178.3	10.000	43.886	0.022786	1260.2	1488.0	3.3331	1.0892	1.2897	525.69	0.10609	46.725	0.084526	supercritical
1180.0	10.000	43.824	0.022819	1262.0	1490.2	3.3349	1.0896	1.2900	526.04	0.10439	46.769	0.084631	supercritical
1181.7	10.000	43.762	0.022851	1263.8	1492.3	3.3368	1.0899	1.2903	526.40	0.10269	46.813	0.084737	supercritical
1183.3	10.000	43.700	0.022883	1265.7	1494.5	3.3386	1.0902	1.2906	526.75	0.10100	46.857	0.084842	supercritical
1185.0	10.000	43.638	0.022916	1267.5	1496.6	3.3404	1.0906	1.2909	527.10	0.099316	46.902	0.084948	supercritical
1186.7	10.000	43.576	0.022948	1269.3	1498.8	3.3422	1.0909	1.2911	527.46	0.097638	46.946	0.085053	supercritical
1188.3	10.000	43.515	0.022981	1271.1	1501.0	3.3440	1.0912	1.2914	527.81	0.095965	46.990	0.085159	supercritical
1190.0	10.000	43.454	0.023013	1273.0	1503.1	3.3458	1.0915	1.2917	528.16	0.094299	47.034	0.085264	supercritical
1191.7	10.000	43.393	0.023045	1274.8	1505.3	3.3476	1.0918	1.2920	528.52	0.092640	47.078	0.085369	supercritical
1193.3	10.000	43.332	0.023078	1276.6	1507.4	3.3494	1.0922	1.2923	528.87	0.090986	47.122	0.085474	supercritical
1195.0	10.000	43.271	0.023110	1278.5	1509.6	3.3513	1.0925	1.2926	529.22	0.089338	47.166	0.085580	supercritical
1196.7	10.000	43.210	0.023143	1280.3	1511.7	3.3531	1.0928	1.2928	529.57	0.087697	47.210	0.085685	supercritical
1198.3	10.000	43.150	0.023175	1282.1	1513.9	3.3549	1.0931	1.2931	529.92	0.086061	47.254	0.085790	supercritical
1200.0	10.000	43.090	0.023207	1284.0	1516.0	3.3566	1.0934	1.2934	530.28	0.084432	47.298	0.085894	supercritical
1201.7	10.000	43.030	0.023240	1285.8	1518.2	3.3584	1.0938	1.2937	530.63	0.082808	47.342	0.085999	supercritical
1203.3	10.000	42.970	0.023272	1287.6	1520.3	3.3602	1.0941	1.2940	530.98	0.081190	47.386	0.086104	supercritical
1205.0	10.000	42.910	0.023305	1289.5	1522.5	3.3620	1.0944	1.2942	531.33	0.079579	47.430	0.086209	supercritical
1206.7	10.000	42.851	0.023337	1291.3	1524.7	3.3638	1.0947	1.2945	531.68	0.077973	47.474	0.086314	supercritical
1208.3	10.000	42.791	0.023369	1293.1	1526.8	3.3656	1.0950	1.2948	532.03	0.076373	47.518	0.086418	supercritical
1210.0	10.000	42.732	0.023402	1295.0	1529.0	3.3674	1.0953	1.2951	532.38	0.074778	47.562	0.086523	supercritical
1211.7	10.000	42.673	0.023434	1296.8	1531.1	3.3692	1.0956	1.2953	532.73	0.073190	47.606	0.086627	supercritical
1213.3	10.000	42.614	0.023466	1298.6	1533.3	3.3710	1.0959	1.2956	533.08	0.071607	47.649	0.086732	supercritical
1215.0	10.000	42.556	0.023499	1300.5	1535.5	3.3727	1.0963	1.2959	533.43	0.070030	47.693	0.086836	supercritical
1216.7	10.000	42.497	0.023531	1302.3	1537.6	3.3745	1.0966	1.2962	533.77	0.068459	47.737	0.086940	supercritical
1218.3	10.000	42.439	0.023563	1304.1	1539.8	3.3763	1.0969	1.2964	534.12	0.066893	47.781	0.087045	supercritical
1220.0	10.000	42.380	0.023596	1306.0	1541.9	3.3781	1.0972	1.2967	534.47	0.065333	47.824	0.087149	supercritical
1221.7	10.000	42.322	0.023628	1307.8	1544.1	3.3798	1.0975	1.2970	534.82	0.063779	47.868	0.087253	supercritical
1223.3	10.000	42.265	0.023660	1309.7	1546.3	3.3816	1.0978	1.2973	535.17	0.062230	47.912	0.087357	supercritical
1225.0	10.000	42.207	0.023693	1311.5	1548.4	3.3834	1.0981	1.2975	535.51	0.060687	47.955	0.087461	supercritical
1226.7	10.000	42.149	0.023725	1313.3	1550.6	3.3851	1.0984	1.2978	535.86	0.059149	47.999	0.087565	supercritical
1228.3	10.000	42.092	0.023757	1315.2	1552.7	3.3869	1.0987	1.2981	536.21	0.057616	48.042	0.087669	supercritical
1230.0	10.000	42.035	0.023790	1317.0	1554.9	3.3886	1.0990	1.2983	536.55	0.056089	48.086	0.087773	supercritical
1231.7	10.000	41.978	0.023822	1318.9	1557.1	3.3904	1.0993	1.2986	536.90	0.054568	48.129	0.087876	supercritical
1233.3	10.000	41.921	0.023854	1320.7	1559.2	3.3922	1.0996	1.2989	537.25	0.053052	48.173	0.087980	supercritical
1235.0	10.000	41.864	0.023887	1322.5	1561.4	3.3939	1.0999	1.2991	537.59	0.051541	48.216	0.088084	supercritical
1236.7	10.000	41.808	0.023919	1324.4	1563.6	3.3957	1.1002	1.2994	537.94	0.050036	48.260	0.088187	supercritical
1238.3	10.000	41.751	0.023951	1326.2	1565.7	3.3974	1.1005	1.2997	538.28	0.048536	48.303	0.088291	supercritical
1240.0	10.000	41.695	0.023984	1328.1	1567.9	3.3992	1.1008	1.2999	538.63	0.047041	48.347	0.088394	supercritical
1241.7	10.000	41.639	0.024016	1329.9	1570.1	3.4009	1.1011	1.3002	538.97	0.045551	48.390	0.088498	supercritical
1243.3	10.000	41.583	0.024048	1331.7	1572.2	3.4027	1.1014	1.3005	539.32	0.044067	48.433	0.088601	supercritical
1245.0	10.000	41.527	0.024081	1333.6	1574.4	3.4044	1.1017	1.3007	539.66	0.042588	48.477	0.088704	supercritical
1246.7	10.000	41.471	0.024113	1335.4	1576.6	3.4061	1.1020	1.3010	540.01	0.041114	48.520	0.088808	supercritical
1248.3	10.000	41.416	0.024145	1337.3	1578.7	3.4079	1.1023	1.3012	540.35	0.039645	48.563	0.088911	supercritical
1250.0	10.000	41.361	0.024178	1339.1	1580.9	3.4096	1.1026	1.3015	540.69	0.038181	48.606	0.089014	supercritical
1251.7	10.000	41.305	0.024210	1341.0	1583.1	3.4113	1.1029	1.3018	541.04	0.036723	48.650	0.089117	supercritical
1253.3	10.000	41.250	0.024242	1342.8	1585.2	3.4131	1.1031	1.3020	541.38	0.035269	48.693	0.089220	supercritical
1255.0	10.000	41.195	0.024275	1344.7	1587.4	3.4148	1.1034	1.3023	541.72	0.033821	48.736	0.089323	supercritical
1256.7	10.000	41.141	0.024307	1346.5	1589.6	3.4165	1.1037	1.3025	542.06	0.032377	48.779	0.089426	supercritical
1258.3	10.000	41.086	0.024339	1348.4	1591.8	3.4183	1.1040	1.3028	542.41	0.030939	48.822	0.089528	supercritical
1260.0	10.000	41.032	0.024371	1350.2	1593.9	3.4200	1.1043	1.3031	542.75	0.029505	48.865	0.089631	supercritical
1261.7	10.000	40.977	0.024404	1352.1	1596.1	3.4217	1.1046	1.3033	543.09	0.028077	48.908	0.089734	supercritical
1263.3	10.000	40.923	0.024436	1353.9	1598.3	3.4234	1.1049	1.3036	543.43	0.026653	48.952	0.089836	supercritical
1265.0	10.000	40.869	0.024468	1355.8	1600.4	3.4252	1.1052	1.3038	543.77	0.025234	48.995	0.089939	supercritical
1266.7	10.000	40.815	0.024501	1357.6	1602.6	3.4269	1.1054	1.3041	544.11	0.023820	49.038	0.090041	supercritical
1268.3	10.000	40.762	0.024533	1359.5	1604.8	3.4286	1.1057	1.3043	544.46	0.022411	49.081	0.090144	supercritical
1270.0	10.000	40.708	0.024565	1361.3	1607.0	3.4303	1.1060	1.3046	544.80	0.021007	49.124	0.090246	supercritical
1271.7	10.000	40.655	0.024597	1363.2	1609.1	3.4320	1.1063	1.3048	545.14	0.019607	49.166	0.090348	supercritical
1273.3	10.000	40.601	0.024630	1365.0	1611.3	3.4337	1.1066	1.3051	545.48	0.018213	49.209	0.090451	supercritical
1275.0	10.000	40.548	0.024662	1366.9	1613.5	3.4354	1.1069	1.3053	545.82	0.016823	49.252	0.090553	supercritical
1276.7	10.000	40.495	0.024694	1368.7	1615.7	3.4371	1.1071	1.3056	546.16	0.015437	49.295	0.090655	supercritical
1278.3	10.000	40.443	0.024726	1370.6	1617.8	3.4388	1.1074	1.3058	546.50	0.014057	49.338	0.090757	supercritical
1280.0	10.000	40.390	0.024759	1372.4	1620.0	3.4405	1.1077	1.3061	546.83	0.012681	49.381	0.090859	supercritical
1281.7	10.000	40.337	0.024791	1374.3	1622.2	3.4422	1.1080	1.3063	547.17	0.011310	49.424	0.090961	supercritical
1283.3	10.000	40.285	0.024823	1376.1	1624.4	3.4439	1.1083	1.3066	547.51	0.0099430	49.466	0.091063	supercritical
1285.0	10.000	40.233	0.024855	1378.0	1626.6	3.4456	1.1085	1.3068	547.85	0.0085810	49.509	0.091165	supercritical
1286.7	10.000	40.180	0.024888	1379.9	1628.7	3.4473	1.1088	1.3071	548.19	0.0072236	49.552	0.091266	supercritical
1288.3	10.000	40.128	0.024920	1381.7	1630.9	3.4490	1.1091	1.3073	548.53	0.0058707	49.595	0.091368	supercritical
1290.0	10.000	40.077	0.024952	1383.6	1633.1	3.4507	1.1094	1.3076	548.86	0.0045224	49.637	0.091470	supercritical
1291.7	10.000	40.025	0.024984	1385.4	1635.3	3.4524	1.1096	1.3078	549.20	0.0031785	49.680	0.091571	supercritical
1293.3	10.000	39.973	0.025017	1387.3	1637.4	3.4541	1.1099	1.3081	549.54	0.0018392	49.723	0.091673	supercritical
1295.0	10.000	39.922	0.025049	1389.1	1639.6	3.4558	1.1102	1.3083	549.88	0.00050428	49.765	0.091774	supercritical
1296.7	10.000	39.871	0.025081	1391.0	1641.8	3.4574	1.1104	1.3086	550.21	-0.00082616	49.808	0.091876	supercritical
1298.3	10.000	39.819	0.025113	1392.9	1644.0	3.4591	1.1107	1.3088	550.55	-0.0021522	49.850	0.091977	supercritical
1300.0	10.000	39.768	0.025146	1394.7	1646.2	3.4608	1.1110	1.3090	550.89	-0.0034738	49.893	0.092078	supercritical