Temperature (K)	Pressure (MPa)	Density (kg/m3)	Volume (m3/kg)	Internal Energy (kJ/kg)	Enthalpy (kJ/kg)	Entropy (J/g*K)	Cv (J/g*K)	Cp (J/g*K)	Sound Spd. (m/s)	Joule-Thomson (K/MPa)	Viscosity (uPa*s)	Therm. Cond. (W/m*K)	Phase
300.00	11.000	818.31	0.0012220	245.75	259.19	1.1766	0.94050	2.7802	440.09	0.83619	74.925	0.090610	liquid
301.67	11.000	804.78	0.0012426	250.23	263.89	1.1923	0.94398	2.8690	425.15	0.92025	72.444	0.088643	liquid
303.33	11.000	790.49	0.0012650	254.84	268.76	1.2084	0.94786	2.9704	410.01	1.0144	69.943	0.086657	liquid
305.00	11.000	775.36	0.0012897	259.62	273.80	1.2250	0.95218	3.0873	394.66	1.1203	67.413	0.084652	supercritical
306.67	11.000	759.25	0.0013171	264.57	279.06	1.2421	0.95702	3.2239	379.13	1.2405	64.845	0.082631	supercritical
308.33	11.000	741.99	0.0013477	269.74	284.56	1.2600	0.96245	3.3861	363.40	1.3779	62.227	0.080599	supercritical
310.00	11.000	723.38	0.0013824	275.16	290.37	1.2788	0.96855	3.5818	347.48	1.5365	59.546	0.078563	supercritical
311.67	11.000	703.15	0.0014222	280.88	296.53	1.2986	0.97533	3.8200	331.41	1.7211	56.786	0.076535	supercritical
313.33	11.000	680.98	0.0014685	286.97	303.13	1.3197	0.98268	4.1086	315.27	1.9368	53.929	0.074529	supercritical
315.00	11.000	656.53	0.0015232	293.50	310.25	1.3424	0.99044	4.4510	299.27	2.1886	50.967	0.072560	supercritical
316.67	11.000	629.51	0.0015885	300.52	317.99	1.3669	0.99850	4.8446	283.78	2.4809	47.904	0.070645	supercritical
318.33	11.000	599.75	0.0016674	308.08	326.42	1.3935	1.0067	5.2797	269.31	2.8163	44.764	0.068792	supercritical
320.00	11.000	567.35	0.0017626	316.20	335.59	1.4222	1.0143	5.7105	256.44	3.1923	41.606	0.066949	supercritical
321.67	11.000	533.16	0.0018756	324.75	345.39	1.4527	1.0202	6.0093	245.84	3.5912	38.546	0.064926	supercritical
323.33	11.000	498.94	0.0020042	333.44	355.48	1.4840	1.0236	6.0629	238.09	3.9828	35.747	0.062574	supercritical
325.00	11.000	466.63	0.0021430	341.88	365.46	1.5148	1.0231	5.8665	233.16	4.3417	33.335	0.059929	supercritical
326.67	11.000	437.57	0.0022853	349.80	374.94	1.5439	1.0179	5.4888	230.47	4.6535	31.353	0.057128	supercritical
328.33	11.000	412.31	0.0024254	357.03	383.70	1.5707	1.0088	5.0266	229.44	4.9090	29.772	0.054350	supercritical
330.00	11.000	390.66	0.0025598	363.54	391.70	1.5950	0.99755	4.5738	229.52	5.1126	28.522	0.051778	supercritical
331.67	11.000	372.12	0.0026873	369.42	398.98	1.6170	0.98526	4.1700	230.29	5.2725	27.531	0.049486	supercritical
333.33	11.000	356.15	0.0028078	374.75	405.63	1.6370	0.97287	3.8231	231.47	5.3964	26.736	0.047479	supercritical
335.00	11.000	342.25	0.0029218	379.61	411.75	1.6553	0.96094	3.5288	232.90	5.4907	26.091	0.045733	supercritical
336.67	11.000	330.04	0.0030299	384.09	417.42	1.6722	0.94978	3.2798	234.48	5.5606	25.561	0.044218	supercritical
338.33	11.000	319.22	0.0031326	388.25	422.71	1.6878	0.93953	3.0687	236.13	5.6106	25.121	0.042900	supercritical
340.00	11.000	309.54	0.0032306	392.13	427.67	1.7025	0.93022	2.8887	237.81	5.6442	24.753	0.041752	supercritical
341.67	11.000	300.81	0.0033243	395.78	432.35	1.7162	0.92180	2.7343	239.50	5.6643	24.442	0.040747	supercritical
343.33	11.000	292.89	0.0034143	399.24	436.79	1.7292	0.91421	2.6008	241.19	5.6732	24.178	0.039865	supercritical
345.00	11.000	285.65	0.0035008	402.52	441.03	1.7415	0.90737	2.4845	242.86	5.6729	23.952	0.039088	supercritical
346.67	11.000	278.99	0.0035844	405.65	445.08	1.7532	0.90119	2.3827	244.51	5.6650	23.758	0.038401	supercritical
348.33	11.000	272.84	0.0036652	408.66	448.98	1.7644	0.89560	2.2927	246.14	5.6507	23.592	0.037792	supercritical
350.00	11.000	267.13	0.0037435	411.55	452.73	1.7752	0.89052	2.2129	247.74	5.6312	23.448	0.037250	supercritical
351.67	11.000	261.81	0.0038196	414.34	456.36	1.7855	0.88590	2.1415	249.32	5.6074	23.324	0.036767	supercritical
353.33	11.000	256.83	0.0038936	417.04	459.87	1.7955	0.88168	2.0774	250.87	5.5798	23.217	0.036335	supercritical
355.00	11.000	252.16	0.0039657	419.66	463.29	1.8051	0.87781	2.0196	252.40	5.5492	23.125	0.035948	supercritical
356.67	11.000	247.76	0.0040361	422.21	466.61	1.8144	0.87426	1.9671	253.90	5.5161	23.045	0.035601	supercritical
358.33	11.000	243.61	0.0041049	424.69	469.84	1.8235	0.87099	1.9193	255.38	5.4809	22.978	0.035290	supercritical
360.00	11.000	239.68	0.0041722	427.11	473.01	1.8323	0.86797	1.8756	256.83	5.4439	22.920	0.035010	supercritical
361.67	11.000	235.96	0.0042381	429.48	476.10	1.8409	0.86518	1.8356	258.26	5.4054	22.872	0.034759	supercritical
363.33	11.000	232.41	0.0043027	431.80	479.13	1.8492	0.86260	1.7987	259.67	5.3658	22.831	0.034533	supercritical
365.00	11.000	229.04	0.0043661	434.07	482.10	1.8574	0.86021	1.7647	261.06	5.3252	22.798	0.034331	supercritical
366.67	11.000	225.81	0.0044284	436.30	485.01	1.8654	0.85799	1.7332	262.43	5.2837	22.771	0.034149	supercritical
368.33	11.000	222.73	0.0044897	438.49	487.87	1.8731	0.85594	1.7039	263.78	5.2417	22.751	0.033987	supercritical
370.00	11.000	219.78	0.0045499	440.64	490.69	1.8808	0.85403	1.6767	265.11	5.1991	22.735	0.033841	supercritical
371.67	11.000	216.96	0.0046092	442.76	493.47	1.8883	0.85226	1.6514	266.43	5.1562	22.725	0.033712	supercritical
373.33	11.000	214.24	0.0046676	444.85	496.20	1.8956	0.85062	1.6277	267.72	5.1130	22.719	0.033596	supercritical
375.00	11.000	211.63	0.0047252	446.91	498.89	1.9028	0.84909	1.6055	269.00	5.0697	22.717	0.033495	supercritical
376.67	11.000	209.12	0.0047820	448.95	501.55	1.9099	0.84768	1.5847	270.26	5.0262	22.719	0.033405	supercritical
378.33	11.000	206.70	0.0048380	450.96	504.17	1.9168	0.84638	1.5652	271.50	4.9827	22.724	0.033326	supercritical
380.00	11.000	204.36	0.0048933	452.94	506.77	1.9237	0.84517	1.5468	272.73	4.9392	22.733	0.033258	supercritical
381.67	11.000	202.10	0.0049480	454.90	509.33	1.9304	0.84405	1.5295	273.94	4.8958	22.744	0.033200	supercritical
383.33	11.000	199.92	0.0050020	456.84	511.87	1.9370	0.84302	1.5132	275.14	4.8525	22.759	0.033150	supercritical
385.00	11.000	197.81	0.0050553	458.77	514.38	1.9435	0.84208	1.4977	276.33	4.8094	22.775	0.033109	supercritical
386.67	11.000	195.77	0.0051081	460.67	516.86	1.9500	0.84121	1.4831	277.50	4.7664	22.795	0.033076	supercritical
388.33	11.000	193.79	0.0051603	462.56	519.32	1.9563	0.84041	1.4693	278.65	4.7237	22.816	0.033050	supercritical
390.00	11.000	191.87	0.0052120	464.43	521.76	1.9626	0.83968	1.4562	279.80	4.6812	22.839	0.033030	supercritical
391.67	11.000	190.00	0.0052631	466.28	524.17	1.9688	0.83902	1.4438	280.93	4.6391	22.864	0.033017	supercritical
393.33	11.000	188.19	0.0053138	468.12	526.57	1.9749	0.83841	1.4320	282.05	4.5971	22.891	0.033010	supercritical
395.00	11.000	186.43	0.0053640	469.94	528.95	1.9809	0.83787	1.4207	283.16	4.5556	22.920	0.033008	supercritical
396.67	11.000	184.72	0.0054137	471.76	531.31	1.9869	0.83738	1.4101	284.25	4.5143	22.950	0.033011	supercritical
398.33	11.000	183.05	0.0054630	473.56	533.65	1.9928	0.83695	1.3999	285.34	4.4733	22.982	0.033020	supercritical
400.00	11.000	181.43	0.0055118	475.34	535.97	1.9986	0.83657	1.3902	286.41	4.4328	23.015	0.033032	supercritical
401.67	11.000	179.85	0.0055602	477.12	538.28	2.0044	0.83623	1.3809	287.47	4.3925	23.049	0.033050	supercritical
403.33	11.000	178.31	0.0056083	478.89	540.58	2.0101	0.83594	1.3721	288.53	4.3526	23.085	0.033071	supercritical
405.00	11.000	176.80	0.0056560	480.64	542.86	2.0157	0.83570	1.3637	289.57	4.3131	23.122	0.033096	supercritical
406.67	11.000	175.34	0.0057033	482.39	545.12	2.0213	0.83549	1.3556	290.60	4.2740	23.159	0.033125	supercritical
408.33	11.000	173.91	0.0057502	484.12	547.38	2.0268	0.83533	1.3479	291.63	4.2353	23.198	0.033157	supercritical
410.00	11.000	172.51	0.0057968	485.85	549.62	2.0323	0.83520	1.3405	292.64	4.1969	23.238	0.033193	supercritical
411.67	11.000	171.14	0.0058431	487.57	551.84	2.0377	0.83511	1.3335	293.65	4.1589	23.279	0.033232	supercritical
413.33	11.000	169.81	0.0058890	489.28	554.06	2.0431	0.83506	1.3267	294.64	4.1213	23.320	0.033273	supercritical
415.00	11.000	168.50	0.0059347	490.99	556.27	2.0484	0.83504	1.3202	295.63	4.0841	23.362	0.033318	supercritical
416.67	11.000	167.22	0.0059800	492.68	558.46	2.0537	0.83505	1.3140	296.61	4.0472	23.406	0.033365	supercritical
418.33	11.000	165.97	0.0060250	494.37	560.65	2.0589	0.83509	1.3080	297.58	4.0108	23.449	0.033415	supercritical
420.00	11.000	164.75	0.0060698	496.05	562.82	2.0641	0.83516	1.3023	298.54	3.9747	23.494	0.033467	supercritical
421.67	11.000	163.55	0.0061143	497.73	564.99	2.0693	0.83526	1.2968	299.50	3.9391	23.539	0.033521	supercritical
423.33	11.000	162.38	0.0061585	499.40	567.14	2.0744	0.83538	1.2916	300.44	3.9038	23.585	0.033577	supercritical
425.00	11.000	161.23	0.0062025	501.07	569.29	2.0794	0.83553	1.2865	301.38	3.8689	23.631	0.033636	supercritical
426.67	11.000	160.10	0.0062462	502.72	571.43	2.0844	0.83571	1.2816	302.32	3.8343	23.678	0.033696	supercritical
428.33	11.000	158.99	0.0062897	504.38	573.57	2.0894	0.83591	1.2769	303.24	3.8002	23.726	0.033759	supercritical
430.00	11.000	157.90	0.0063329	506.03	575.69	2.0944	0.83613	1.2724	304.16	3.7664	23.774	0.033823	supercritical
431.67	11.000	156.84	0.0063759	507.67	577.81	2.0993	0.83638	1.2681	305.07	3.7330	23.822	0.033889	supercritical
433.33	11.000	155.79	0.0064187	509.31	579.92	2.1042	0.83664	1.2640	305.98	3.6999	23.871	0.033956	supercritical
435.00	11.000	154.77	0.0064613	510.95	582.02	2.1090	0.83693	1.2599	306.87	3.6673	23.920	0.034025	supercritical
436.67	11.000	153.76	0.0065036	512.58	584.12	2.1138	0.83723	1.2561	307.77	3.6349	23.970	0.034095	supercritical
438.33	11.000	152.77	0.0065458	514.20	586.21	2.1186	0.83756	1.2524	308.65	3.6030	24.020	0.034167	supercritical
440.00	11.000	151.80	0.0065877	515.83	588.29	2.1234	0.83790	1.2488	309.53	3.5714	24.071	0.034240	supercritical
441.67	11.000	150.84	0.0066295	517.45	590.37	2.1281	0.83826	1.2453	310.40	3.5401	24.121	0.034314	supercritical
443.33	11.000	149.90	0.0066710	519.06	592.44	2.1328	0.83864	1.2420	311.27	3.5093	24.173	0.034389	supercritical
445.00	11.000	148.98	0.0067124	520.67	594.51	2.1374	0.83903	1.2388	312.13	3.4787	24.224	0.034465	supercritical
446.67	11.000	148.07	0.0067536	522.28	596.57	2.1420	0.83944	1.2357	312.99	3.4485	24.276	0.034541	supercritical
448.33	11.000	147.18	0.0067946	523.89	598.63	2.1466	0.83986	1.2328	313.84	3.4186	24.328	0.034619	supercritical
450.00	11.000	146.30	0.0068355	525.49	600.68	2.1512	0.84029	1.2299	314.69	3.3891	24.381	0.034696	supercritical
451.67	11.000	145.43	0.0068761	527.09	602.73	2.1557	0.84075	1.2272	315.52	3.3599	24.433	0.034773	supercritical
453.33	11.000	144.58	0.0069166	528.69	604.77	2.1603	0.84121	1.2245	316.36	3.3310	24.486	0.034849	supercritical
455.00	11.000	143.74	0.0069570	530.28	606.81	2.1647	0.84169	1.2219	317.19	3.3024	24.539	0.034920	supercritical
456.67	11.000	142.91	0.0069972	531.88	608.85	2.1692	0.84218	1.2195	318.01	3.2742	24.593	0.034976	supercritical
458.33	11.000	142.10	0.0070372	533.47	610.88	2.1736	0.84268	1.2171	318.83	3.2463	24.646	0.035072	supercritical
460.00	11.000	141.30	0.0070771	535.05	612.90	2.1781	0.84319	1.2148	319.65	3.2186	24.700	0.035168	supercritical
461.67	11.000	140.51	0.0071168	536.64	614.92	2.1825	0.84371	1.2126	320.45	3.1913	24.754	0.035265	supercritical
463.33	11.000	139.73	0.0071564	538.22	616.94	2.1868	0.84425	1.2104	321.26	3.1643	24.809	0.035363	supercritical
465.00	11.000	138.97	0.0071959	539.81	618.96	2.1912	0.84479	1.2084	322.06	3.1376	24.863	0.035462	supercritical
466.67	11.000	138.21	0.0072352	541.38	620.97	2.1955	0.84534	1.2064	322.85	3.1112	24.918	0.035561	supercritical
468.33	11.000	137.47	0.0072744	542.96	622.98	2.1998	0.84591	1.2044	323.65	3.0851	24.972	0.035660	supercritical
470.00	11.000	136.74	0.0073134	544.54	624.99	2.2041	0.84648	1.2026	324.43	3.0593	25.027	0.035761	supercritical
471.67	11.000	136.01	0.0073523	546.11	626.99	2.2083	0.84706	1.2008	325.21	3.0337	25.082	0.035861	supercritical
473.33	11.000	135.30	0.0073911	547.69	628.99	2.2125	0.84765	1.1991	325.99	3.0085	25.138	0.035963	supercritical
475.00	11.000	134.59	0.0074298	549.26	630.99	2.2168	0.84825	1.1974	326.77	2.9835	25.193	0.036065	supercritical
476.67	11.000	133.90	0.0074683	550.83	632.98	2.2209	0.84885	1.1958	327.53	2.9588	25.248	0.036167	supercritical
478.33	11.000	133.21	0.0075067	552.40	634.97	2.2251	0.84947	1.1943	328.30	2.9343	25.304	0.036270	supercritical
480.00	11.000	132.54	0.0075450	553.97	636.96	2.2293	0.85009	1.1928	329.06	2.9101	25.360	0.036374	supercritical
481.67	11.000	131.87	0.0075832	555.53	638.95	2.2334	0.85072	1.1914	329.82	2.8862	25.415	0.036478	supercritical
483.33	11.000	131.21	0.0076213	557.10	640.93	2.2375	0.85135	1.1900	330.57	2.8626	25.471	0.036583	supercritical
485.00	11.000	130.56	0.0076593	558.66	642.92	2.2416	0.85199	1.1887	331.32	2.8391	25.527	0.036688	supercritical
486.67	11.000	129.92	0.0076972	560.23	644.90	2.2457	0.85264	1.1874	332.07	2.8160	25.584	0.036793	supercritical
488.33	11.000	129.28	0.0077349	561.79	646.87	2.2497	0.85329	1.1862	332.81	2.7931	25.640	0.036899	supercritical
490.00	11.000	128.66	0.0077726	563.35	648.85	2.2538	0.85395	1.1850	333.55	2.7704	25.696	0.037005	supercritical
491.67	11.000	128.04	0.0078101	564.91	650.82	2.2578	0.85461	1.1838	334.29	2.7480	25.752	0.037112	supercritical
493.33	11.000	127.43	0.0078476	566.47	652.80	2.2618	0.85528	1.1827	335.02	2.7259	25.809	0.037219	supercritical
495.00	11.000	126.82	0.0078849	568.03	654.77	2.2658	0.85596	1.1817	335.75	2.7039	25.865	0.037327	supercritical
496.67	11.000	126.23	0.0079222	569.59	656.73	2.2698	0.85664	1.1807	336.47	2.6822	25.922	0.037435	supercritical
498.33	11.000	125.64	0.0079594	571.15	658.70	2.2737	0.85732	1.1797	337.19	2.6607	25.979	0.037543	supercritical
500.00	11.000	125.06	0.0079964	572.71	660.67	2.2777	0.85801	1.1788	337.91	2.6395	26.035	0.037652	supercritical
501.67	11.000	124.48	0.0080334	574.26	662.63	2.2816	0.85871	1.1779	338.63	2.6185	26.092	0.037761	supercritical
503.33	11.000	123.91	0.0080703	575.82	664.59	2.2855	0.85940	1.1770	339.34	2.5977	26.149	0.037870	supercritical
505.00	11.000	123.35	0.0081071	577.38	666.55	2.2894	0.86010	1.1762	340.05	2.5771	26.206	0.037980	supercritical
506.67	11.000	122.79	0.0081438	578.93	668.51	2.2932	0.86081	1.1754	340.75	2.5567	26.263	0.038090	supercritical
508.33	11.000	122.24	0.0081805	580.49	670.47	2.2971	0.86152	1.1746	341.45	2.5365	26.320	0.038200	supercritical
510.00	11.000	121.70	0.0082170	582.04	672.43	2.3009	0.86223	1.1739	342.15	2.5166	26.377	0.038311	supercritical
511.67	11.000	121.16	0.0082535	583.60	674.39	2.3048	0.86295	1.1732	342.85	2.4968	26.434	0.038422	supercritical
513.33	11.000	120.63	0.0082899	585.15	676.34	2.3086	0.86367	1.1725	343.54	2.4773	26.491	0.038534	supercritical
515.00	11.000	120.10	0.0083262	586.71	678.29	2.3124	0.86439	1.1719	344.23	2.4580	26.548	0.038645	supercritical
516.67	11.000	119.58	0.0083624	588.26	680.25	2.3162	0.86512	1.1712	344.92	2.4388	26.605	0.038757	supercritical
518.33	11.000	119.07	0.0083985	589.81	682.20	2.3199	0.86585	1.1707	345.61	2.4199	26.663	0.038869	supercritical
520.00	11.000	118.56	0.0084346	591.37	684.15	2.3237	0.86658	1.1701	346.29	2.4011	26.720	0.038982	supercritical
521.67	11.000	118.06	0.0084706	592.92	686.10	2.3274	0.86731	1.1696	346.97	2.3826	26.777	0.039095	supercritical
523.33	11.000	117.56	0.0085065	594.47	688.05	2.3312	0.86805	1.1690	347.64	2.3642	26.834	0.039208	supercritical
525.00	11.000	117.06	0.0085424	596.03	689.99	2.3349	0.86879	1.1686	348.32	2.3460	26.892	0.039321	supercritical
526.67	11.000	116.57	0.0085782	597.58	691.94	2.3386	0.86953	1.1681	348.99	2.3280	26.949	0.039434	supercritical
528.33	11.000	116.09	0.0086139	599.14	693.89	2.3423	0.87027	1.1677	349.66	2.3101	27.006	0.039548	supercritical
530.00	11.000	115.61	0.0086496	600.69	695.83	2.3460	0.87102	1.1673	350.32	2.2925	27.063	0.039662	supercritical
531.67	11.000	115.14	0.0086851	602.24	697.78	2.3496	0.87176	1.1669	350.98	2.2750	27.121	0.039776	supercritical
533.33	11.000	114.67	0.0087207	603.80	699.72	2.3533	0.87251	1.1665	351.64	2.2577	27.178	0.039891	supercritical
535.00	11.000	114.21	0.0087561	605.35	701.67	2.3569	0.87326	1.1661	352.30	2.2406	27.235	0.040005	supercritical
536.67	11.000	113.75	0.0087915	606.90	703.61	2.3605	0.87402	1.1658	352.96	2.2236	27.293	0.040120	supercritical
538.33	11.000	113.29	0.0088268	608.46	705.55	2.3642	0.87477	1.1655	353.61	2.2068	27.350	0.040235	supercritical
540.00	11.000	112.84	0.0088621	610.01	707.50	2.3678	0.87553	1.1652	354.26	2.1902	27.407	0.040350	supercritical
541.67	11.000	112.39	0.0088973	611.57	709.44	2.3713	0.87628	1.1649	354.91	2.1737	27.465	0.040466	supercritical
543.33	11.000	111.95	0.0089324	613.12	711.38	2.3749	0.87704	1.1647	355.56	2.1574	27.522	0.040582	supercritical
545.00	11.000	111.51	0.0089675	614.68	713.32	2.3785	0.87780	1.1645	356.20	2.1413	27.579	0.040697	supercritical
546.67	11.000	111.08	0.0090025	616.23	715.26	2.3820	0.87856	1.1642	356.84	2.1253	27.637	0.040813	supercritical
548.33	11.000	110.65	0.0090375	617.79	717.20	2.3856	0.87932	1.1640	357.48	2.1094	27.694	0.040930	supercritical
550.00	11.000	110.22	0.0090724	619.34	719.14	2.3891	0.88009	1.1639	358.12	2.0937	27.751	0.041046	supercritical
551.67	11.000	109.80	0.0091072	620.90	721.08	2.3926	0.88085	1.1637	358.75	2.0782	27.809	0.041162	supercritical
553.33	11.000	109.39	0.0091420	622.46	723.02	2.3962	0.88161	1.1635	359.38	2.0628	27.866	0.041279	supercritical
555.00	11.000	108.97	0.0091767	624.01	724.96	2.3997	0.88238	1.1634	360.01	2.0476	27.923	0.041396	supercritical
556.67	11.000	108.56	0.0092114	625.57	726.90	2.4031	0.88314	1.1633	360.64	2.0325	27.981	0.041513	supercritical
558.33	11.000	108.15	0.0092461	627.13	728.84	2.4066	0.88391	1.1632	361.27	2.0175	28.038	0.041630	supercritical
560.00	11.000	107.75	0.0092806	628.69	730.77	2.4101	0.88468	1.1631	361.89	2.0027	28.095	0.041747	supercritical
561.67	11.000	107.35	0.0093152	630.25	732.71	2.4135	0.88545	1.1630	362.51	1.9880	28.152	0.041865	supercritical
563.33	11.000	106.96	0.0093496	631.81	734.65	2.4170	0.88621	1.1629	363.13	1.9735	28.210	0.041983	supercritical
565.00	11.000	106.56	0.0093841	633.36	736.59	2.4204	0.88698	1.1629	363.75	1.9591	28.267	0.042100	supercritical
566.67	11.000	106.17	0.0094185	634.92	738.53	2.4239	0.88775	1.1628	364.37	1.9448	28.324	0.042218	supercritical
568.33	11.000	105.79	0.0094528	636.49	740.47	2.4273	0.88852	1.1628	364.98	1.9307	28.381	0.042336	supercritical
570.00	11.000	105.41	0.0094871	638.05	742.40	2.4307	0.88929	1.1628	365.59	1.9166	28.438	0.042454	supercritical
571.67	11.000	105.03	0.0095213	639.61	744.34	2.4341	0.89006	1.1628	366.20	1.9028	28.496	0.042573	supercritical
573.33	11.000	104.65	0.0095555	641.17	746.28	2.4375	0.89083	1.1628	366.81	1.8890	28.553	0.042691	supercritical
575.00	11.000	104.28	0.0095896	642.73	748.22	2.4408	0.89160	1.1628	367.41	1.8754	28.610	0.042809	supercritical
576.67	11.000	103.91	0.0096237	644.29	750.16	2.4442	0.89237	1.1628	368.02	1.8619	28.667	0.042928	supercritical
578.33	11.000	103.54	0.0096578	645.86	752.09	2.4475	0.89314	1.1629	368.62	1.8485	28.724	0.043047	supercritical
580.00	11.000	103.18	0.0096918	647.42	754.03	2.4509	0.89391	1.1629	369.22	1.8352	28.781	0.043165	supercritical
581.67	11.000	102.82	0.0097257	648.99	755.97	2.4542	0.89468	1.1630	369.82	1.8221	28.838	0.043284	supercritical
583.33	11.000	102.46	0.0097596	650.55	757.91	2.4576	0.89545	1.1630	370.42	1.8091	28.895	0.043403	supercritical
585.00	11.000	102.11	0.0097935	652.12	759.85	2.4609	0.89622	1.1631	371.01	1.7962	28.952	0.043523	supercritical
586.67	11.000	101.76	0.0098274	653.68	761.79	2.4642	0.89699	1.1632	371.60	1.7834	29.009	0.043642	supercritical
588.33	11.000	101.41	0.0098611	655.25	763.72	2.4675	0.89775	1.1633	372.19	1.7707	29.066	0.043761	supercritical
590.00	11.000	101.06	0.0098949	656.82	765.66	2.4708	0.89852	1.1634	372.78	1.7581	29.122	0.043880	supercritical
591.67	11.000	100.72	0.0099286	658.39	767.60	2.4741	0.89929	1.1635	373.37	1.7457	29.179	0.044000	supercritical
593.33	11.000	100.38	0.0099623	659.96	769.54	2.4773	0.90006	1.1637	373.96	1.7333	29.236	0.044119	supercritical
595.00	11.000	100.04	0.0099959	661.53	771.48	2.4806	0.90083	1.1638	374.54	1.7211	29.293	0.044239	supercritical
596.67	11.000	99.706	0.010029	663.10	773.42	2.4839	0.90159	1.1639	375.13	1.7090	29.350	0.044359	supercritical
598.33	11.000	99.373	0.010063	664.67	775.36	2.4871	0.90236	1.1641	375.71	1.6969	29.406	0.044479	supercritical
600.00	11.000	99.044	0.010097	666.24	777.30	2.4903	0.90313	1.1642	376.29	1.6850	29.463	0.044599	supercritical
601.67	11.000	98.716	0.010130	667.81	779.24	2.4936	0.90389	1.1644	376.86	1.6732	29.520	0.044718	supercritical
603.33	11.000	98.392	0.010163	669.38	781.18	2.4968	0.90466	1.1646	377.44	1.6615	29.576	0.044839	supercritical
605.00	11.000	98.069	0.010197	670.96	783.12	2.5000	0.90542	1.1647	378.01	1.6499	29.633	0.044959	supercritical
606.67	11.000	97.749	0.010230	672.53	785.06	2.5032	0.90618	1.1649	378.59	1.6384	29.689	0.045079	supercritical
608.33	11.000	97.432	0.010264	674.11	787.01	2.5064	0.90695	1.1651	379.16	1.6269	29.746	0.045199	supercritical
610.00	11.000	97.117	0.010297	675.68	788.95	2.5096	0.90771	1.1653	379.73	1.6156	29.802	0.045319	supercritical
611.67	11.000	96.804	0.010330	677.26	790.89	2.5128	0.90847	1.1655	380.30	1.6044	29.859	0.045440	supercritical
613.33	11.000	96.494	0.010363	678.84	792.83	2.5159	0.90923	1.1657	380.86	1.5933	29.915	0.045560	supercritical
615.00	11.000	96.186	0.010397	680.41	794.78	2.5191	0.90999	1.1660	381.43	1.5822	29.971	0.045680	supercritical
616.67	11.000	95.880	0.010430	681.99	796.72	2.5223	0.91075	1.1662	381.99	1.5713	30.028	0.045801	supercritical
618.33	11.000	95.576	0.010463	683.57	798.66	2.5254	0.91151	1.1664	382.56	1.5605	30.084	0.045922	supercritical
620.00	11.000	95.275	0.010496	685.15	800.61	2.5285	0.91227	1.1667	383.12	1.5497	30.140	0.046042	supercritical
621.67	11.000	94.976	0.010529	686.73	802.55	2.5317	0.91302	1.1669	383.68	1.5390	30.197	0.046163	supercritical
623.33	11.000	94.679	0.010562	688.32	804.50	2.5348	0.91378	1.1671	384.23	1.5284	30.253	0.046284	supercritical
625.00	11.000	94.384	0.010595	689.90	806.44	2.5379	0.91454	1.1674	384.79	1.5180	30.309	0.046404	supercritical
626.67	11.000	94.091	0.010628	691.48	808.39	2.5410	0.91529	1.1677	385.35	1.5075	30.365	0.046525	supercritical
628.33	11.000	93.801	0.010661	693.07	810.34	2.5441	0.91604	1.1679	385.90	1.4972	30.421	0.046646	supercritical
630.00	11.000	93.512	0.010694	694.65	812.28	2.5472	0.91679	1.1682	386.45	1.4870	30.477	0.046767	supercritical
631.67	11.000	93.226	0.010727	696.24	814.23	2.5503	0.91755	1.1685	387.00	1.4768	30.533	0.046888	supercritical
633.33	11.000	92.941	0.010760	697.82	816.18	2.5534	0.91830	1.1687	387.55	1.4668	30.589	0.047009	supercritical
635.00	11.000	92.658	0.010792	699.41	818.13	2.5565	0.91905	1.1690	388.10	1.4568	30.645	0.047130	supercritical
636.67	11.000	92.378	0.010825	701.00	820.07	2.5595	0.91979	1.1693	388.65	1.4469	30.701	0.047251	supercritical
638.33	11.000	92.099	0.010858	702.59	822.02	2.5626	0.92054	1.1696	389.19	1.4370	30.757	0.047372	supercritical
640.00	11.000	91.823	0.010891	704.18	823.97	2.5656	0.92129	1.1699	389.74	1.4273	30.812	0.047493	supercritical
641.67	11.000	91.548	0.010923	705.77	825.92	2.5687	0.92203	1.1702	390.28	1.4176	30.868	0.047614	supercritical
643.33	11.000	91.275	0.010956	707.36	827.87	2.5717	0.92278	1.1705	390.82	1.4080	30.924	0.047735	supercritical
645.00	11.000	91.004	0.010989	708.95	829.82	2.5747	0.92352	1.1708	391.36	1.3985	30.980	0.047856	supercritical
646.67	11.000	90.734	0.011021	710.54	831.78	2.5778	0.92426	1.1711	391.90	1.3891	31.035	0.047977	supercritical
648.33	11.000	90.467	0.011054	712.14	833.73	2.5808	0.92500	1.1714	392.44	1.3797	31.091	0.048098	supercritical
650.00	11.000	90.201	0.011086	713.73	835.68	2.5838	0.92574	1.1718	392.97	1.3704	31.146	0.048220	supercritical
651.67	11.000	89.937	0.011119	715.33	837.63	2.5868	0.92648	1.1721	393.51	1.3612	31.202	0.048341	supercritical
653.33	11.000	89.675	0.011151	716.92	839.59	2.5898	0.92721	1.1724	394.04	1.3521	31.257	0.048462	supercritical
655.00	11.000	89.415	0.011184	718.52	841.54	2.5928	0.92795	1.1727	394.58	1.3430	31.313	0.048583	supercritical
656.67	11.000	89.156	0.011216	720.12	843.50	2.5958	0.92868	1.1731	395.11	1.3340	31.368	0.048705	supercritical
658.33	11.000	88.899	0.011249	721.72	845.45	2.5987	0.92942	1.1734	395.64	1.3250	31.424	0.048826	supercritical
660.00	11.000	88.644	0.011281	723.32	847.41	2.6017	0.93015	1.1737	396.17	1.3162	31.479	0.048947	supercritical
661.67	11.000	88.390	0.011314	724.92	849.36	2.6047	0.93088	1.1741	396.70	1.3074	31.534	0.049069	supercritical
663.33	11.000	88.138	0.011346	726.52	851.32	2.6076	0.93161	1.1744	397.22	1.2987	31.589	0.049190	supercritical
665.00	11.000	87.888	0.011378	728.12	853.28	2.6106	0.93234	1.1748	397.75	1.2900	31.645	0.049311	supercritical
666.67	11.000	87.639	0.011410	729.72	855.24	2.6135	0.93306	1.1751	398.27	1.2814	31.700	0.049433	supercritical
668.33	11.000	87.392	0.011443	731.33	857.20	2.6164	0.93379	1.1755	398.80	1.2729	31.755	0.049554	supercritical
670.00	11.000	87.146	0.011475	732.93	859.16	2.6194	0.93451	1.1758	399.32	1.2644	31.810	0.049675	supercritical
671.67	11.000	86.902	0.011507	734.54	861.12	2.6223	0.93524	1.1762	399.84	1.2560	31.865	0.049797	supercritical
673.33	11.000	86.659	0.011539	736.14	863.08	2.6252	0.93596	1.1766	400.36	1.2477	31.920	0.049918	supercritical
675.00	11.000	86.418	0.011572	737.75	865.04	2.6281	0.93668	1.1769	400.88	1.2394	31.975	0.050039	supercritical
676.67	11.000	86.179	0.011604	739.36	867.00	2.6310	0.93740	1.1773	401.40	1.2312	32.030	0.050161	supercritical
678.33	11.000	85.941	0.011636	740.97	868.96	2.6339	0.93811	1.1777	401.91	1.2230	32.084	0.050282	supercritical
680.00	11.000	85.704	0.011668	742.58	870.93	2.6368	0.93883	1.1780	402.43	1.2149	32.139	0.050403	supercritical
681.67	11.000	85.469	0.011700	744.19	872.89	2.6397	0.93955	1.1784	402.94	1.2069	32.194	0.050525	supercritical
683.33	11.000	85.235	0.011732	745.80	874.85	2.6426	0.94026	1.1788	403.46	1.1989	32.249	0.050646	supercritical
685.00	11.000	85.003	0.011764	747.41	876.82	2.6454	0.94097	1.1792	403.97	1.1910	32.303	0.050768	supercritical
686.67	11.000	84.772	0.011796	749.02	878.78	2.6483	0.94168	1.1796	404.48	1.1832	32.358	0.050889	supercritical
688.33	11.000	84.543	0.011828	750.64	880.75	2.6512	0.94239	1.1799	404.99	1.1754	32.413	0.051010	supercritical
690.00	11.000	84.315	0.011860	752.25	882.72	2.6540	0.94310	1.1803	405.50	1.1676	32.467	0.051132	supercritical
691.67	11.000	84.088	0.011892	753.87	884.68	2.6569	0.94381	1.1807	406.01	1.1600	32.522	0.051253	supercritical
693.33	11.000	83.863	0.011924	755.49	886.65	2.6597	0.94451	1.1811	406.51	1.1523	32.576	0.051374	supercritical
695.00	11.000	83.639	0.011956	757.10	888.62	2.6625	0.94521	1.1815	407.02	1.1448	32.630	0.051496	supercritical
696.67	11.000	83.416	0.011988	758.72	890.59	2.6654	0.94592	1.1819	407.52	1.1373	32.685	0.051617	supercritical
698.33	11.000	83.195	0.012020	760.34	892.56	2.6682	0.94662	1.1823	408.03	1.1298	32.739	0.051738	supercritical
700.00	11.000	82.975	0.012052	761.96	894.53	2.6710	0.94732	1.1827	408.53	1.1224	32.793	0.051859	supercritical
701.67	11.000	82.756	0.012084	763.58	896.50	2.6738	0.94801	1.1831	409.03	1.1150	32.848	0.051981	supercritical
703.33	11.000	82.539	0.012115	765.21	898.48	2.6766	0.94871	1.1835	409.53	1.1077	32.902	0.052102	supercritical
705.00	11.000	82.323	0.012147	766.83	900.45	2.6794	0.94940	1.1839	410.03	1.1005	32.956	0.052223	supercritical
706.67	11.000	82.108	0.012179	768.45	902.42	2.6822	0.95010	1.1843	410.53	1.0933	33.010	0.052344	supercritical
708.33	11.000	81.894	0.012211	770.08	904.40	2.6850	0.95079	1.1847	411.03	1.0861	33.064	0.052466	supercritical
710.00	11.000	81.682	0.012243	771.70	906.37	2.6878	0.95148	1.1851	411.53	1.0790	33.118	0.052587	supercritical
711.67	11.000	81.471	0.012274	773.33	908.35	2.6906	0.95217	1.1855	412.02	1.0720	33.172	0.052708	supercritical
713.33	11.000	81.261	0.012306	774.96	910.32	2.6934	0.95286	1.1859	412.52	1.0650	33.226	0.052829	supercritical
715.00	11.000	81.052	0.012338	776.58	912.30	2.6961	0.95354	1.1863	413.01	1.0581	33.280	0.052950	supercritical
716.67	11.000	80.845	0.012369	778.21	914.28	2.6989	0.95423	1.1867	413.51	1.0512	33.334	0.053071	supercritical
718.33	11.000	80.638	0.012401	779.84	916.26	2.7016	0.95491	1.1871	414.00	1.0443	33.387	0.053192	supercritical
720.00	11.000	80.433	0.012433	781.47	918.23	2.7044	0.95559	1.1875	414.49	1.0375	33.441	0.053313	supercritical
721.67	11.000	80.229	0.012464	783.11	920.21	2.7071	0.95627	1.1880	414.98	1.0308	33.495	0.053434	supercritical
723.33	11.000	80.026	0.012496	784.74	922.19	2.7099	0.95695	1.1884	415.47	1.0240	33.549	0.053555	supercritical
725.00	11.000	79.824	0.012528	786.37	924.17	2.7126	0.95763	1.1888	415.96	1.0174	33.602	0.053676	supercritical
726.67	11.000	79.624	0.012559	788.01	926.16	2.7154	0.95830	1.1892	416.45	1.0108	33.656	0.053797	supercritical
728.33	11.000	79.424	0.012591	789.64	928.14	2.7181	0.95898	1.1896	416.93	1.0042	33.709	0.053918	supercritical
730.00	11.000	79.226	0.012622	791.28	930.12	2.7208	0.95965	1.1900	417.42	0.99767	33.763	0.054039	supercritical
731.67	11.000	79.028	0.012654	792.92	932.11	2.7235	0.96032	1.1905	417.91	0.99119	33.816	0.054160	supercritical
733.33	11.000	78.832	0.012685	794.55	934.09	2.7262	0.96099	1.1909	418.39	0.98476	33.870	0.054281	supercritical
735.00	11.000	78.637	0.012717	796.19	936.08	2.7289	0.96166	1.1913	418.87	0.97836	33.923	0.054402	supercritical
736.67	11.000	78.443	0.012748	797.83	938.06	2.7316	0.96232	1.1917	419.36	0.97201	33.976	0.054523	supercritical
738.33	11.000	78.250	0.012780	799.47	940.05	2.7343	0.96299	1.1921	419.84	0.96571	34.030	0.054643	supercritical
740.00	11.000	78.058	0.012811	801.11	942.03	2.7370	0.96365	1.1926	420.32	0.95944	34.083	0.054764	supercritical
741.67	11.000	77.867	0.012842	802.76	944.02	2.7397	0.96431	1.1930	420.80	0.95322	34.136	0.054885	supercritical
743.33	11.000	77.677	0.012874	804.40	946.01	2.7424	0.96497	1.1934	421.28	0.94704	34.189	0.055006	supercritical
745.00	11.000	77.488	0.012905	806.04	948.00	2.7450	0.96563	1.1938	421.76	0.94090	34.242	0.055126	supercritical
746.67	11.000	77.300	0.012937	807.69	949.99	2.7477	0.96629	1.1943	422.23	0.93480	34.295	0.055247	supercritical
748.33	11.000	77.113	0.012968	809.33	951.98	2.7504	0.96694	1.1947	422.71	0.92874	34.348	0.055367	supercritical
750.00	11.000	76.927	0.012999	810.98	953.97	2.7530	0.96760	1.1951	423.19	0.92272	34.401	0.055488	supercritical
751.67	11.000	76.742	0.013031	812.63	955.97	2.7557	0.96825	1.1955	423.66	0.91675	34.454	0.055608	supercritical
753.33	11.000	76.558	0.013062	814.28	957.96	2.7583	0.96890	1.1960	424.14	0.91081	34.507	0.055729	supercritical
755.00	11.000	76.375	0.013093	815.93	959.95	2.7610	0.96955	1.1964	424.61	0.90491	34.560	0.055849	supercritical
756.67	11.000	76.193	0.013125	817.58	961.95	2.7636	0.97020	1.1968	425.08	0.89904	34.613	0.055970	supercritical
758.33	11.000	76.012	0.013156	819.23	963.94	2.7662	0.97084	1.1973	425.55	0.89322	34.665	0.056090	supercritical
760.00	11.000	75.832	0.013187	820.88	965.94	2.7689	0.97149	1.1977	426.02	0.88744	34.718	0.056211	supercritical
761.67	11.000	75.652	0.013218	822.53	967.93	2.7715	0.97213	1.1981	426.49	0.88169	34.771	0.056331	supercritical
763.33	11.000	75.474	0.013250	824.19	969.93	2.7741	0.97277	1.1985	426.96	0.87598	34.823	0.056451	supercritical
765.00	11.000	75.297	0.013281	825.84	971.93	2.7767	0.97341	1.1990	427.43	0.87030	34.876	0.056571	supercritical
766.67	11.000	75.120	0.013312	827.50	973.93	2.7793	0.97405	1.1994	427.90	0.86467	34.929	0.056692	supercritical
768.33	11.000	74.945	0.013343	829.15	975.93	2.7819	0.97469	1.1998	428.37	0.85907	34.981	0.056812	supercritical
770.00	11.000	74.770	0.013374	830.81	977.93	2.7845	0.97532	1.2003	428.83	0.85350	35.034	0.056932	supercritical
771.67	11.000	74.596	0.013406	832.47	979.93	2.7871	0.97596	1.2007	429.30	0.84797	35.086	0.057052	supercritical
773.33	11.000	74.423	0.013437	834.13	981.93	2.7897	0.97659	1.2011	429.77	0.84248	35.138	0.057172	supercritical
775.00	11.000	74.251	0.013468	835.79	983.93	2.7923	0.97722	1.2016	430.23	0.83702	35.191	0.057292	supercritical
776.67	11.000	74.080	0.013499	837.45	985.93	2.7949	0.97785	1.2020	430.69	0.83159	35.243	0.057412	supercritical
778.33	11.000	73.910	0.013530	839.11	987.94	2.7975	0.97848	1.2024	431.16	0.82620	35.295	0.057532	supercritical
780.00	11.000	73.740	0.013561	840.77	989.94	2.8001	0.97910	1.2029	431.62	0.82084	35.347	0.057652	supercritical
781.67	11.000	73.572	0.013592	842.43	991.95	2.8026	0.97973	1.2033	432.08	0.81552	35.399	0.057772	supercritical
783.33	11.000	73.404	0.013623	844.10	993.95	2.8052	0.98035	1.2037	432.54	0.81023	35.452	0.057891	supercritical
785.00	11.000	73.237	0.013654	845.76	995.96	2.8077	0.98097	1.2041	433.00	0.80497	35.504	0.058011	supercritical
786.67	11.000	73.071	0.013685	847.43	997.97	2.8103	0.98159	1.2046	433.46	0.79975	35.556	0.058131	supercritical
788.33	11.000	72.906	0.013716	849.10	999.98	2.8128	0.98221	1.2050	433.92	0.79456	35.608	0.058250	supercritical
790.00	11.000	72.741	0.013747	850.76	1002.0	2.8154	0.98282	1.2054	434.37	0.78940	35.660	0.058370	supercritical
791.67	11.000	72.577	0.013778	852.43	1004.0	2.8179	0.98344	1.2059	434.83	0.78427	35.711	0.058490	supercritical
793.33	11.000	72.414	0.013809	854.10	1006.0	2.8205	0.98405	1.2063	435.29	0.77918	35.763	0.058609	supercritical
795.00	11.000	72.252	0.013840	855.77	1008.0	2.8230	0.98466	1.2067	435.74	0.77411	35.815	0.058729	supercritical
796.67	11.000	72.091	0.013871	857.44	1010.0	2.8255	0.98528	1.2072	436.20	0.76908	35.867	0.058848	supercritical
798.33	11.000	71.931	0.013902	859.11	1012.0	2.8281	0.98588	1.2076	436.65	0.76408	35.919	0.058967	supercritical
800.00	11.000	71.771	0.013933	860.79	1014.1	2.8306	0.98649	1.2080	437.10	0.75911	35.970	0.059087	supercritical
801.67	11.000	71.612	0.013964	862.46	1016.1	2.8331	0.98710	1.2085	437.56	0.75416	36.022	0.059206	supercritical
803.33	11.000	71.454	0.013995	864.13	1018.1	2.8356	0.98770	1.2089	438.01	0.74925	36.074	0.059325	supercritical
805.00	11.000	71.296	0.014026	865.81	1020.1	2.8381	0.98830	1.2093	438.46	0.74437	36.125	0.059445	supercritical
806.67	11.000	71.139	0.014057	867.48	1022.1	2.8406	0.98891	1.2098	438.91	0.73952	36.177	0.059564	supercritical
808.33	11.000	70.983	0.014088	869.16	1024.1	2.8431	0.98951	1.2102	439.36	0.73469	36.228	0.059683	supercritical
810.00	11.000	70.828	0.014119	870.84	1026.1	2.8456	0.99010	1.2106	439.81	0.72990	36.280	0.059802	supercritical
811.67	11.000	70.674	0.014150	872.52	1028.2	2.8481	0.99070	1.2111	440.26	0.72514	36.331	0.059921	supercritical
813.33	11.000	70.520	0.014180	874.20	1030.2	2.8506	0.99130	1.2115	440.71	0.72040	36.382	0.060040	supercritical
815.00	11.000	70.367	0.014211	875.88	1032.2	2.8530	0.99189	1.2119	441.15	0.71569	36.434	0.060159	supercritical
816.67	11.000	70.215	0.014242	877.56	1034.2	2.8555	0.99248	1.2123	441.60	0.71101	36.485	0.060278	supercritical
818.33	11.000	70.063	0.014273	879.24	1036.2	2.8580	0.99307	1.2128	442.05	0.70636	36.536	0.060396	supercritical
820.00	11.000	69.912	0.014304	880.92	1038.3	2.8605	0.99366	1.2132	442.49	0.70173	36.587	0.060515	supercritical
821.67	11.000	69.762	0.014334	882.61	1040.3	2.8629	0.99425	1.2136	442.94	0.69713	36.639	0.060634	supercritical
823.33	11.000	69.612	0.014365	884.29	1042.3	2.8654	0.99483	1.2141	443.38	0.69256	36.690	0.060753	supercritical
825.00	11.000	69.464	0.014396	885.98	1044.3	2.8678	0.99542	1.2145	443.83	0.68802	36.741	0.060871	supercritical
826.67	11.000	69.315	0.014427	887.66	1046.4	2.8703	0.99600	1.2149	444.27	0.68350	36.792	0.060990	supercritical
828.33	11.000	69.168	0.014458	889.35	1048.4	2.8727	0.99658	1.2153	444.71	0.67901	36.843	0.061108	supercritical
830.00	11.000	69.021	0.014488	891.04	1050.4	2.8752	0.99716	1.2158	445.15	0.67454	36.894	0.061227	supercritical
831.67	11.000	68.875	0.014519	892.73	1052.4	2.8776	0.99774	1.2162	445.59	0.67011	36.945	0.061345	supercritical
833.33	11.000	68.730	0.014550	894.42	1054.5	2.8801	0.99832	1.2166	446.03	0.66569	36.996	0.061463	supercritical
835.00	11.000	68.585	0.014580	896.11	1056.5	2.8825	0.99889	1.2171	446.47	0.66130	37.046	0.061582	supercritical
836.67	11.000	68.441	0.014611	897.80	1058.5	2.8849	0.99947	1.2175	446.91	0.65694	37.097	0.061700	supercritical
838.33	11.000	68.297	0.014642	899.49	1060.5	2.8873	1.0000	1.2179	447.35	0.65261	37.148	0.061818	supercritical
840.00	11.000	68.154	0.014673	901.18	1062.6	2.8898	1.0006	1.2183	447.79	0.64829	37.199	0.061936	supercritical
841.67	11.000	68.012	0.014703	902.87	1064.6	2.8922	1.0012	1.2188	448.23	0.64401	37.249	0.062054	supercritical
843.33	11.000	67.871	0.014734	904.57	1066.6	2.8946	1.0017	1.2192	448.66	0.63974	37.300	0.062172	supercritical
845.00	11.000	67.730	0.014765	906.26	1068.7	2.8970	1.0023	1.2196	449.10	0.63550	37.351	0.062290	supercritical
846.67	11.000	67.589	0.014795	907.96	1070.7	2.8994	1.0029	1.2200	449.53	0.63129	37.401	0.062408	supercritical
848.33	11.000	67.450	0.014826	909.66	1072.7	2.9018	1.0034	1.2205	449.97	0.62710	37.452	0.062526	supercritical
850.00	11.000	67.311	0.014856	911.35	1074.8	2.9042	1.0040	1.2209	450.40	0.62293	37.502	0.062644	supercritical
851.67	11.000	67.172	0.014887	913.05	1076.8	2.9066	1.0046	1.2213	450.84	0.61879	37.552	0.062762	supercritical
853.33	11.000	67.035	0.014918	914.75	1078.8	2.9090	1.0051	1.2217	451.27	0.61467	37.603	0.062880	supercritical
855.00	11.000	66.897	0.014948	916.45	1080.9	2.9114	1.0057	1.2221	451.70	0.61057	37.653	0.062997	supercritical
856.67	11.000	66.761	0.014979	918.15	1082.9	2.9137	1.0062	1.2226	452.14	0.60650	37.704	0.063115	supercritical
858.33	11.000	66.625	0.015009	919.85	1085.0	2.9161	1.0068	1.2230	452.57	0.60244	37.754	0.063232	supercritical
860.00	11.000	66.489	0.015040	921.56	1087.0	2.9185	1.0073	1.2234	453.00	0.59842	37.804	0.063350	supercritical
861.67	11.000	66.354	0.015071	923.26	1089.0	2.9209	1.0079	1.2238	453.43	0.59441	37.854	0.063467	supercritical
863.33	11.000	66.220	0.015101	924.96	1091.1	2.9232	1.0084	1.2242	453.86	0.59042	37.904	0.063585	supercritical
865.00	11.000	66.086	0.015132	926.67	1093.1	2.9256	1.0090	1.2247	454.29	0.58646	37.955	0.063702	supercritical
866.67	11.000	65.953	0.015162	928.37	1095.2	2.9279	1.0095	1.2251	454.72	0.58252	38.005	0.063819	supercritical
868.33	11.000	65.821	0.015193	930.08	1097.2	2.9303	1.0101	1.2255	455.14	0.57860	38.055	0.063936	supercritical
870.00	11.000	65.689	0.015223	931.79	1099.2	2.9326	1.0106	1.2259	455.57	0.57471	38.105	0.064054	supercritical
871.67	11.000	65.558	0.015254	933.50	1101.3	2.9350	1.0112	1.2263	456.00	0.57083	38.155	0.064171	supercritical
873.33	11.000	65.427	0.015284	935.20	1103.3	2.9373	1.0117	1.2267	456.43	0.56698	38.205	0.064288	supercritical
875.00	11.000	65.296	0.015315	936.91	1105.4	2.9397	1.0123	1.2272	456.85	0.56314	38.254	0.064405	supercritical
876.67	11.000	65.167	0.015345	938.62	1107.4	2.9420	1.0128	1.2276	457.28	0.55933	38.304	0.064522	supercritical
878.33	11.000	65.038	0.015376	940.34	1109.5	2.9443	1.0133	1.2280	457.70	0.55554	38.354	0.064639	supercritical
880.00	11.000	64.909	0.015406	942.05	1111.5	2.9467	1.0139	1.2284	458.13	0.55177	38.404	0.064755	supercritical
881.67	11.000	64.781	0.015437	943.76	1113.6	2.9490	1.0144	1.2288	458.55	0.54802	38.454	0.064872	supercritical
883.33	11.000	64.653	0.015467	945.47	1115.6	2.9513	1.0149	1.2292	458.97	0.54429	38.503	0.064989	supercritical
885.00	11.000	64.526	0.015498	947.19	1117.7	2.9536	1.0155	1.2296	459.40	0.54057	38.553	0.065105	supercritical
886.67	11.000	64.400	0.015528	948.90	1119.7	2.9559	1.0160	1.2301	459.82	0.53688	38.603	0.065222	supercritical
888.33	11.000	64.274	0.015558	950.62	1121.8	2.9583	1.0165	1.2305	460.24	0.53321	38.652	0.065339	supercritical
890.00	11.000	64.149	0.015589	952.33	1123.8	2.9606	1.0170	1.2309	460.66	0.52956	38.702	0.065455	supercritical
891.67	11.000	64.024	0.015619	954.05	1125.9	2.9629	1.0176	1.2313	461.08	0.52593	38.751	0.065571	supercritical
893.33	11.000	63.899	0.015650	955.77	1127.9	2.9652	1.0181	1.2317	461.50	0.52232	38.801	0.065688	supercritical
895.00	11.000	63.775	0.015680	957.49	1130.0	2.9675	1.0186	1.2321	461.92	0.51872	38.850	0.065804	supercritical
896.67	11.000	63.652	0.015710	959.21	1132.0	2.9698	1.0191	1.2325	462.34	0.51515	38.900	0.065920	supercritical
898.33	11.000	63.529	0.015741	960.93	1134.1	2.9720	1.0197	1.2329	462.76	0.51159	38.949	0.066036	supercritical
900.00	11.000	63.407	0.015771	962.65	1136.1	2.9743	1.0202	1.2333	463.18	0.50805	38.998	0.066153	supercritical
901.67	11.000	63.285	0.015802	964.37	1138.2	2.9766	1.0207	1.2337	463.59	0.50454	39.048	0.066269	supercritical
903.33	11.000	63.164	0.015832	966.09	1140.2	2.9789	1.0212	1.2341	464.01	0.50104	39.097	0.066385	supercritical
905.00	11.000	63.043	0.015862	967.82	1142.3	2.9812	1.0217	1.2345	464.43	0.49755	39.146	0.066500	supercritical
906.67	11.000	62.923	0.015893	969.54	1144.4	2.9834	1.0222	1.2349	464.84	0.49409	39.195	0.066616	supercritical
908.33	11.000	62.803	0.015923	971.27	1146.4	2.9857	1.0227	1.2353	465.26	0.49065	39.244	0.066732	supercritical
910.00	11.000	62.683	0.015953	972.99	1148.5	2.9880	1.0233	1.2358	465.67	0.48722	39.294	0.066848	supercritical
911.67	11.000	62.564	0.015984	974.72	1150.5	2.9902	1.0238	1.2362	466.09	0.48381	39.343	0.066964	supercritical
913.33	11.000	62.446	0.016014	976.45	1152.6	2.9925	1.0243	1.2366	466.50	0.48042	39.392	0.067079	supercritical
915.00	11.000	62.328	0.016044	978.17	1154.7	2.9947	1.0248	1.2370	466.92	0.47704	39.441	0.067195	supercritical
916.67	11.000	62.211	0.016074	979.90	1156.7	2.9970	1.0253	1.2374	467.33	0.47368	39.490	0.067310	supercritical
918.33	11.000	62.094	0.016105	981.63	1158.8	2.9992	1.0258	1.2378	467.74	0.47034	39.539	0.067426	supercritical
920.00	11.000	61.977	0.016135	983.36	1160.8	3.0015	1.0263	1.2382	468.15	0.46702	39.587	0.067541	supercritical
921.67	11.000	61.861	0.016165	985.09	1162.9	3.0037	1.0268	1.2385	468.56	0.46371	39.636	0.067656	supercritical
923.33	11.000	61.745	0.016196	986.82	1165.0	3.0060	1.0273	1.2389	468.98	0.46042	39.685	0.067772	supercritical
925.00	11.000	61.630	0.016226	988.56	1167.0	3.0082	1.0278	1.2393	469.39	0.45715	39.734	0.067887	supercritical
926.67	11.000	61.516	0.016256	990.29	1169.1	3.0104	1.0283	1.2397	469.80	0.45390	39.783	0.068002	supercritical
928.33	11.000	61.401	0.016286	992.02	1171.2	3.0127	1.0288	1.2401	470.21	0.45066	39.831	0.068117	supercritical
930.00	11.000	61.287	0.016317	993.76	1173.2	3.0149	1.0293	1.2405	470.61	0.44743	39.880	0.068232	supercritical
931.67	11.000	61.174	0.016347	995.49	1175.3	3.0171	1.0298	1.2409	471.02	0.44423	39.929	0.068347	supercritical
933.33	11.000	61.061	0.016377	997.23	1177.4	3.0193	1.0302	1.2413	471.43	0.44104	39.977	0.068462	supercritical
935.00	11.000	60.949	0.016407	998.97	1179.4	3.0215	1.0307	1.2417	471.84	0.43786	40.026	0.068577	supercritical
936.67	11.000	60.837	0.016437	1000.7	1181.5	3.0238	1.0312	1.2421	472.25	0.43470	40.074	0.068692	supercritical
938.33	11.000	60.725	0.016468	1002.4	1183.6	3.0260	1.0317	1.2425	472.65	0.43156	40.123	0.068806	supercritical
940.00	11.000	60.614	0.016498	1004.2	1185.7	3.0282	1.0322	1.2429	473.06	0.42843	40.171	0.068921	supercritical
941.67	11.000	60.503	0.016528	1005.9	1187.7	3.0304	1.0327	1.2433	473.47	0.42532	40.220	0.069036	supercritical
943.33	11.000	60.393	0.016558	1007.7	1189.8	3.0326	1.0332	1.2437	473.87	0.42222	40.268	0.069150	supercritical
945.00	11.000	60.283	0.016588	1009.4	1191.9	3.0348	1.0336	1.2440	474.28	0.41914	40.316	0.069265	supercritical
946.67	11.000	60.174	0.016619	1011.1	1193.9	3.0370	1.0341	1.2444	474.68	0.41608	40.365	0.069379	supercritical
948.33	11.000	60.065	0.016649	1012.9	1196.0	3.0392	1.0346	1.2448	475.08	0.41302	40.413	0.069493	supercritical
950.00	11.000	59.956	0.016679	1014.6	1198.1	3.0413	1.0351	1.2452	475.49	0.40999	40.461	0.069608	supercritical
951.67	11.000	59.848	0.016709	1016.4	1200.2	3.0435	1.0356	1.2456	475.89	0.40697	40.510	0.069722	supercritical
953.33	11.000	59.740	0.016739	1018.1	1202.3	3.0457	1.0360	1.2460	476.29	0.40396	40.558	0.069836	supercritical
955.00	11.000	59.633	0.016769	1019.9	1204.3	3.0479	1.0365	1.2464	476.70	0.40097	40.606	0.069950	supercritical
956.67	11.000	59.526	0.016799	1021.6	1206.4	3.0500	1.0370	1.2467	477.10	0.39799	40.654	0.070064	supercritical
958.33	11.000	59.419	0.016830	1023.4	1208.5	3.0522	1.0374	1.2471	477.50	0.39503	40.702	0.070178	supercritical
960.00	11.000	59.313	0.016860	1025.1	1210.6	3.0544	1.0379	1.2475	477.90	0.39208	40.750	0.070292	supercritical
961.67	11.000	59.207	0.016890	1026.9	1212.6	3.0566	1.0384	1.2479	478.30	0.38915	40.798	0.070406	supercritical
963.33	11.000	59.102	0.016920	1028.6	1214.7	3.0587	1.0389	1.2483	478.70	0.38623	40.846	0.070519	supercritical
965.00	11.000	58.997	0.016950	1030.4	1216.8	3.0609	1.0393	1.2486	479.10	0.38332	40.894	0.070633	supercritical
966.67	11.000	58.892	0.016980	1032.1	1218.9	3.0630	1.0398	1.2490	479.50	0.38043	40.942	0.070747	supercritical
968.33	11.000	58.788	0.017010	1033.9	1221.0	3.0652	1.0402	1.2494	479.90	0.37755	40.990	0.070860	supercritical
970.00	11.000	58.684	0.017040	1035.6	1223.0	3.0673	1.0407	1.2498	480.30	0.37469	41.038	0.070974	supercritical
971.67	11.000	58.581	0.017070	1037.4	1225.1	3.0695	1.0412	1.2502	480.70	0.37184	41.085	0.071087	supercritical
973.33	11.000	58.478	0.017100	1039.1	1227.2	3.0716	1.0416	1.2505	481.09	0.36900	41.133	0.071201	supercritical
975.00	11.000	58.375	0.017131	1040.9	1229.3	3.0738	1.0421	1.2509	481.49	0.36618	41.181	0.071314	supercritical
976.67	11.000	58.273	0.017161	1042.6	1231.4	3.0759	1.0425	1.2513	481.89	0.36337	41.229	0.071427	supercritical
978.33	11.000	58.171	0.017191	1044.4	1233.5	3.0780	1.0430	1.2517	482.28	0.36057	41.276	0.071541	supercritical
980.00	11.000	58.070	0.017221	1046.1	1235.6	3.0802	1.0435	1.2520	482.68	0.35779	41.324	0.071654	supercritical
981.67	11.000	57.968	0.017251	1047.9	1237.6	3.0823	1.0439	1.2524	483.07	0.35502	41.372	0.071767	supercritical
983.33	11.000	57.868	0.017281	1049.6	1239.7	3.0844	1.0444	1.2528	483.47	0.35226	41.419	0.071880	supercritical
985.00	11.000	57.767	0.017311	1051.4	1241.8	3.0865	1.0448	1.2531	483.86	0.34952	41.467	0.071993	supercritical
986.67	11.000	57.667	0.017341	1053.2	1243.9	3.0886	1.0453	1.2535	484.26	0.34679	41.514	0.072106	supercritical
988.33	11.000	57.568	0.017371	1054.9	1246.0	3.0908	1.0457	1.2539	484.65	0.34407	41.562	0.072219	supercritical
990.00	11.000	57.468	0.017401	1056.7	1248.1	3.0929	1.0462	1.2542	485.05	0.34136	41.609	0.072331	supercritical
991.67	11.000	57.369	0.017431	1058.4	1250.2	3.0950	1.0466	1.2546	485.44	0.33867	41.657	0.072444	supercritical
993.33	11.000	57.271	0.017461	1060.2	1252.3	3.0971	1.0470	1.2550	485.83	0.33599	41.704	0.072557	supercritical
995.00	11.000	57.172	0.017491	1062.0	1254.4	3.0992	1.0475	1.2553	486.22	0.33332	41.751	0.072669	supercritical
996.67	11.000	57.075	0.017521	1063.7	1256.5	3.1013	1.0479	1.2557	486.62	0.33066	41.799	0.072782	supercritical
998.33	11.000	56.977	0.017551	1065.5	1258.5	3.1034	1.0484	1.2561	487.01	0.32802	41.846	0.072894	supercritical
1000.0	11.000	56.880	0.017581	1067.3	1260.6	3.1055	1.0488	1.2564	487.40	0.32539	41.893	0.073007	supercritical
1001.7	11.000	56.783	0.017611	1069.0	1262.7	3.1076	1.0492	1.2568	487.79	0.32277	41.940	0.073119	supercritical
1003.3	11.000	56.687	0.017641	1070.8	1264.8	3.1097	1.0497	1.2572	488.18	0.32016	41.988	0.073231	supercritical
1005.0	11.000	56.590	0.017671	1072.5	1266.9	3.1118	1.0501	1.2575	488.57	0.31757	42.035	0.073343	supercritical
1006.7	11.000	56.495	0.017701	1074.3	1269.0	3.1138	1.0506	1.2579	488.96	0.31498	42.082	0.073455	supercritical
1008.3	11.000	56.399	0.017731	1076.1	1271.1	3.1159	1.0510	1.2582	489.35	0.31241	42.129	0.073568	supercritical
1010.0	11.000	56.304	0.017761	1077.8	1273.2	3.1180	1.0514	1.2586	489.74	0.30985	42.176	0.073680	supercritical
1011.7	11.000	56.209	0.017791	1079.6	1275.3	3.1201	1.0518	1.2590	490.12	0.30730	42.223	0.073791	supercritical
1013.3	11.000	56.115	0.017821	1081.4	1277.4	3.1222	1.0523	1.2593	490.51	0.30477	42.270	0.073903	supercritical
1015.0	11.000	56.021	0.017851	1083.2	1279.5	3.1242	1.0527	1.2597	490.90	0.30224	42.317	0.074015	supercritical
1016.7	11.000	55.927	0.017880	1084.9	1281.6	3.1263	1.0531	1.2600	491.29	0.29973	42.364	0.074127	supercritical
1018.3	11.000	55.833	0.017910	1086.7	1283.7	3.1284	1.0536	1.2604	491.67	0.29722	42.411	0.074239	supercritical
1020.0	11.000	55.740	0.017940	1088.5	1285.8	3.1304	1.0540	1.2607	492.06	0.29473	42.458	0.074350	supercritical
1021.7	11.000	55.648	0.017970	1090.2	1287.9	3.1325	1.0544	1.2611	492.44	0.29225	42.504	0.074462	supercritical
1023.3	11.000	55.555	0.018000	1092.0	1290.0	3.1345	1.0548	1.2614	492.83	0.28978	42.551	0.074573	supercritical
1025.0	11.000	55.463	0.018030	1093.8	1292.1	3.1366	1.0553	1.2618	493.21	0.28732	42.598	0.074685	supercritical
1026.7	11.000	55.371	0.018060	1095.6	1294.2	3.1386	1.0557	1.2621	493.60	0.28488	42.645	0.074796	supercritical
1028.3	11.000	55.280	0.018090	1097.3	1296.3	3.1407	1.0561	1.2625	493.98	0.28244	42.691	0.074907	supercritical
1030.0	11.000	55.188	0.018120	1099.1	1298.4	3.1427	1.0565	1.2628	494.37	0.28001	42.738	0.075019	supercritical
1031.7	11.000	55.097	0.018150	1100.9	1300.5	3.1448	1.0569	1.2632	494.75	0.27760	42.785	0.075130	supercritical
1033.3	11.000	55.007	0.018180	1102.7	1302.6	3.1468	1.0573	1.2635	495.13	0.27519	42.831	0.075241	supercritical
1035.0	11.000	54.917	0.018209	1104.4	1304.7	3.1488	1.0578	1.2639	495.52	0.27280	42.878	0.075352	supercritical
1036.7	11.000	54.827	0.018239	1106.2	1306.9	3.1509	1.0582	1.2642	495.90	0.27042	42.925	0.075463	supercritical
1038.3	11.000	54.737	0.018269	1108.0	1309.0	3.1529	1.0586	1.2646	496.28	0.26805	42.971	0.075574	supercritical
1040.0	11.000	54.648	0.018299	1109.8	1311.1	3.1549	1.0590	1.2649	496.66	0.26568	43.018	0.075685	supercritical
1041.7	11.000	54.559	0.018329	1111.6	1313.2	3.1570	1.0594	1.2653	497.05	0.26333	43.064	0.075795	supercritical
1043.3	11.000	54.470	0.018359	1113.3	1315.3	3.1590	1.0598	1.2656	497.43	0.26099	43.110	0.075906	supercritical
1045.0	11.000	54.381	0.018389	1115.1	1317.4	3.1610	1.0602	1.2660	497.81	0.25866	43.157	0.076017	supercritical
1046.7	11.000	54.293	0.018418	1116.9	1319.5	3.1630	1.0606	1.2663	498.19	0.25634	43.203	0.076127	supercritical
1048.3	11.000	54.206	0.018448	1118.7	1321.6	3.1650	1.0610	1.2666	498.57	0.25403	43.250	0.076238	supercritical
1050.0	11.000	54.118	0.018478	1120.5	1323.7	3.1671	1.0614	1.2670	498.95	0.25172	43.296	0.076348	supercritical
1051.7	11.000	54.031	0.018508	1122.3	1325.8	3.1691	1.0618	1.2673	499.33	0.24943	43.342	0.076459	supercritical
1053.3	11.000	53.944	0.018538	1124.0	1328.0	3.1711	1.0622	1.2677	499.71	0.24715	43.388	0.076569	supercritical
1055.0	11.000	53.857	0.018568	1125.8	1330.1	3.1731	1.0626	1.2680	500.08	0.24488	43.435	0.076679	supercritical
1056.7	11.000	53.771	0.018597	1127.6	1332.2	3.1751	1.0630	1.2683	500.46	0.24262	43.481	0.076790	supercritical
1058.3	11.000	53.685	0.018627	1129.4	1334.3	3.1771	1.0634	1.2687	500.84	0.24037	43.527	0.076900	supercritical
1060.0	11.000	53.599	0.018657	1131.2	1336.4	3.1791	1.0638	1.2690	501.22	0.23812	43.573	0.077010	supercritical
1061.7	11.000	53.513	0.018687	1133.0	1338.5	3.1811	1.0642	1.2693	501.59	0.23589	43.619	0.077120	supercritical
1063.3	11.000	53.428	0.018717	1134.8	1340.6	3.1831	1.0646	1.2697	501.97	0.23367	43.665	0.077230	supercritical
1065.0	11.000	53.343	0.018746	1136.5	1342.8	3.1850	1.0650	1.2700	502.35	0.23145	43.711	0.077340	supercritical
1066.7	11.000	53.259	0.018776	1138.3	1344.9	3.1870	1.0654	1.2703	502.72	0.22925	43.757	0.077450	supercritical
1068.3	11.000	53.174	0.018806	1140.1	1347.0	3.1890	1.0658	1.2707	503.10	0.22705	43.803	0.077559	supercritical
1070.0	11.000	53.090	0.018836	1141.9	1349.1	3.1910	1.0662	1.2710	503.47	0.22487	43.849	0.077669	supercritical
1071.7	11.000	53.006	0.018866	1143.7	1351.2	3.1930	1.0666	1.2713	503.85	0.22269	43.895	0.077779	supercritical
1073.3	11.000	52.923	0.018895	1145.5	1353.3	3.1950	1.0670	1.2717	504.22	0.22052	43.941	0.077888	supercritical
1075.0	11.000	52.840	0.018925	1147.3	1355.5	3.1969	1.0674	1.2720	504.60	0.21836	43.987	0.077998	supercritical
1076.7	11.000	52.757	0.018955	1149.1	1357.6	3.1989	1.0678	1.2723	504.97	0.21621	44.033	0.078107	supercritical
1078.3	11.000	52.674	0.018985	1150.9	1359.7	3.2009	1.0681	1.2727	505.35	0.21407	44.079	0.078217	supercritical
1080.0	11.000	52.591	0.019015	1152.7	1361.8	3.2028	1.0685	1.2730	505.72	0.21194	44.124	0.078326	supercritical
1081.7	11.000	52.509	0.019044	1154.5	1364.0	3.2048	1.0689	1.2733	506.09	0.20982	44.170	0.078435	supercritical
1083.3	11.000	52.427	0.019074	1156.3	1366.1	3.2068	1.0693	1.2736	506.47	0.20771	44.216	0.078544	supercritical
1085.0	11.000	52.346	0.019104	1158.1	1368.2	3.2087	1.0697	1.2740	506.84	0.20560	44.262	0.078653	supercritical
1086.7	11.000	52.264	0.019134	1159.9	1370.3	3.2107	1.0701	1.2743	507.21	0.20351	44.307	0.078762	supercritical
1088.3	11.000	52.183	0.019163	1161.7	1372.4	3.2126	1.0704	1.2746	507.58	0.20142	44.353	0.078871	supercritical
1090.0	11.000	52.102	0.019193	1163.4	1374.6	3.2146	1.0708	1.2749	507.95	0.19934	44.398	0.078980	supercritical
1091.7	11.000	52.022	0.019223	1165.2	1376.7	3.2165	1.0712	1.2753	508.32	0.19727	44.444	0.079089	supercritical
1093.3	11.000	51.941	0.019252	1167.0	1378.8	3.2185	1.0716	1.2756	508.69	0.19521	44.490	0.079198	supercritical
1095.0	11.000	51.861	0.019282	1168.8	1380.9	3.2204	1.0719	1.2759	509.06	0.19315	44.535	0.079307	supercritical
1096.7	11.000	51.782	0.019312	1170.6	1383.1	3.2224	1.0723	1.2762	509.43	0.19111	44.581	0.079415	supercritical
1098.3	11.000	51.702	0.019342	1172.4	1385.2	3.2243	1.0727	1.2765	509.80	0.18907	44.626	0.079524	supercritical
1100.0	11.000	51.623	0.019371	1174.2	1387.3	3.2262	1.0731	1.2769	510.17	0.18704	44.671	0.079633	supercritical
1101.7	11.000	51.544	0.019401	1176.0	1389.5	3.2282	1.0734	1.2772	510.54	0.18502	44.717	0.079741	supercritical
1103.3	11.000	51.465	0.019431	1177.8	1391.6	3.2301	1.0738	1.2775	510.91	0.18301	44.762	0.079850	supercritical
1105.0	11.000	51.386	0.019460	1179.7	1393.7	3.2320	1.0742	1.2778	511.28	0.18101	44.808	0.079958	supercritical
1106.7	11.000	51.308	0.019490	1181.5	1395.8	3.2339	1.0745	1.2781	511.65	0.17901	44.853	0.080066	supercritical
1108.3	11.000	51.230	0.019520	1183.3	1398.0	3.2359	1.0749	1.2784	512.02	0.17702	44.898	0.080174	supercritical
1110.0	11.000	51.152	0.019550	1185.1	1400.1	3.2378	1.0753	1.2787	512.38	0.17504	44.943	0.080283	supercritical
1111.7	11.000	51.075	0.019579	1186.9	1402.2	3.2397	1.0756	1.2791	512.75	0.17307	44.989	0.080391	supercritical
1113.3	11.000	50.997	0.019609	1188.7	1404.4	3.2416	1.0760	1.2794	513.12	0.17111	45.034	0.080499	supercritical
1115.0	11.000	50.920	0.019639	1190.5	1406.5	3.2435	1.0764	1.2797	513.48	0.16915	45.079	0.080607	supercritical
1116.7	11.000	50.843	0.019668	1192.3	1408.6	3.2455	1.0767	1.2800	513.85	0.16721	45.124	0.080715	supercritical
1118.3	11.000	50.767	0.019698	1194.1	1410.8	3.2474	1.0771	1.2803	514.22	0.16527	45.169	0.080823	supercritical
1120.0	11.000	50.690	0.019728	1195.9	1412.9	3.2493	1.0775	1.2806	514.58	0.16333	45.214	0.080930	supercritical
1121.7	11.000	50.614	0.019757	1197.7	1415.0	3.2512	1.0778	1.2809	514.95	0.16141	45.260	0.081038	supercritical
1123.3	11.000	50.538	0.019787	1199.5	1417.2	3.2531	1.0782	1.2812	515.31	0.15949	45.305	0.081146	supercritical
1125.0	11.000	50.463	0.019817	1201.3	1419.3	3.2550	1.0785	1.2815	515.68	0.15758	45.350	0.081253	supercritical
1126.7	11.000	50.387	0.019846	1203.1	1421.4	3.2569	1.0789	1.2818	516.04	0.15568	45.395	0.081361	supercritical
1128.3	11.000	50.312	0.019876	1204.9	1423.6	3.2588	1.0792	1.2822	516.40	0.15379	45.440	0.081468	supercritical
1130.0	11.000	50.237	0.019906	1206.8	1425.7	3.2607	1.0796	1.2825	516.77	0.15190	45.484	0.081576	supercritical
1131.7	11.000	50.163	0.019935	1208.6	1427.9	3.2625	1.0800	1.2828	517.13	0.15002	45.529	0.081683	supercritical
1133.3	11.000	50.088	0.019965	1210.4	1430.0	3.2644	1.0803	1.2831	517.49	0.14815	45.574	0.081790	supercritical
1135.0	11.000	50.014	0.019994	1212.2	1432.1	3.2663	1.0807	1.2834	517.86	0.14628	45.619	0.081898	supercritical
1136.7	11.000	49.940	0.020024	1214.0	1434.3	3.2682	1.0810	1.2837	518.22	0.14443	45.664	0.082005	supercritical
1138.3	11.000	49.866	0.020054	1215.8	1436.4	3.2701	1.0814	1.2840	518.58	0.14258	45.709	0.082112	supercritical
1140.0	11.000	49.792	0.020083	1217.6	1438.6	3.2720	1.0817	1.2843	518.94	0.14073	45.754	0.082219	supercritical
1141.7	11.000	49.719	0.020113	1219.5	1440.7	3.2738	1.0821	1.2846	519.30	0.13890	45.798	0.082326	supercritical
1143.3	11.000	49.646	0.020143	1221.3	1442.8	3.2757	1.0824	1.2849	519.67	0.13707	45.843	0.082433	supercritical
1145.0	11.000	49.573	0.020172	1223.1	1445.0	3.2776	1.0827	1.2852	520.03	0.13525	45.888	0.082540	supercritical
1146.7	11.000	49.500	0.020202	1224.9	1447.1	3.2795	1.0831	1.2855	520.39	0.13343	45.932	0.082646	supercritical
1148.3	11.000	49.428	0.020231	1226.7	1449.3	3.2813	1.0834	1.2858	520.75	0.13163	45.977	0.082753	supercritical
1150.0	11.000	49.356	0.020261	1228.5	1451.4	3.2832	1.0838	1.2861	521.11	0.12983	46.022	0.082860	supercritical
1151.7	11.000	49.284	0.020291	1230.4	1453.5	3.2851	1.0841	1.2864	521.47	0.12803	46.066	0.082966	supercritical
1153.3	11.000	49.212	0.020320	1232.2	1455.7	3.2869	1.0845	1.2867	521.83	0.12625	46.111	0.083073	supercritical
1155.0	11.000	49.140	0.020350	1234.0	1457.8	3.2888	1.0848	1.2869	522.19	0.12447	46.155	0.083179	supercritical
1156.7	11.000	49.069	0.020379	1235.8	1460.0	3.2906	1.0851	1.2872	522.54	0.12269	46.200	0.083286	supercritical
1158.3	11.000	48.998	0.020409	1237.6	1462.1	3.2925	1.0855	1.2875	522.90	0.12093	46.244	0.083392	supercritical
1160.0	11.000	48.927	0.020439	1239.4	1464.3	3.2943	1.0858	1.2878	523.26	0.11917	46.289	0.083498	supercritical
1161.7	11.000	48.856	0.020468	1241.3	1466.4	3.2962	1.0862	1.2881	523.62	0.11741	46.333	0.083605	supercritical
1163.3	11.000	48.786	0.020498	1243.1	1468.6	3.2980	1.0865	1.2884	523.98	0.11567	46.378	0.083711	supercritical
1165.0	11.000	48.715	0.020527	1244.9	1470.7	3.2999	1.0868	1.2887	524.33	0.11393	46.422	0.083817	supercritical
1166.7	11.000	48.645	0.020557	1246.7	1472.9	3.3017	1.0872	1.2890	524.69	0.11220	46.466	0.083923	supercritical
1168.3	11.000	48.575	0.020587	1248.6	1475.0	3.3036	1.0875	1.2893	525.05	0.11047	46.511	0.084029	supercritical
1170.0	11.000	48.506	0.020616	1250.4	1477.2	3.3054	1.0878	1.2896	525.40	0.10875	46.555	0.084135	supercritical
1171.7	11.000	48.436	0.020646	1252.2	1479.3	3.3072	1.0882	1.2899	525.76	0.10704	46.599	0.084241	supercritical
1173.3	11.000	48.367	0.020675	1254.0	1481.5	3.3091	1.0885	1.2901	526.12	0.10533	46.643	0.084346	supercritical
1175.0	11.000	48.298	0.020705	1255.9	1483.6	3.3109	1.0888	1.2904	526.47	0.10363	46.688	0.084452	supercritical
1176.7	11.000	48.229	0.020734	1257.7	1485.8	3.3127	1.0891	1.2907	526.83	0.10194	46.732	0.084558	supercritical
1178.3	11.000	48.161	0.020764	1259.5	1487.9	3.3146	1.0895	1.2910	527.18	0.10025	46.776	0.084663	supercritical
1180.0	11.000	48.092	0.020793	1261.3	1490.1	3.3164	1.0898	1.2913	527.54	0.098567	46.820	0.084769	supercritical
1181.7	11.000	48.024	0.020823	1263.2	1492.2	3.3182	1.0901	1.2916	527.89	0.096891	46.864	0.084874	supercritical
1183.3	11.000	47.956	0.020853	1265.0	1494.4	3.3200	1.0904	1.2919	528.25	0.095223	46.908	0.084980	supercritical
1185.0	11.000	47.888	0.020882	1266.8	1496.5	3.3218	1.0908	1.2921	528.60	0.093560	46.952	0.085085	supercritical
1186.7	11.000	47.820	0.020912	1268.7	1498.7	3.3237	1.0911	1.2924	528.95	0.091903	46.996	0.085190	supercritical
1188.3	11.000	47.753	0.020941	1270.5	1500.8	3.3255	1.0914	1.2927	529.31	0.090253	47.040	0.085296	supercritical
1190.0	11.000	47.686	0.020971	1272.3	1503.0	3.3273	1.0917	1.2930	529.66	0.088609	47.084	0.085401	supercritical
1191.7	11.000	47.619	0.021000	1274.1	1505.1	3.3291	1.0921	1.2933	530.01	0.086970	47.128	0.085506	supercritical
1193.3	11.000	47.552	0.021030	1276.0	1507.3	3.3309	1.0924	1.2935	530.37	0.085338	47.172	0.085611	supercritical
1195.0	11.000	47.485	0.021059	1277.8	1509.5	3.3327	1.0927	1.2938	530.72	0.083712	47.216	0.085716	supercritical
1196.7	11.000	47.419	0.021089	1279.6	1511.6	3.3345	1.0930	1.2941	531.07	0.082092	47.260	0.085821	supercritical
1198.3	11.000	47.352	0.021118	1281.5	1513.8	3.3363	1.0933	1.2944	531.42	0.080478	47.304	0.085926	supercritical
1200.0	11.000	47.286	0.021148	1283.3	1515.9	3.3381	1.0936	1.2946	531.77	0.078869	47.348	0.086030	supercritical
1201.7	11.000	47.220	0.021177	1285.1	1518.1	3.3399	1.0940	1.2949	532.12	0.077267	47.392	0.086135	supercritical
1203.3	11.000	47.155	0.021207	1287.0	1520.2	3.3417	1.0943	1.2952	532.48	0.075670	47.436	0.086240	supercritical
1205.0	11.000	47.089	0.021236	1288.8	1522.4	3.3435	1.0946	1.2955	532.83	0.074079	47.479	0.086345	supercritical
1206.7	11.000	47.024	0.021266	1290.6	1524.6	3.3453	1.0949	1.2957	533.18	0.072494	47.523	0.086449	supercritical
1208.3	11.000	46.959	0.021295	1292.5	1526.7	3.3471	1.0952	1.2960	533.53	0.070915	47.567	0.086554	supercritical
1210.0	11.000	46.894	0.021325	1294.3	1528.9	3.3489	1.0955	1.2963	533.88	0.069341	47.610	0.086658	supercritical
1211.7	11.000	46.829	0.021354	1296.1	1531.0	3.3506	1.0958	1.2966	534.23	0.067773	47.654	0.086762	supercritical
1213.3	11.000	46.764	0.021384	1298.0	1533.2	3.3524	1.0962	1.2968	534.58	0.066211	47.698	0.086867	supercritical
1215.0	11.000	46.700	0.021413	1299.8	1535.4	3.3542	1.0965	1.2971	534.92	0.064654	47.741	0.086971	supercritical
1216.7	11.000	46.636	0.021443	1301.7	1537.5	3.3560	1.0968	1.2974	535.27	0.063103	47.785	0.087075	supercritical
1218.3	11.000	46.572	0.021472	1303.5	1539.7	3.3578	1.0971	1.2976	535.62	0.061558	47.829	0.087179	supercritical
1220.0	11.000	46.508	0.021502	1305.3	1541.9	3.3595	1.0974	1.2979	535.97	0.060018	47.872	0.087283	supercritical
1221.7	11.000	46.444	0.021531	1307.2	1544.0	3.3613	1.0977	1.2982	536.32	0.058484	47.916	0.087387	supercritical
1223.3	11.000	46.381	0.021561	1309.0	1546.2	3.3631	1.0980	1.2984	536.67	0.056955	47.959	0.087491	supercritical
1225.0	11.000	46.317	0.021590	1310.9	1548.3	3.3648	1.0983	1.2987	537.01	0.055431	48.003	0.087595	supercritical
1226.7	11.000	46.254	0.021620	1312.7	1550.5	3.3666	1.0986	1.2990	537.36	0.053913	48.046	0.087699	supercritical
1228.3	11.000	46.191	0.021649	1314.5	1552.7	3.3684	1.0989	1.2992	537.71	0.052400	48.089	0.087803	supercritical
1230.0	11.000	46.128	0.021679	1316.4	1554.8	3.3701	1.0992	1.2995	538.05	0.050893	48.133	0.087906	supercritical
1231.7	11.000	46.066	0.021708	1318.2	1557.0	3.3719	1.0995	1.2998	538.40	0.049391	48.176	0.088010	supercritical
1233.3	11.000	46.003	0.021738	1320.1	1559.2	3.3737	1.0998	1.3000	538.75	0.047894	48.220	0.088114	supercritical
1235.0	11.000	45.941	0.021767	1321.9	1561.3	3.3754	1.1001	1.3003	539.09	0.046403	48.263	0.088217	supercritical
1236.7	11.000	45.879	0.021796	1323.7	1563.5	3.3772	1.1004	1.3006	539.44	0.044917	48.306	0.088320	supercritical
1238.3	11.000	45.817	0.021826	1325.6	1565.7	3.3789	1.1007	1.3008	539.78	0.043436	48.350	0.088424	supercritical
1240.0	11.000	45.755	0.021855	1327.4	1567.8	3.3807	1.1010	1.3011	540.13	0.041960	48.393	0.088527	supercritical
1241.7	11.000	45.694	0.021885	1329.3	1570.0	3.3824	1.1013	1.3013	540.47	0.040490	48.436	0.088630	supercritical
1243.3	11.000	45.632	0.021914	1331.1	1572.2	3.3842	1.1016	1.3016	540.82	0.039024	48.479	0.088734	supercritical
1245.0	11.000	45.571	0.021944	1333.0	1574.3	3.3859	1.1019	1.3019	541.16	0.037564	48.522	0.088837	supercritical
1246.7	11.000	45.510	0.021973	1334.8	1576.5	3.3876	1.1022	1.3021	541.51	0.036109	48.566	0.088940	supercritical
1248.3	11.000	45.449	0.022003	1336.7	1578.7	3.3894	1.1025	1.3024	541.85	0.034659	48.609	0.089043	supercritical
1250.0	11.000	45.389	0.022032	1338.5	1580.9	3.3911	1.1028	1.3026	542.19	0.033214	48.652	0.089146	supercritical
1251.7	11.000	45.328	0.022061	1340.4	1583.0	3.3929	1.1030	1.3029	542.54	0.031774	48.695	0.089249	supercritical
1253.3	11.000	45.268	0.022091	1342.2	1585.2	3.3946	1.1033	1.3031	542.88	0.030338	48.738	0.089352	supercritical
1255.0	11.000	45.207	0.022120	1344.1	1587.4	3.3963	1.1036	1.3034	543.22	0.028908	48.781	0.089454	supercritical
1256.7	11.000	45.147	0.022150	1345.9	1589.5	3.3981	1.1039	1.3037	543.57	0.027483	48.824	0.089557	supercritical
1258.3	11.000	45.087	0.022179	1347.7	1591.7	3.3998	1.1042	1.3039	543.91	0.026063	48.867	0.089660	supercritical
1260.0	11.000	45.028	0.022209	1349.6	1593.9	3.4015	1.1045	1.3042	544.25	0.024647	48.910	0.089762	supercritical
1261.7	11.000	44.968	0.022238	1351.4	1596.1	3.4032	1.1048	1.3044	544.59	0.023237	48.953	0.089865	supercritical
1263.3	11.000	44.909	0.022267	1353.3	1598.2	3.4050	1.1051	1.3047	544.93	0.021831	48.996	0.089968	supercritical
1265.0	11.000	44.849	0.022297	1355.2	1600.4	3.4067	1.1054	1.3049	545.28	0.020430	49.039	0.090070	supercritical
1266.7	11.000	44.790	0.022326	1357.0	1602.6	3.4084	1.1056	1.3052	545.62	0.019034	49.082	0.090172	supercritical
1268.3	11.000	44.731	0.022356	1358.9	1604.8	3.4101	1.1059	1.3054	545.96	0.017643	49.125	0.090275	supercritical
1270.0	11.000	44.673	0.022385	1360.7	1606.9	3.4118	1.1062	1.3057	546.30	0.016256	49.168	0.090377	supercritical
1271.7	11.000	44.614	0.022414	1362.6	1609.1	3.4135	1.1065	1.3059	546.64	0.014875	49.210	0.090479	supercritical
1273.3	11.000	44.556	0.022444	1364.4	1611.3	3.4152	1.1068	1.3062	546.98	0.013497	49.253	0.090581	supercritical
1275.0	11.000	44.497	0.022473	1366.3	1613.5	3.4170	1.1070	1.3064	547.32	0.012125	49.296	0.090683	supercritical
1276.7	11.000	44.439	0.022503	1368.1	1615.7	3.4187	1.1073	1.3067	547.66	0.010757	49.339	0.090785	supercritical
1278.3	11.000	44.381	0.022532	1370.0	1617.8	3.4204	1.1076	1.3069	548.00	0.0093937	49.381	0.090887	supercritical
1280.0	11.000	44.323	0.022561	1371.8	1620.0	3.4221	1.1079	1.3072	548.34	0.0080351	49.424	0.090989	supercritical
1281.7	11.000	44.266	0.022591	1373.7	1622.2	3.4238	1.1082	1.3074	548.68	0.0066811	49.467	0.091091	supercritical
1283.3	11.000	44.208	0.022620	1375.5	1624.4	3.4255	1.1084	1.3077	549.01	0.0053316	49.509	0.091193	supercritical
1285.0	11.000	44.151	0.022650	1377.4	1626.5	3.4272	1.1087	1.3079	549.35	0.0039866	49.552	0.091295	supercritical
1286.7	11.000	44.094	0.022679	1379.3	1628.7	3.4289	1.1090	1.3081	549.69	0.0026461	49.595	0.091396	supercritical
1288.3	11.000	44.037	0.022708	1381.1	1630.9	3.4306	1.1093	1.3084	550.03	0.0013101	49.637	0.091498	supercritical
1290.0	11.000	43.980	0.022738	1383.0	1633.1	3.4322	1.1095	1.3086	550.37	-2.1369e-05	49.680	0.091599	supercritical
1291.7	11.000	43.923	0.022767	1384.8	1635.3	3.4339	1.1098	1.3089	550.70	-0.0013484	49.722	0.091701	supercritical
1293.3	11.000	43.866	0.022796	1386.7	1637.4	3.4356	1.1101	1.3091	551.04	-0.0026711	49.765	0.091802	supercritical
1295.0	11.000	43.810	0.022826	1388.5	1639.6	3.4373	1.1104	1.3094	551.38	-0.0039893	49.807	0.091904	supercritical
1296.7	11.000	43.754	0.022855	1390.4	1641.8	3.4390	1.1106	1.3096	551.71	-0.0053032	49.850	0.092005	supercritical
1298.3	11.000	43.698	0.022885	1392.3	1644.0	3.4407	1.1109	1.3098	552.05	-0.0066127	49.892	0.092106	supercritical
1300.0	11.000	43.642	0.022914	1394.1	1646.2	3.4424	1.1112	1.3101	552.39	-0.0079179	49.935	0.092207	supercritical