Temperature (K)	Pressure (MPa)	Density (kg/m3)	Volume (m3/kg)	Internal Energy (kJ/kg)	Enthalpy (kJ/kg)	Entropy (J/g*K)	Cv (J/g*K)	Cp (J/g*K)	Sound Spd. (m/s)	Joule-Thomson (K/MPa)	Viscosity (uPa*s)	Therm. Cond. (W/m*K)	Phase
300.00	12.000	832.47	0.0012013	242.67	257.08	1.1656	0.93421	2.6306	462.54	0.72520	77.671	0.092798	liquid
301.67	12.000	820.25	0.0012191	246.89	261.52	1.1803	0.93666	2.6954	448.82	0.79290	75.325	0.090932	liquid
303.33	12.000	807.50	0.0012384	251.21	266.07	1.1954	0.93934	2.7674	434.98	0.86742	72.978	0.089054	liquid
305.00	12.000	794.15	0.0012592	255.64	270.75	1.2108	0.94224	2.8479	421.04	0.94971	70.624	0.087164	supercritical
306.67	12.000	780.15	0.0012818	260.19	275.57	1.2265	0.94537	2.9381	407.02	1.0409	68.261	0.085264	supercritical
308.33	12.000	765.41	0.0013065	264.87	280.55	1.2427	0.94875	3.0401	392.94	1.1423	65.881	0.083353	supercritical
310.00	12.000	749.85	0.0013336	269.71	285.71	1.2594	0.95242	3.1566	378.82	1.2558	63.480	0.081434	supercritical
311.67	12.000	733.34	0.0013636	274.72	291.08	1.2767	0.95639	3.2908	364.68	1.3834	61.052	0.079512	supercritical
313.33	12.000	715.77	0.0013971	279.93	296.69	1.2946	0.96064	3.4457	350.55	1.5275	58.588	0.077591	supercritical
315.00	12.000	696.99	0.0014347	285.36	302.58	1.3134	0.96512	3.6232	336.49	1.6904	56.085	0.075675	supercritical
316.67	12.000	676.87	0.0014774	291.05	308.78	1.3330	0.96980	3.8225	322.60	1.8742	53.539	0.073772	supercritical
318.33	12.000	655.29	0.0015260	297.02	315.33	1.3537	0.97474	4.0401	309.05	2.0803	50.957	0.071887	supercritical
320.00	12.000	632.21	0.0015818	303.28	322.26	1.3753	0.98009	4.2711	296.05	2.3095	48.350	0.070028	supercritical
321.67	12.000	607.66	0.0016456	309.82	329.57	1.3981	0.98592	4.5079	283.88	2.5617	45.743	0.068204	supercritical
323.33	12.000	581.81	0.0017188	316.65	337.28	1.4220	0.99195	4.7308	272.83	2.8342	43.169	0.066400	supercritical
325.00	12.000	555.06	0.0018016	323.69	345.31	1.4468	0.99755	4.9015	263.21	3.1193	40.680	0.064567	supercritical
326.67	12.000	528.07	0.0018937	330.84	353.56	1.4721	1.0019	4.9825	255.30	3.4056	38.340	0.062657	supercritical
328.33	12.000	501.65	0.0019934	337.94	361.86	1.4975	1.0040	4.9580	249.26	3.6821	36.210	0.060654	supercritical
330.00	12.000	476.55	0.0020984	344.85	370.03	1.5223	1.0027	4.8317	245.01	3.9395	34.326	0.058572	supercritical
331.67	12.000	453.31	0.0022060	351.45	377.92	1.5462	0.99803	4.6248	242.30	4.1708	32.702	0.056458	supercritical
333.33	12.000	432.21	0.0023137	357.66	385.42	1.5687	0.99062	4.3698	240.79	4.3719	31.327	0.054374	supercritical
335.00	12.000	413.28	0.0024197	363.45	392.48	1.5898	0.98159	4.1008	240.19	4.5426	30.173	0.052393	supercritical
336.67	12.000	396.38	0.0025229	368.82	399.10	1.6095	0.97184	3.8403	240.24	4.6849	29.208	0.050557	supercritical
338.33	12.000	381.29	0.0026227	373.82	405.29	1.6279	0.96200	3.5995	240.74	4.8019	28.398	0.048884	supercritical
340.00	12.000	367.79	0.0027190	378.48	411.11	1.6450	0.95248	3.3822	241.54	4.8966	27.716	0.047375	supercritical
341.67	12.000	355.65	0.0028117	382.84	416.58	1.6611	0.94351	3.1886	242.54	4.9719	27.139	0.046021	supercritical
343.33	12.000	344.69	0.0029011	386.94	421.75	1.6762	0.93518	3.0171	243.69	5.0305	26.647	0.044809	supercritical
345.00	12.000	334.75	0.0029873	390.80	426.65	1.6904	0.92754	2.8654	244.92	5.0748	26.226	0.043725	supercritical
346.67	12.000	325.67	0.0030706	394.46	431.31	1.7039	0.92056	2.7311	246.22	5.1067	25.863	0.042756	supercritical
348.33	12.000	317.36	0.0031510	397.95	435.76	1.7167	0.91420	2.6121	247.56	5.1281	25.549	0.041888	supercritical
350.00	12.000	309.70	0.0032290	401.28	440.02	1.7289	0.90839	2.5062	248.93	5.1406	25.276	0.041109	supercritical
351.67	12.000	302.61	0.0033045	404.47	444.12	1.7406	0.90308	2.4116	250.31	5.1454	25.038	0.040410	supercritical
353.33	12.000	296.04	0.0033780	407.53	448.07	1.7518	0.89823	2.3268	251.69	5.1439	24.830	0.039781	supercritical
355.00	12.000	289.91	0.0034494	410.49	451.88	1.7626	0.89377	2.2505	253.08	5.1367	24.647	0.039214	supercritical
356.67	12.000	284.18	0.0035189	413.35	455.57	1.7729	0.88967	2.1815	254.46	5.1249	24.487	0.038702	supercritical
358.33	12.000	278.80	0.0035868	416.12	459.16	1.7830	0.88588	2.1190	255.84	5.1091	24.347	0.038240	supercritical
360.00	12.000	273.74	0.0036530	418.80	462.64	1.7927	0.88238	2.0620	257.21	5.0899	24.223	0.037822	supercritical
361.67	12.000	268.97	0.0037178	421.42	466.03	1.8021	0.87913	2.0100	258.57	5.0677	24.115	0.037443	supercritical
363.33	12.000	264.46	0.0037812	423.97	469.34	1.8112	0.87612	1.9623	259.92	5.0431	24.020	0.037100	supercritical
365.00	12.000	260.19	0.0038433	426.46	472.58	1.8201	0.87332	1.9185	261.26	5.0163	23.937	0.036789	supercritical
366.67	12.000	256.13	0.0039042	428.89	475.74	1.8287	0.87071	1.8781	262.59	4.9877	23.864	0.036506	supercritical
368.33	12.000	252.27	0.0039640	431.27	478.84	1.8372	0.86829	1.8408	263.90	4.9575	23.801	0.036250	supercritical
370.00	12.000	248.59	0.0040227	433.60	481.88	1.8454	0.86603	1.8062	265.20	4.9260	23.747	0.036018	supercritical
371.67	12.000	245.07	0.0040804	435.90	484.86	1.8534	0.86392	1.7741	266.49	4.8933	23.700	0.035808	supercritical
373.33	12.000	241.71	0.0041372	438.15	487.79	1.8613	0.86196	1.7441	267.76	4.8598	23.660	0.035617	supercritical
375.00	12.000	238.49	0.0041931	440.36	490.68	1.8690	0.86013	1.7162	269.02	4.8254	23.627	0.035445	supercritical
376.67	12.000	235.40	0.0042481	442.54	493.51	1.8766	0.85843	1.6901	270.27	4.7904	23.600	0.035290	supercritical
378.33	12.000	232.43	0.0043023	444.68	496.31	1.8840	0.85684	1.6657	271.50	4.7548	23.578	0.035149	supercritical
380.00	12.000	229.58	0.0043558	446.80	499.07	1.8912	0.85536	1.6428	272.72	4.7188	23.561	0.035023	supercritical
381.67	12.000	226.83	0.0044085	448.88	501.79	1.8984	0.85399	1.6213	273.93	4.6824	23.548	0.034910	supercritical
383.33	12.000	224.18	0.0044606	450.94	504.47	1.9054	0.85271	1.6011	275.13	4.6458	23.539	0.034809	supercritical
385.00	12.000	221.63	0.0045120	452.98	507.12	1.9123	0.85153	1.5820	276.31	4.6089	23.535	0.034720	supercritical
386.67	12.000	219.16	0.0045628	454.99	509.75	1.9191	0.85043	1.5640	277.48	4.5719	23.534	0.034640	supercritical
388.33	12.000	216.78	0.0046130	456.98	512.34	1.9258	0.84941	1.5470	278.64	4.5349	23.536	0.034571	supercritical
390.00	12.000	214.47	0.0046626	458.95	514.90	1.9324	0.84847	1.5309	279.79	4.4978	23.541	0.034510	supercritical
391.67	12.000	212.24	0.0047117	460.90	517.44	1.9389	0.84760	1.5157	280.92	4.4607	23.549	0.034458	supercritical
393.33	12.000	210.07	0.0047603	462.83	519.96	1.9453	0.84680	1.5012	282.05	4.4236	23.560	0.034414	supercritical
395.00	12.000	207.97	0.0048083	464.75	522.45	1.9516	0.84607	1.4875	283.16	4.3866	23.573	0.034377	supercritical
396.67	12.000	205.93	0.0048559	466.64	524.91	1.9578	0.84540	1.4745	284.26	4.3498	23.588	0.034346	supercritical
398.33	12.000	203.95	0.0049031	468.52	527.36	1.9640	0.84479	1.4621	285.35	4.3130	23.606	0.034323	supercritical
400.00	12.000	202.03	0.0049497	470.39	529.79	1.9701	0.84424	1.4503	286.44	4.2765	23.626	0.034305	supercritical
401.67	12.000	200.16	0.0049960	472.24	532.20	1.9761	0.84373	1.4391	287.51	4.2401	23.647	0.034293	supercritical
403.33	12.000	198.34	0.0050418	474.08	534.59	1.9820	0.84329	1.4284	288.57	4.2039	23.670	0.034287	supercritical
405.00	12.000	196.57	0.0050873	475.91	536.96	1.9879	0.84289	1.4182	289.62	4.1679	23.695	0.034285	supercritical
406.67	12.000	194.84	0.0051324	477.73	539.31	1.9937	0.84253	1.4085	290.66	4.1322	23.722	0.034289	supercritical
408.33	12.000	193.16	0.0051771	479.53	541.65	1.9994	0.84222	1.3992	291.70	4.0967	23.750	0.034297	supercritical
410.00	12.000	191.52	0.0052214	481.32	543.98	2.0051	0.84196	1.3903	292.72	4.0614	23.779	0.034309	supercritical
411.67	12.000	189.92	0.0052654	483.10	546.29	2.0107	0.84173	1.3818	293.73	4.0264	23.810	0.034325	supercritical
413.33	12.000	188.36	0.0053091	484.87	548.58	2.0163	0.84155	1.3736	294.74	3.9917	23.842	0.034345	supercritical
415.00	12.000	186.83	0.0053525	486.64	550.87	2.0218	0.84140	1.3658	295.74	3.9572	23.875	0.034368	supercritical
416.67	12.000	185.34	0.0053955	488.39	553.14	2.0273	0.84128	1.3583	296.73	3.9231	23.909	0.034395	supercritical
418.33	12.000	183.88	0.0054383	490.14	555.39	2.0327	0.84120	1.3512	297.71	3.8892	23.945	0.034426	supercritical
420.00	12.000	182.46	0.0054807	491.87	557.64	2.0380	0.84116	1.3443	298.68	3.8556	23.981	0.034459	supercritical
421.67	12.000	181.06	0.0055229	493.60	559.88	2.0434	0.84114	1.3377	299.65	3.8223	24.018	0.034495	supercritical
423.33	12.000	179.70	0.0055648	495.32	562.10	2.0486	0.84116	1.3314	300.61	3.7893	24.056	0.034534	supercritical
425.00	12.000	178.37	0.0056064	497.04	564.31	2.0538	0.84120	1.3253	301.56	3.7566	24.095	0.034576	supercritical
426.67	12.000	177.06	0.0056478	498.74	566.52	2.0590	0.84127	1.3195	302.50	3.7243	24.135	0.034620	supercritical
428.33	12.000	175.78	0.0056890	500.44	568.71	2.0641	0.84137	1.3139	303.44	3.6922	24.176	0.034667	supercritical
430.00	12.000	174.52	0.0057299	502.14	570.90	2.0692	0.84149	1.3085	304.37	3.6604	24.217	0.034715	supercritical
431.67	12.000	173.29	0.0057705	503.83	573.07	2.0743	0.84164	1.3033	305.29	3.6290	24.259	0.034766	supercritical
433.33	12.000	172.09	0.0058109	505.51	575.24	2.0793	0.84181	1.2983	306.21	3.5978	24.301	0.034819	supercritical
435.00	12.000	170.91	0.0058511	507.19	577.40	2.0843	0.84201	1.2935	307.12	3.5670	24.345	0.034874	supercritical
436.67	12.000	169.75	0.0058911	508.86	579.55	2.0892	0.84223	1.2889	308.02	3.5364	24.388	0.034931	supercritical
438.33	12.000	168.61	0.0059309	510.53	581.70	2.0941	0.84246	1.2845	308.92	3.5062	24.433	0.034989	supercritical
440.00	12.000	167.49	0.0059705	512.19	583.84	2.0990	0.84272	1.2802	309.81	3.4762	24.478	0.035049	supercritical
441.67	12.000	166.39	0.0060099	513.85	585.97	2.1038	0.84300	1.2760	310.69	3.4466	24.523	0.035110	supercritical
443.33	12.000	165.32	0.0060490	515.50	588.09	2.1086	0.84330	1.2721	311.57	3.4173	24.569	0.035173	supercritical
445.00	12.000	164.26	0.0060880	517.15	590.21	2.1134	0.84361	1.2682	312.44	3.3883	24.616	0.035237	supercritical
446.67	12.000	163.22	0.0061268	518.79	592.32	2.1181	0.84394	1.2645	313.31	3.3595	24.663	0.035301	supercritical
448.33	12.000	162.19	0.0061655	520.44	594.42	2.1228	0.84429	1.2610	314.17	3.3311	24.710	0.035367	supercritical
450.00	12.000	161.19	0.0062039	522.07	596.52	2.1275	0.84465	1.2575	315.03	3.3029	24.758	0.035432	supercritical
451.67	12.000	160.20	0.0062422	523.71	598.61	2.1321	0.84503	1.2542	315.88	3.2751	24.806	0.035497	supercritical
453.33	12.000	159.23	0.0062803	525.34	600.70	2.1367	0.84543	1.2510	316.72	3.2475	24.854	0.035561	supercritical
455.00	12.000	158.27	0.0063182	526.96	602.78	2.1413	0.84584	1.2479	317.56	3.2202	24.903	0.035619	supercritical
456.67	12.000	157.33	0.0063560	528.59	604.86	2.1459	0.84626	1.2450	318.40	3.1933	24.952	0.035659	supercritical
458.33	12.000	156.41	0.0063936	530.21	606.93	2.1504	0.84670	1.2421	319.23	3.1665	25.002	0.035747	supercritical
460.00	12.000	155.49	0.0064311	531.83	609.00	2.1549	0.84715	1.2393	320.05	3.1401	25.052	0.035836	supercritical
461.67	12.000	154.60	0.0064684	533.44	611.06	2.1594	0.84761	1.2366	320.87	3.1140	25.102	0.035926	supercritical
463.33	12.000	153.71	0.0065056	535.06	613.12	2.1638	0.84808	1.2341	321.69	3.0881	25.152	0.036017	supercritical
465.00	12.000	152.84	0.0065427	536.67	615.18	2.1683	0.84857	1.2316	322.50	3.0625	25.203	0.036108	supercritical
466.67	12.000	151.99	0.0065796	538.27	617.23	2.1727	0.84906	1.2292	323.30	3.0371	25.254	0.036201	supercritical
468.33	12.000	151.14	0.0066163	539.88	619.27	2.1771	0.84957	1.2268	324.10	3.0120	25.305	0.036294	supercritical
470.00	12.000	150.31	0.0066530	541.48	621.32	2.1814	0.85009	1.2246	324.90	2.9872	25.356	0.036388	supercritical
471.67	12.000	149.49	0.0066895	543.08	623.36	2.1857	0.85062	1.2224	325.69	2.9627	25.408	0.036482	supercritical
473.33	12.000	148.68	0.0067258	544.68	625.39	2.1900	0.85115	1.2203	326.48	2.9384	25.460	0.036577	supercritical
475.00	12.000	147.88	0.0067621	546.28	627.42	2.1943	0.85170	1.2183	327.26	2.9143	25.512	0.036673	supercritical
476.67	12.000	147.10	0.0067982	547.88	629.45	2.1986	0.85226	1.2164	328.04	2.8905	25.564	0.036770	supercritical
478.33	12.000	146.32	0.0068342	549.47	631.48	2.2028	0.85282	1.2145	328.81	2.8670	25.617	0.036867	supercritical
480.00	12.000	145.56	0.0068701	551.06	633.50	2.2071	0.85339	1.2127	329.59	2.8437	25.669	0.036965	supercritical
481.67	12.000	144.80	0.0069059	552.65	635.52	2.2113	0.85397	1.2109	330.35	2.8206	25.722	0.037063	supercritical
483.33	12.000	144.06	0.0069415	554.24	637.54	2.2154	0.85456	1.2092	331.12	2.7978	25.775	0.037162	supercritical
485.00	12.000	143.33	0.0069771	555.83	639.55	2.2196	0.85516	1.2076	331.87	2.7752	25.828	0.037262	supercritical
486.67	12.000	142.60	0.0070125	557.41	641.56	2.2237	0.85576	1.2060	332.63	2.7529	25.882	0.037362	supercritical
488.33	12.000	141.89	0.0070478	559.00	643.57	2.2279	0.85637	1.2045	333.38	2.7308	25.935	0.037463	supercritical
490.00	12.000	141.18	0.0070831	560.58	645.58	2.2320	0.85699	1.2030	334.13	2.7089	25.989	0.037564	supercritical
491.67	12.000	140.49	0.0071182	562.16	647.58	2.2360	0.85761	1.2016	334.87	2.6872	26.042	0.037666	supercritical
493.33	12.000	139.80	0.0071532	563.75	649.58	2.2401	0.85824	1.2002	335.61	2.6658	26.096	0.037768	supercritical
495.00	12.000	139.12	0.0071881	565.33	651.58	2.2442	0.85887	1.1989	336.35	2.6446	26.150	0.037871	supercritical
496.67	12.000	138.45	0.0072230	566.90	653.58	2.2482	0.85951	1.1976	337.08	2.6236	26.204	0.037974	supercritical
498.33	12.000	137.78	0.0072577	568.48	655.57	2.2522	0.86016	1.1964	337.81	2.6028	26.259	0.038078	supercritical
500.00	12.000	137.13	0.0072923	570.06	657.57	2.2562	0.86081	1.1952	338.54	2.5822	26.313	0.038182	supercritical
501.67	12.000	136.48	0.0073269	571.64	659.56	2.2602	0.86147	1.1941	339.26	2.5619	26.367	0.038286	supercritical
503.33	12.000	135.84	0.0073614	573.21	661.55	2.2641	0.86213	1.1930	339.98	2.5417	26.422	0.038391	supercritical
505.00	12.000	135.21	0.0073957	574.79	663.54	2.2681	0.86279	1.1919	340.70	2.5217	26.476	0.038497	supercritical
506.67	12.000	134.59	0.0074300	576.36	665.52	2.2720	0.86347	1.1909	341.41	2.5020	26.531	0.038603	supercritical
508.33	12.000	133.97	0.0074642	577.93	667.51	2.2759	0.86414	1.1899	342.12	2.4824	26.586	0.038709	supercritical
510.00	12.000	133.36	0.0074983	579.51	669.49	2.2798	0.86482	1.1890	342.83	2.4631	26.641	0.038815	supercritical
511.67	12.000	132.76	0.0075324	581.08	671.47	2.2837	0.86550	1.1880	343.54	2.4439	26.696	0.038922	supercritical
513.33	12.000	132.16	0.0075663	582.65	673.45	2.2875	0.86619	1.1872	344.24	2.4250	26.751	0.039030	supercritical
515.00	12.000	131.58	0.0076002	584.22	675.43	2.2914	0.86688	1.1863	344.93	2.4062	26.806	0.039137	supercritical
516.67	12.000	130.99	0.0076340	585.79	677.40	2.2952	0.86758	1.1855	345.63	2.3876	26.861	0.039245	supercritical
518.33	12.000	130.42	0.0076677	587.36	679.38	2.2990	0.86827	1.1847	346.32	2.3692	26.916	0.039354	supercritical
520.00	12.000	129.85	0.0077013	588.94	681.35	2.3028	0.86898	1.1840	347.01	2.3510	26.971	0.039462	supercritical
521.67	12.000	129.28	0.0077349	590.51	683.32	2.3066	0.86968	1.1833	347.70	2.3330	27.027	0.039572	supercritical
523.33	12.000	128.73	0.0077684	592.07	685.30	2.3104	0.87039	1.1826	348.38	2.3151	27.082	0.039681	supercritical
525.00	12.000	128.18	0.0078018	593.64	687.27	2.3141	0.87110	1.1819	349.06	2.2974	27.137	0.039790	supercritical
526.67	12.000	127.63	0.0078352	595.21	689.24	2.3179	0.87181	1.1813	349.74	2.2799	27.193	0.039900	supercritical
528.33	12.000	127.09	0.0078685	596.78	691.20	2.3216	0.87253	1.1807	350.41	2.2626	27.248	0.040011	supercritical
530.00	12.000	126.56	0.0079017	598.35	693.17	2.3253	0.87324	1.1801	351.09	2.2454	27.304	0.040121	supercritical
531.67	12.000	126.03	0.0079348	599.92	695.14	2.3290	0.87397	1.1796	351.76	2.2284	27.359	0.040232	supercritical
533.33	12.000	125.50	0.0079679	601.49	697.10	2.3327	0.87469	1.1790	352.43	2.2115	27.415	0.040343	supercritical
535.00	12.000	124.99	0.0080009	603.06	699.07	2.3364	0.87541	1.1785	353.09	2.1949	27.471	0.040454	supercritical
536.67	12.000	124.47	0.0080339	604.62	701.03	2.3401	0.87614	1.1780	353.75	2.1784	27.526	0.040566	supercritical
538.33	12.000	123.97	0.0080668	606.19	702.99	2.3437	0.87687	1.1776	354.41	2.1620	27.582	0.040678	supercritical
540.00	12.000	123.46	0.0080996	607.76	704.96	2.3474	0.87760	1.1772	355.07	2.1458	27.638	0.040790	supercritical
541.67	12.000	122.97	0.0081324	609.33	706.92	2.3510	0.87833	1.1767	355.72	2.1298	27.694	0.040902	supercritical
543.33	12.000	122.47	0.0081651	610.90	708.88	2.3546	0.87907	1.1763	356.38	2.1139	27.749	0.041015	supercritical
545.00	12.000	121.99	0.0081977	612.47	710.84	2.3582	0.87981	1.1760	357.03	2.0981	27.805	0.041128	supercritical
546.67	12.000	121.50	0.0082303	614.04	712.80	2.3618	0.88054	1.1756	357.67	2.0825	27.861	0.041241	supercritical
548.33	12.000	121.02	0.0082628	615.60	714.76	2.3654	0.88128	1.1753	358.32	2.0671	27.917	0.041354	supercritical
550.00	12.000	120.55	0.0082953	617.17	716.72	2.3690	0.88202	1.1750	358.96	2.0518	27.973	0.041467	supercritical
551.67	12.000	120.08	0.0083277	618.74	718.67	2.3725	0.88277	1.1747	359.60	2.0367	28.028	0.041581	supercritical
553.33	12.000	119.62	0.0083601	620.31	720.63	2.3760	0.88351	1.1744	360.24	2.0216	28.084	0.041695	supercritical
555.00	12.000	119.16	0.0083924	621.88	722.59	2.3796	0.88425	1.1741	360.88	2.0068	28.140	0.041809	supercritical
556.67	12.000	118.70	0.0084246	623.45	724.55	2.3831	0.88500	1.1739	361.51	1.9920	28.196	0.041923	supercritical
558.33	12.000	118.25	0.0084568	625.02	726.50	2.3866	0.88574	1.1737	362.14	1.9774	28.252	0.042038	supercritical
560.00	12.000	117.80	0.0084890	626.59	728.46	2.3901	0.88649	1.1735	362.77	1.9630	28.308	0.042152	supercritical
561.67	12.000	117.36	0.0085211	628.16	730.41	2.3936	0.88724	1.1733	363.40	1.9487	28.364	0.042267	supercritical
563.33	12.000	116.92	0.0085531	629.73	732.37	2.3971	0.88799	1.1731	364.03	1.9345	28.419	0.042382	supercritical
565.00	12.000	116.48	0.0085851	631.30	734.32	2.4005	0.88874	1.1729	364.65	1.9204	28.475	0.042497	supercritical
566.67	12.000	116.05	0.0086170	632.87	736.28	2.4040	0.88949	1.1728	365.27	1.9065	28.531	0.042613	supercritical
568.33	12.000	115.62	0.0086489	634.45	738.23	2.4074	0.89024	1.1726	365.89	1.8927	28.587	0.042728	supercritical
570.00	12.000	115.20	0.0086808	636.02	740.19	2.4109	0.89099	1.1725	366.51	1.8790	28.643	0.042844	supercritical
571.67	12.000	114.78	0.0087126	637.59	742.14	2.4143	0.89174	1.1724	367.12	1.8654	28.699	0.042960	supercritical
573.33	12.000	114.36	0.0087443	639.16	744.10	2.4177	0.89249	1.1723	367.74	1.8520	28.755	0.043075	supercritical
575.00	12.000	113.95	0.0087760	640.74	746.05	2.4211	0.89325	1.1722	368.35	1.8387	28.811	0.043192	supercritical
576.67	12.000	113.54	0.0088077	642.31	748.00	2.4245	0.89400	1.1721	368.96	1.8255	28.866	0.043308	supercritical
578.33	12.000	113.13	0.0088393	643.88	749.96	2.4279	0.89475	1.1721	369.56	1.8124	28.922	0.043424	supercritical
580.00	12.000	112.73	0.0088709	645.46	751.91	2.4313	0.89551	1.1720	370.17	1.7994	28.978	0.043541	supercritical
581.67	12.000	112.33	0.0089024	647.03	753.86	2.4346	0.89626	1.1720	370.77	1.7866	29.034	0.043657	supercritical
583.33	12.000	111.93	0.0089339	648.61	755.82	2.4380	0.89701	1.1720	371.37	1.7739	29.090	0.043774	supercritical
585.00	12.000	111.54	0.0089654	650.19	757.77	2.4413	0.89777	1.1720	371.97	1.7612	29.146	0.043891	supercritical
586.67	12.000	111.15	0.0089968	651.76	759.72	2.4446	0.89852	1.1720	372.57	1.7487	29.201	0.044008	supercritical
588.33	12.000	110.76	0.0090281	653.34	761.68	2.4480	0.89927	1.1720	373.17	1.7363	29.257	0.044125	supercritical
590.00	12.000	110.38	0.0090594	654.92	763.63	2.4513	0.90003	1.1720	373.76	1.7240	29.313	0.044242	supercritical
591.67	12.000	110.00	0.0090907	656.49	765.58	2.4546	0.90078	1.1720	374.36	1.7119	29.369	0.044360	supercritical
593.33	12.000	109.63	0.0091220	658.07	767.54	2.4579	0.90153	1.1721	374.95	1.6998	29.424	0.044477	supercritical
595.00	12.000	109.25	0.0091532	659.65	769.49	2.4612	0.90229	1.1721	375.54	1.6878	29.480	0.044595	supercritical
596.67	12.000	108.88	0.0091843	661.23	771.44	2.4645	0.90304	1.1722	376.12	1.6759	29.536	0.044712	supercritical
598.33	12.000	108.51	0.0092154	662.81	773.40	2.4677	0.90379	1.1723	376.71	1.6642	29.591	0.044830	supercritical
600.00	12.000	108.15	0.0092465	664.39	775.35	2.4710	0.90454	1.1723	377.29	1.6525	29.647	0.044948	supercritical
601.67	12.000	107.79	0.0092776	665.97	777.31	2.4742	0.90530	1.1724	377.88	1.6409	29.703	0.045066	supercritical
603.33	12.000	107.43	0.0093086	667.56	779.26	2.4775	0.90605	1.1725	378.46	1.6295	29.758	0.045184	supercritical
605.00	12.000	107.07	0.0093396	669.14	781.21	2.4807	0.90680	1.1726	379.04	1.6181	29.814	0.045302	supercritical
606.67	12.000	106.72	0.0093705	670.72	783.17	2.4839	0.90755	1.1727	379.61	1.6068	29.869	0.045421	supercritical
608.33	12.000	106.37	0.0094014	672.31	785.12	2.4872	0.90830	1.1729	380.19	1.5957	29.925	0.045539	supercritical
610.00	12.000	106.02	0.0094323	673.89	787.08	2.4904	0.90905	1.1730	380.76	1.5846	29.980	0.045657	supercritical
611.67	12.000	105.67	0.0094631	675.48	789.03	2.4936	0.90980	1.1731	381.34	1.5736	30.036	0.045776	supercritical
613.33	12.000	105.33	0.0094939	677.06	790.99	2.4968	0.91055	1.1733	381.91	1.5627	30.091	0.045894	supercritical
615.00	12.000	104.99	0.0095247	678.65	792.94	2.4999	0.91129	1.1734	382.48	1.5519	30.147	0.046013	supercritical
616.67	12.000	104.65	0.0095554	680.23	794.90	2.5031	0.91204	1.1736	383.05	1.5412	30.202	0.046132	supercritical
618.33	12.000	104.32	0.0095861	681.82	796.86	2.5063	0.91279	1.1737	383.61	1.5305	30.257	0.046250	supercritical
620.00	12.000	103.99	0.0096168	683.41	798.81	2.5095	0.91353	1.1739	384.18	1.5200	30.313	0.046369	supercritical
621.67	12.000	103.65	0.0096474	685.00	800.77	2.5126	0.91428	1.1741	384.74	1.5096	30.368	0.046488	supercritical
623.33	12.000	103.33	0.0096780	686.59	802.73	2.5157	0.91502	1.1743	385.30	1.4992	30.423	0.046607	supercritical
625.00	12.000	103.00	0.0097086	688.18	804.68	2.5189	0.91577	1.1745	385.86	1.4889	30.479	0.046726	supercritical
626.67	12.000	102.68	0.0097391	689.77	806.64	2.5220	0.91651	1.1747	386.42	1.4787	30.534	0.046845	supercritical
628.33	12.000	102.36	0.0097696	691.36	808.60	2.5251	0.91725	1.1749	386.98	1.4686	30.589	0.046965	supercritical
630.00	12.000	102.04	0.0098001	692.96	810.56	2.5282	0.91799	1.1751	387.54	1.4586	30.644	0.047084	supercritical
631.67	12.000	101.72	0.0098305	694.55	812.52	2.5313	0.91874	1.1753	388.09	1.4486	30.699	0.047203	supercritical
633.33	12.000	101.41	0.0098609	696.14	814.47	2.5344	0.91948	1.1755	388.65	1.4387	30.754	0.047322	supercritical
635.00	12.000	101.10	0.0098913	697.74	816.43	2.5375	0.92021	1.1757	389.20	1.4290	30.810	0.047442	supercritical
636.67	12.000	100.79	0.0099217	699.33	818.39	2.5406	0.92095	1.1760	389.75	1.4192	30.865	0.047561	supercritical
638.33	12.000	100.48	0.0099520	700.93	820.35	2.5437	0.92169	1.1762	390.30	1.4096	30.920	0.047681	supercritical
640.00	12.000	100.18	0.0099823	702.53	822.31	2.5468	0.92242	1.1764	390.85	1.4000	30.975	0.047800	supercritical
641.67	12.000	99.874	0.010013	704.12	824.28	2.5498	0.92316	1.1767	391.39	1.3906	31.030	0.047920	supercritical
643.33	12.000	99.574	0.010043	705.72	826.24	2.5529	0.92389	1.1769	391.94	1.3812	31.084	0.048039	supercritical
645.00	12.000	99.275	0.010073	707.32	828.20	2.5559	0.92463	1.1772	392.48	1.3718	31.139	0.048159	supercritical
646.67	12.000	98.978	0.010103	708.92	830.16	2.5590	0.92536	1.1774	393.02	1.3626	31.194	0.048279	supercritical
648.33	12.000	98.684	0.010133	710.52	832.12	2.5620	0.92609	1.1777	393.57	1.3534	31.249	0.048398	supercritical
650.00	12.000	98.391	0.010164	712.12	834.09	2.5650	0.92682	1.1780	394.11	1.3443	31.304	0.048518	supercritical
651.67	12.000	98.101	0.010194	713.73	836.05	2.5680	0.92755	1.1782	394.64	1.3352	31.359	0.048638	supercritical
653.33	12.000	97.812	0.010224	715.33	838.01	2.5710	0.92828	1.1785	395.18	1.3263	31.413	0.048758	supercritical
655.00	12.000	97.525	0.010254	716.93	839.98	2.5740	0.92900	1.1788	395.72	1.3174	31.468	0.048878	supercritical
656.67	12.000	97.240	0.010284	718.54	841.94	2.5770	0.92973	1.1791	396.25	1.3085	31.523	0.048998	supercritical
658.33	12.000	96.958	0.010314	720.14	843.91	2.5800	0.93045	1.1794	396.79	1.2998	31.577	0.049117	supercritical
660.00	12.000	96.676	0.010344	721.75	845.87	2.5830	0.93118	1.1797	397.32	1.2911	31.632	0.049237	supercritical
661.67	12.000	96.397	0.010374	723.36	847.84	2.5860	0.93190	1.1800	397.85	1.2824	31.686	0.049357	supercritical
663.33	12.000	96.120	0.010404	724.96	849.81	2.5890	0.93262	1.1803	398.38	1.2739	31.741	0.049477	supercritical
665.00	12.000	95.845	0.010434	726.57	851.77	2.5919	0.93334	1.1806	398.91	1.2654	31.795	0.049597	supercritical
666.67	12.000	95.571	0.010463	728.18	853.74	2.5949	0.93406	1.1809	399.44	1.2569	31.850	0.049717	supercritical
668.33	12.000	95.299	0.010493	729.79	855.71	2.5978	0.93478	1.1812	399.96	1.2486	31.904	0.049837	supercritical
670.00	12.000	95.029	0.010523	731.40	857.68	2.6008	0.93549	1.1815	400.49	1.2403	31.958	0.049957	supercritical
671.67	12.000	94.760	0.010553	733.01	859.65	2.6037	0.93621	1.1818	401.01	1.2320	32.013	0.050077	supercritical
673.33	12.000	94.494	0.010583	734.63	861.62	2.6066	0.93692	1.1821	401.54	1.2238	32.067	0.050198	supercritical
675.00	12.000	94.228	0.010613	736.24	863.59	2.6096	0.93764	1.1825	402.06	1.2157	32.121	0.050318	supercritical
676.67	12.000	93.965	0.010642	737.85	865.56	2.6125	0.93835	1.1828	402.58	1.2076	32.175	0.050438	supercritical
678.33	12.000	93.703	0.010672	739.47	867.53	2.6154	0.93906	1.1831	403.10	1.1996	32.230	0.050558	supercritical
680.00	12.000	93.443	0.010702	741.08	869.50	2.6183	0.93977	1.1835	403.62	1.1917	32.284	0.050678	supercritical
681.67	12.000	93.185	0.010731	742.70	871.48	2.6212	0.94047	1.1838	404.13	1.1838	32.338	0.050798	supercritical
683.33	12.000	92.928	0.010761	744.32	873.45	2.6241	0.94118	1.1841	404.65	1.1760	32.392	0.050918	supercritical
685.00	12.000	92.673	0.010791	745.94	875.42	2.6270	0.94188	1.1845	405.17	1.1682	32.446	0.051039	supercritical
686.67	12.000	92.419	0.010820	747.56	877.40	2.6298	0.94259	1.1848	405.68	1.1605	32.500	0.051159	supercritical
688.33	12.000	92.167	0.010850	749.18	879.37	2.6327	0.94329	1.1851	406.19	1.1529	32.554	0.051279	supercritical
690.00	12.000	91.917	0.010879	750.80	881.35	2.6356	0.94399	1.1855	406.70	1.1453	32.608	0.051399	supercritical
691.67	12.000	91.668	0.010909	752.42	883.33	2.6384	0.94469	1.1858	407.22	1.1377	32.662	0.051519	supercritical
693.33	12.000	91.421	0.010938	754.04	885.30	2.6413	0.94539	1.1862	407.73	1.1302	32.715	0.051639	supercritical
695.00	12.000	91.175	0.010968	755.66	887.28	2.6441	0.94609	1.1866	408.23	1.1228	32.769	0.051760	supercritical
696.67	12.000	90.930	0.010997	757.29	889.26	2.6470	0.94678	1.1869	408.74	1.1154	32.823	0.051880	supercritical
698.33	12.000	90.687	0.011027	758.91	891.24	2.6498	0.94748	1.1873	409.25	1.1081	32.877	0.052000	supercritical
700.00	12.000	90.446	0.011056	760.54	893.21	2.6526	0.94817	1.1876	409.75	1.1008	32.930	0.052120	supercritical
701.67	12.000	90.205	0.011086	762.16	895.19	2.6555	0.94886	1.1880	410.26	1.0936	32.984	0.052240	supercritical
703.33	12.000	89.967	0.011115	763.79	897.17	2.6583	0.94955	1.1884	410.76	1.0864	33.038	0.052360	supercritical
705.00	12.000	89.730	0.011145	765.42	899.16	2.6611	0.95024	1.1887	411.27	1.0793	33.091	0.052481	supercritical
706.67	12.000	89.494	0.011174	767.05	901.14	2.6639	0.95093	1.1891	411.77	1.0722	33.145	0.052601	supercritical
708.33	12.000	89.259	0.011203	768.68	903.12	2.6667	0.95161	1.1895	412.27	1.0652	33.198	0.052721	supercritical
710.00	12.000	89.026	0.011233	770.31	905.10	2.6695	0.95230	1.1898	412.77	1.0582	33.252	0.052841	supercritical
711.67	12.000	88.794	0.011262	771.94	907.09	2.6723	0.95298	1.1902	413.27	1.0513	33.305	0.052961	supercritical
713.33	12.000	88.564	0.011291	773.57	909.07	2.6751	0.95366	1.1906	413.76	1.0444	33.358	0.053081	supercritical
715.00	12.000	88.335	0.011321	775.21	911.05	2.6779	0.95434	1.1910	414.26	1.0376	33.412	0.053201	supercritical
716.67	12.000	88.107	0.011350	776.84	913.04	2.6806	0.95502	1.1913	414.76	1.0308	33.465	0.053321	supercritical
718.33	12.000	87.881	0.011379	778.48	915.03	2.6834	0.95570	1.1917	415.25	1.0241	33.518	0.053442	supercritical
720.00	12.000	87.656	0.011408	780.11	917.01	2.6862	0.95637	1.1921	415.75	1.0174	33.571	0.053562	supercritical
721.67	12.000	87.432	0.011437	781.75	919.00	2.6889	0.95705	1.1925	416.24	1.0108	33.625	0.053682	supercritical
723.33	12.000	87.209	0.011467	783.39	920.99	2.6917	0.95772	1.1929	416.73	1.0042	33.678	0.053802	supercritical
725.00	12.000	86.988	0.011496	785.02	922.97	2.6944	0.95839	1.1932	417.22	0.99765	33.731	0.053922	supercritical
726.67	12.000	86.768	0.011525	786.66	924.96	2.6972	0.95906	1.1936	417.71	0.99115	33.784	0.054042	supercritical
728.33	12.000	86.549	0.011554	788.30	926.95	2.6999	0.95973	1.1940	418.20	0.98470	33.837	0.054162	supercritical
730.00	12.000	86.332	0.011583	789.95	928.94	2.7026	0.96040	1.1944	418.69	0.97828	33.890	0.054282	supercritical
731.67	12.000	86.115	0.011612	791.59	930.94	2.7053	0.96106	1.1948	419.18	0.97191	33.943	0.054402	supercritical
733.33	12.000	85.900	0.011641	793.23	932.93	2.7081	0.96173	1.1952	419.66	0.96559	33.996	0.054522	supercritical
735.00	12.000	85.686	0.011671	794.87	934.92	2.7108	0.96239	1.1956	420.15	0.95930	34.048	0.054641	supercritical
736.67	12.000	85.473	0.011700	796.52	936.91	2.7135	0.96305	1.1960	420.63	0.95306	34.101	0.054761	supercritical
738.33	12.000	85.262	0.011729	798.16	938.91	2.7162	0.96371	1.1964	421.12	0.94686	34.154	0.054881	supercritical
740.00	12.000	85.051	0.011758	799.81	940.90	2.7189	0.96437	1.1968	421.60	0.94070	34.207	0.055001	supercritical
741.67	12.000	84.842	0.011787	801.46	942.89	2.7216	0.96503	1.1972	422.08	0.93459	34.259	0.055121	supercritical
743.33	12.000	84.634	0.011816	803.10	944.89	2.7243	0.96568	1.1976	422.56	0.92851	34.312	0.055241	supercritical
745.00	12.000	84.427	0.011845	804.75	946.89	2.7270	0.96634	1.1980	423.05	0.92247	34.365	0.055361	supercritical
746.67	12.000	84.221	0.011874	806.40	948.88	2.7296	0.96699	1.1984	423.52	0.91648	34.417	0.055480	supercritical
748.33	12.000	84.016	0.011903	808.05	950.88	2.7323	0.96764	1.1988	424.00	0.91052	34.470	0.055600	supercritical
750.00	12.000	83.812	0.011931	809.70	952.88	2.7350	0.96829	1.1992	424.48	0.90460	34.522	0.055720	supercritical
751.67	12.000	83.609	0.011960	811.35	954.88	2.7376	0.96894	1.1996	424.96	0.89873	34.575	0.055839	supercritical
753.33	12.000	83.408	0.011989	813.01	956.88	2.7403	0.96958	1.2000	425.44	0.89289	34.627	0.055959	supercritical
755.00	12.000	83.207	0.012018	814.66	958.88	2.7429	0.97023	1.2004	425.91	0.88709	34.679	0.056079	supercritical
756.67	12.000	83.008	0.012047	816.31	960.88	2.7456	0.97087	1.2008	426.39	0.88132	34.732	0.056198	supercritical
758.33	12.000	82.810	0.012076	817.97	962.88	2.7482	0.97151	1.2012	426.86	0.87560	34.784	0.056318	supercritical
760.00	12.000	82.612	0.012105	819.63	964.88	2.7509	0.97215	1.2016	427.33	0.86991	34.836	0.056437	supercritical
761.67	12.000	82.416	0.012134	821.28	966.89	2.7535	0.97279	1.2020	427.80	0.86425	34.888	0.056557	supercritical
763.33	12.000	82.221	0.012162	822.94	968.89	2.7561	0.97343	1.2024	428.28	0.85864	34.941	0.056676	supercritical
765.00	12.000	82.026	0.012191	824.60	970.89	2.7588	0.97406	1.2028	428.75	0.85306	34.993	0.056796	supercritical
766.67	12.000	81.833	0.012220	826.26	972.90	2.7614	0.97470	1.2032	429.22	0.84752	35.045	0.056915	supercritical
768.33	12.000	81.641	0.012249	827.92	974.90	2.7640	0.97533	1.2036	429.69	0.84201	35.097	0.057035	supercritical
770.00	12.000	81.450	0.012278	829.58	976.91	2.7666	0.97596	1.2040	430.15	0.83653	35.149	0.057154	supercritical
771.67	12.000	81.259	0.012306	831.24	978.92	2.7692	0.97659	1.2044	430.62	0.83109	35.201	0.057273	supercritical
773.33	12.000	81.070	0.012335	832.91	980.93	2.7718	0.97722	1.2048	431.09	0.82569	35.253	0.057392	supercritical
775.00	12.000	80.882	0.012364	834.57	982.93	2.7744	0.97785	1.2052	431.55	0.82032	35.305	0.057512	supercritical
776.67	12.000	80.694	0.012392	836.23	984.94	2.7770	0.97847	1.2057	432.02	0.81499	35.356	0.057631	supercritical
778.33	12.000	80.508	0.012421	837.90	986.95	2.7796	0.97910	1.2061	432.48	0.80968	35.408	0.057750	supercritical
780.00	12.000	80.322	0.012450	839.57	988.96	2.7821	0.97972	1.2065	432.95	0.80441	35.460	0.057869	supercritical
781.67	12.000	80.138	0.012478	841.23	990.97	2.7847	0.98034	1.2069	433.41	0.79918	35.512	0.057988	supercritical
783.33	12.000	79.954	0.012507	842.90	992.99	2.7873	0.98096	1.2073	433.87	0.79397	35.563	0.058107	supercritical
785.00	12.000	79.772	0.012536	844.57	995.00	2.7899	0.98157	1.2077	434.33	0.78880	35.615	0.058226	supercritical
786.67	12.000	79.590	0.012564	846.24	997.01	2.7924	0.98219	1.2081	434.79	0.78366	35.667	0.058345	supercritical
788.33	12.000	79.409	0.012593	847.91	999.03	2.7950	0.98281	1.2085	435.25	0.77856	35.718	0.058464	supercritical
790.00	12.000	79.229	0.012622	849.58	1001.0	2.7975	0.98342	1.2089	435.71	0.77348	35.770	0.058583	supercritical
791.67	12.000	79.050	0.012650	851.25	1003.1	2.8001	0.98403	1.2094	436.17	0.76844	35.821	0.058702	supercritical
793.33	12.000	78.872	0.012679	852.93	1005.1	2.8026	0.98464	1.2098	436.63	0.76342	35.873	0.058821	supercritical
795.00	12.000	78.694	0.012707	854.60	1007.1	2.8052	0.98525	1.2102	437.09	0.75844	35.924	0.058940	supercritical
796.67	12.000	78.518	0.012736	856.27	1009.1	2.8077	0.98586	1.2106	437.54	0.75349	35.975	0.059058	supercritical
798.33	12.000	78.342	0.012764	857.95	1011.1	2.8102	0.98646	1.2110	438.00	0.74857	36.027	0.059177	supercritical
800.00	12.000	78.168	0.012793	859.63	1013.1	2.8128	0.98707	1.2114	438.45	0.74368	36.078	0.059296	supercritical
801.67	12.000	77.994	0.012822	861.30	1015.2	2.8153	0.98767	1.2118	438.91	0.73881	36.129	0.059414	supercritical
803.33	12.000	77.821	0.012850	862.98	1017.2	2.8178	0.98827	1.2122	439.36	0.73398	36.180	0.059533	supercritical
805.00	12.000	77.648	0.012879	864.66	1019.2	2.8203	0.98887	1.2127	439.82	0.72918	36.232	0.059652	supercritical
806.67	12.000	77.477	0.012907	866.34	1021.2	2.8228	0.98947	1.2131	440.27	0.72440	36.283	0.059770	supercritical
808.33	12.000	77.306	0.012936	868.02	1023.2	2.8253	0.99006	1.2135	440.72	0.71966	36.334	0.059889	supercritical
810.00	12.000	77.137	0.012964	869.70	1025.3	2.8278	0.99066	1.2139	441.17	0.71494	36.385	0.060007	supercritical
811.67	12.000	76.968	0.012992	871.38	1027.3	2.8303	0.99125	1.2143	441.62	0.71025	36.436	0.060125	supercritical
813.33	12.000	76.800	0.013021	873.07	1029.3	2.8328	0.99184	1.2147	442.07	0.70559	36.487	0.060244	supercritical
815.00	12.000	76.632	0.013049	874.75	1031.3	2.8353	0.99243	1.2151	442.52	0.70096	36.538	0.060362	supercritical
816.67	12.000	76.466	0.013078	876.43	1033.4	2.8378	0.99302	1.2155	442.97	0.69635	36.589	0.060480	supercritical
818.33	12.000	76.300	0.013106	878.12	1035.4	2.8403	0.99361	1.2160	443.42	0.69177	36.640	0.060598	supercritical
820.00	12.000	76.135	0.013135	879.81	1037.4	2.8427	0.99420	1.2164	443.86	0.68722	36.690	0.060717	supercritical
821.67	12.000	75.971	0.013163	881.49	1039.4	2.8452	0.99478	1.2168	444.31	0.68269	36.741	0.060835	supercritical
823.33	12.000	75.807	0.013191	883.18	1041.5	2.8477	0.99536	1.2172	444.75	0.67819	36.792	0.060953	supercritical
825.00	12.000	75.645	0.013220	884.87	1043.5	2.8501	0.99594	1.2176	445.20	0.67372	36.843	0.061071	supercritical
826.67	12.000	75.483	0.013248	886.56	1045.5	2.8526	0.99652	1.2180	445.64	0.66928	36.893	0.061189	supercritical
828.33	12.000	75.322	0.013276	888.25	1047.6	2.8550	0.99710	1.2184	446.09	0.66486	36.944	0.061307	supercritical
830.00	12.000	75.161	0.013305	889.94	1049.6	2.8575	0.99768	1.2188	446.53	0.66046	36.994	0.061424	supercritical
831.67	12.000	75.001	0.013333	891.63	1051.6	2.8599	0.99825	1.2192	446.97	0.65609	37.045	0.061542	supercritical
833.33	12.000	74.843	0.013361	893.32	1053.7	2.8624	0.99883	1.2197	447.41	0.65175	37.096	0.061660	supercritical
835.00	12.000	74.684	0.013390	895.02	1055.7	2.8648	0.99940	1.2201	447.85	0.64743	37.146	0.061778	supercritical
836.67	12.000	74.527	0.013418	896.71	1057.7	2.8672	0.99997	1.2205	448.30	0.64314	37.196	0.061895	supercritical
838.33	12.000	74.370	0.013446	898.41	1059.8	2.8697	1.0005	1.2209	448.74	0.63887	37.247	0.062013	supercritical
840.00	12.000	74.214	0.013475	900.10	1061.8	2.8721	1.0011	1.2213	449.17	0.63462	37.297	0.062131	supercritical
841.67	12.000	74.059	0.013503	901.80	1063.8	2.8745	1.0017	1.2217	449.61	0.63040	37.347	0.062248	supercritical
843.33	12.000	73.904	0.013531	903.50	1065.9	2.8769	1.0022	1.2221	450.05	0.62620	37.398	0.062366	supercritical
845.00	12.000	73.750	0.013559	905.19	1067.9	2.8793	1.0028	1.2225	450.49	0.62203	37.448	0.062483	supercritical
846.67	12.000	73.597	0.013588	906.89	1069.9	2.8818	1.0034	1.2229	450.93	0.61788	37.498	0.062600	supercritical
848.33	12.000	73.444	0.013616	908.59	1072.0	2.8842	1.0039	1.2233	451.36	0.61376	37.548	0.062718	supercritical
850.00	12.000	73.292	0.013644	910.29	1074.0	2.8866	1.0045	1.2237	451.80	0.60965	37.599	0.062835	supercritical
851.67	12.000	73.141	0.013672	912.00	1076.1	2.8890	1.0050	1.2242	452.23	0.60557	37.649	0.062952	supercritical
853.33	12.000	72.990	0.013700	913.70	1078.1	2.8914	1.0056	1.2246	452.67	0.60152	37.699	0.063069	supercritical
855.00	12.000	72.840	0.013729	915.40	1080.1	2.8937	1.0062	1.2250	453.10	0.59748	37.749	0.063187	supercritical
856.67	12.000	72.691	0.013757	917.10	1082.2	2.8961	1.0067	1.2254	453.53	0.59347	37.799	0.063304	supercritical
858.33	12.000	72.543	0.013785	918.81	1084.2	2.8985	1.0073	1.2258	453.97	0.58948	37.849	0.063421	supercritical
860.00	12.000	72.395	0.013813	920.51	1086.3	2.9009	1.0078	1.2262	454.40	0.58552	37.899	0.063538	supercritical
861.67	12.000	72.247	0.013841	922.22	1088.3	2.9033	1.0084	1.2266	454.83	0.58157	37.948	0.063655	supercritical
863.33	12.000	72.101	0.013869	923.93	1090.4	2.9056	1.0089	1.2270	455.26	0.57765	37.998	0.063771	supercritical
865.00	12.000	71.955	0.013898	925.63	1092.4	2.9080	1.0095	1.2274	455.69	0.57375	38.048	0.063888	supercritical
866.67	12.000	71.810	0.013926	927.34	1094.5	2.9104	1.0100	1.2278	456.12	0.56987	38.098	0.064005	supercritical
868.33	12.000	71.665	0.013954	929.05	1096.5	2.9127	1.0105	1.2282	456.55	0.56601	38.148	0.064122	supercritical
870.00	12.000	71.521	0.013982	930.76	1098.5	2.9151	1.0111	1.2286	456.98	0.56217	38.197	0.064238	supercritical
871.67	12.000	71.377	0.014010	932.47	1100.6	2.9174	1.0116	1.2290	457.41	0.55836	38.247	0.064355	supercritical
873.33	12.000	71.234	0.014038	934.18	1102.6	2.9198	1.0122	1.2294	457.84	0.55456	38.296	0.064472	supercritical
875.00	12.000	71.092	0.014066	935.90	1104.7	2.9221	1.0127	1.2298	458.26	0.55079	38.346	0.064588	supercritical
876.67	12.000	70.951	0.014094	937.61	1106.7	2.9245	1.0132	1.2302	458.69	0.54703	38.396	0.064705	supercritical
878.33	12.000	70.809	0.014122	939.32	1108.8	2.9268	1.0138	1.2306	459.11	0.54330	38.445	0.064821	supercritical
880.00	12.000	70.669	0.014150	941.04	1110.8	2.9291	1.0143	1.2310	459.54	0.53958	38.495	0.064937	supercritical
881.67	12.000	70.529	0.014179	942.75	1112.9	2.9315	1.0148	1.2314	459.96	0.53589	38.544	0.065054	supercritical
883.33	12.000	70.390	0.014207	944.47	1114.9	2.9338	1.0154	1.2318	460.39	0.53221	38.593	0.065170	supercritical
885.00	12.000	70.251	0.014235	946.19	1117.0	2.9361	1.0159	1.2322	460.81	0.52856	38.643	0.065286	supercritical
886.67	12.000	70.113	0.014263	947.90	1119.1	2.9384	1.0164	1.2326	461.24	0.52493	38.692	0.065402	supercritical
888.33	12.000	69.976	0.014291	949.62	1121.1	2.9407	1.0169	1.2330	461.66	0.52131	38.741	0.065518	supercritical
890.00	12.000	69.839	0.014319	951.34	1123.2	2.9431	1.0175	1.2334	462.08	0.51771	38.791	0.065634	supercritical
891.67	12.000	69.703	0.014347	953.06	1125.2	2.9454	1.0180	1.2338	462.50	0.51414	38.840	0.065750	supercritical
893.33	12.000	69.567	0.014375	954.78	1127.3	2.9477	1.0185	1.2342	462.92	0.51058	38.889	0.065866	supercritical
895.00	12.000	69.432	0.014403	956.50	1129.3	2.9500	1.0190	1.2346	463.34	0.50704	38.938	0.065982	supercritical
896.67	12.000	69.297	0.014431	958.23	1131.4	2.9523	1.0196	1.2350	463.76	0.50352	38.987	0.066098	supercritical
898.33	12.000	69.163	0.014459	959.95	1133.5	2.9546	1.0201	1.2354	464.18	0.50002	39.036	0.066213	supercritical
900.00	12.000	69.029	0.014487	961.67	1135.5	2.9569	1.0206	1.2358	464.60	0.49653	39.085	0.066329	supercritical
901.67	12.000	68.896	0.014515	963.40	1137.6	2.9591	1.0211	1.2362	465.02	0.49307	39.134	0.066445	supercritical
903.33	12.000	68.764	0.014542	965.12	1139.6	2.9614	1.0216	1.2366	465.44	0.48962	39.183	0.066560	supercritical
905.00	12.000	68.632	0.014570	966.85	1141.7	2.9637	1.0221	1.2370	465.86	0.48619	39.232	0.066676	supercritical
906.67	12.000	68.501	0.014598	968.58	1143.8	2.9660	1.0226	1.2374	466.27	0.48278	39.281	0.066791	supercritical
908.33	12.000	68.370	0.014626	970.30	1145.8	2.9683	1.0232	1.2378	466.69	0.47938	39.330	0.066906	supercritical
910.00	12.000	68.240	0.014654	972.03	1147.9	2.9705	1.0237	1.2382	467.10	0.47601	39.379	0.067022	supercritical
911.67	12.000	68.110	0.014682	973.76	1149.9	2.9728	1.0242	1.2385	467.52	0.47265	39.428	0.067137	supercritical
913.33	12.000	67.981	0.014710	975.49	1152.0	2.9751	1.0247	1.2389	467.93	0.46931	39.476	0.067252	supercritical
915.00	12.000	67.852	0.014738	977.22	1154.1	2.9773	1.0252	1.2393	468.35	0.46598	39.525	0.067367	supercritical
916.67	12.000	67.724	0.014766	978.95	1156.1	2.9796	1.0257	1.2397	468.76	0.46268	39.574	0.067482	supercritical
918.33	12.000	67.596	0.014794	980.68	1158.2	2.9818	1.0262	1.2401	469.18	0.45939	39.622	0.067597	supercritical
920.00	12.000	67.469	0.014822	982.42	1160.3	2.9841	1.0267	1.2405	469.59	0.45611	39.671	0.067712	supercritical
921.67	12.000	67.342	0.014849	984.15	1162.3	2.9863	1.0272	1.2409	470.00	0.45285	39.720	0.067827	supercritical
923.33	12.000	67.216	0.014877	985.88	1164.4	2.9886	1.0277	1.2413	470.41	0.44961	39.768	0.067942	supercritical
925.00	12.000	67.091	0.014905	987.62	1166.5	2.9908	1.0282	1.2416	470.83	0.44639	39.817	0.068057	supercritical
926.67	12.000	66.966	0.014933	989.35	1168.6	2.9930	1.0287	1.2420	471.24	0.44318	39.865	0.068172	supercritical
928.33	12.000	66.841	0.014961	991.09	1170.6	2.9953	1.0292	1.2424	471.65	0.43999	39.914	0.068286	supercritical
930.00	12.000	66.717	0.014989	992.83	1172.7	2.9975	1.0296	1.2428	472.06	0.43682	39.962	0.068401	supercritical
931.67	12.000	66.593	0.015017	994.56	1174.8	2.9997	1.0301	1.2432	472.47	0.43366	40.010	0.068516	supercritical
933.33	12.000	66.470	0.015044	996.30	1176.8	3.0019	1.0306	1.2436	472.88	0.43051	40.059	0.068630	supercritical
935.00	12.000	66.347	0.015072	998.04	1178.9	3.0042	1.0311	1.2440	473.28	0.42738	40.107	0.068745	supercritical
936.67	12.000	66.225	0.015100	999.78	1181.0	3.0064	1.0316	1.2443	473.69	0.42427	40.155	0.068859	supercritical
938.33	12.000	66.103	0.015128	1001.5	1183.1	3.0086	1.0321	1.2447	474.10	0.42117	40.203	0.068973	supercritical
940.00	12.000	65.982	0.015156	1003.3	1185.1	3.0108	1.0326	1.2451	474.51	0.41809	40.252	0.069088	supercritical
941.67	12.000	65.861	0.015183	1005.0	1187.2	3.0130	1.0331	1.2455	474.91	0.41503	40.300	0.069202	supercritical
943.33	12.000	65.741	0.015211	1006.7	1189.3	3.0152	1.0335	1.2459	475.32	0.41198	40.348	0.069316	supercritical
945.00	12.000	65.621	0.015239	1008.5	1191.4	3.0174	1.0340	1.2462	475.73	0.40894	40.396	0.069430	supercritical
946.67	12.000	65.502	0.015267	1010.2	1193.4	3.0196	1.0345	1.2466	476.13	0.40592	40.444	0.069544	supercritical
948.33	12.000	65.383	0.015295	1012.0	1195.5	3.0218	1.0350	1.2470	476.54	0.40291	40.492	0.069658	supercritical
950.00	12.000	65.264	0.015322	1013.7	1197.6	3.0240	1.0354	1.2474	476.94	0.39992	40.540	0.069772	supercritical
951.67	12.000	65.146	0.015350	1015.5	1199.7	3.0262	1.0359	1.2477	477.34	0.39694	40.588	0.069886	supercritical
953.33	12.000	65.029	0.015378	1017.2	1201.8	3.0284	1.0364	1.2481	477.75	0.39398	40.636	0.070000	supercritical
955.00	12.000	64.912	0.015406	1019.0	1203.8	3.0305	1.0369	1.2485	478.15	0.39103	40.684	0.070113	supercritical
956.67	12.000	64.795	0.015433	1020.7	1205.9	3.0327	1.0373	1.2489	478.55	0.38810	40.732	0.070227	supercritical
958.33	12.000	64.679	0.015461	1022.5	1208.0	3.0349	1.0378	1.2492	478.95	0.38518	40.780	0.070341	supercritical
960.00	12.000	64.563	0.015489	1024.2	1210.1	3.0371	1.0383	1.2496	479.36	0.38228	40.827	0.070454	supercritical
961.67	12.000	64.448	0.015516	1026.0	1212.2	3.0392	1.0387	1.2500	479.76	0.37939	40.875	0.070568	supercritical
963.33	12.000	64.333	0.015544	1027.7	1214.2	3.0414	1.0392	1.2503	480.16	0.37651	40.923	0.070681	supercritical
965.00	12.000	64.218	0.015572	1029.5	1216.3	3.0436	1.0397	1.2507	480.56	0.37365	40.971	0.070795	supercritical
966.67	12.000	64.104	0.015600	1031.2	1218.4	3.0457	1.0401	1.2511	480.96	0.37080	41.018	0.070908	supercritical
968.33	12.000	63.991	0.015627	1033.0	1220.5	3.0479	1.0406	1.2515	481.36	0.36796	41.066	0.071021	supercritical
970.00	12.000	63.878	0.015655	1034.7	1222.6	3.0500	1.0411	1.2518	481.76	0.36514	41.114	0.071134	supercritical
971.67	12.000	63.765	0.015683	1036.5	1224.7	3.0522	1.0415	1.2522	482.16	0.36233	41.161	0.071247	supercritical
973.33	12.000	63.653	0.015710	1038.2	1226.8	3.0543	1.0420	1.2526	482.55	0.35953	41.209	0.071360	supercritical
975.00	12.000	63.541	0.015738	1040.0	1228.8	3.0565	1.0424	1.2529	482.95	0.35675	41.256	0.071473	supercritical
976.67	12.000	63.429	0.015766	1041.7	1230.9	3.0586	1.0429	1.2533	483.35	0.35398	41.304	0.071586	supercritical
978.33	12.000	63.318	0.015793	1043.5	1233.0	3.0607	1.0433	1.2537	483.75	0.35122	41.351	0.071699	supercritical
980.00	12.000	63.207	0.015821	1045.3	1235.1	3.0629	1.0438	1.2540	484.14	0.34848	41.398	0.071812	supercritical
981.67	12.000	63.097	0.015849	1047.0	1237.2	3.0650	1.0442	1.2544	484.54	0.34575	41.446	0.071925	supercritical
983.33	12.000	62.987	0.015876	1048.8	1239.3	3.0671	1.0447	1.2547	484.93	0.34303	41.493	0.072038	supercritical
985.00	12.000	62.878	0.015904	1050.5	1241.4	3.0693	1.0451	1.2551	485.33	0.34033	41.540	0.072150	supercritical
986.67	12.000	62.769	0.015931	1052.3	1243.5	3.0714	1.0456	1.2555	485.72	0.33764	41.588	0.072263	supercritical
988.33	12.000	62.660	0.015959	1054.1	1245.6	3.0735	1.0460	1.2558	486.12	0.33496	41.635	0.072375	supercritical
990.00	12.000	62.552	0.015987	1055.8	1247.7	3.0756	1.0465	1.2562	486.51	0.33229	41.682	0.072488	supercritical
991.67	12.000	62.444	0.016014	1057.6	1249.8	3.0777	1.0469	1.2565	486.91	0.32964	41.729	0.072600	supercritical
993.33	12.000	62.337	0.016042	1059.4	1251.9	3.0798	1.0474	1.2569	487.30	0.32699	41.777	0.072713	supercritical
995.00	12.000	62.230	0.016070	1061.1	1253.9	3.0819	1.0478	1.2573	487.69	0.32436	41.824	0.072825	supercritical
996.67	12.000	62.123	0.016097	1062.9	1256.0	3.0840	1.0482	1.2576	488.08	0.32175	41.871	0.072937	supercritical
998.33	12.000	62.017	0.016125	1064.6	1258.1	3.0861	1.0487	1.2580	488.48	0.31914	41.918	0.073049	supercritical
1000.0	12.000	61.911	0.016152	1066.4	1260.2	3.0882	1.0491	1.2583	488.87	0.31655	41.965	0.073161	supercritical
1001.7	12.000	61.805	0.016180	1068.2	1262.3	3.0903	1.0496	1.2587	489.26	0.31396	42.012	0.073273	supercritical
1003.3	12.000	61.700	0.016207	1069.9	1264.4	3.0924	1.0500	1.2590	489.65	0.31139	42.059	0.073385	supercritical
1005.0	12.000	61.595	0.016235	1071.7	1266.5	3.0945	1.0504	1.2594	490.04	0.30883	42.106	0.073497	supercritical
1006.7	12.000	61.491	0.016263	1073.5	1268.6	3.0966	1.0509	1.2597	490.43	0.30629	42.153	0.073609	supercritical
1008.3	12.000	61.387	0.016290	1075.3	1270.7	3.0987	1.0513	1.2601	490.82	0.30375	42.199	0.073721	supercritical
1010.0	12.000	61.283	0.016318	1077.0	1272.8	3.1008	1.0517	1.2605	491.21	0.30123	42.246	0.073832	supercritical
1011.7	12.000	61.180	0.016345	1078.8	1274.9	3.1029	1.0522	1.2608	491.60	0.29872	42.293	0.073944	supercritical
1013.3	12.000	61.077	0.016373	1080.6	1277.0	3.1049	1.0526	1.2612	491.99	0.29621	42.340	0.074056	supercritical
1015.0	12.000	60.974	0.016400	1082.3	1279.1	3.1070	1.0530	1.2615	492.37	0.29372	42.387	0.074167	supercritical
1016.7	12.000	60.872	0.016428	1084.1	1281.2	3.1091	1.0534	1.2619	492.76	0.29125	42.433	0.074279	supercritical
1018.3	12.000	60.770	0.016455	1085.9	1283.3	3.1111	1.0539	1.2622	493.15	0.28878	42.480	0.074390	supercritical
1020.0	12.000	60.669	0.016483	1087.7	1285.4	3.1132	1.0543	1.2625	493.53	0.28632	42.527	0.074501	supercritical
1021.7	12.000	60.568	0.016510	1089.4	1287.6	3.1153	1.0547	1.2629	493.92	0.28388	42.573	0.074613	supercritical
1023.3	12.000	60.467	0.016538	1091.2	1289.7	3.1173	1.0551	1.2632	494.31	0.28144	42.620	0.074724	supercritical
1025.0	12.000	60.366	0.016566	1093.0	1291.8	3.1194	1.0556	1.2636	494.69	0.27902	42.666	0.074835	supercritical
1026.7	12.000	60.266	0.016593	1094.8	1293.9	3.1214	1.0560	1.2639	495.08	0.27661	42.713	0.074946	supercritical
1028.3	12.000	60.167	0.016621	1096.5	1296.0	3.1235	1.0564	1.2643	495.46	0.27420	42.760	0.075057	supercritical
1030.0	12.000	60.067	0.016648	1098.3	1298.1	3.1255	1.0568	1.2646	495.85	0.27181	42.806	0.075168	supercritical
1031.7	12.000	59.968	0.016676	1100.1	1300.2	3.1276	1.0572	1.2650	496.23	0.26943	42.852	0.075279	supercritical
1033.3	12.000	59.870	0.016703	1101.9	1302.3	3.1296	1.0576	1.2653	496.61	0.26706	42.899	0.075390	supercritical
1035.0	12.000	59.771	0.016730	1103.6	1304.4	3.1317	1.0581	1.2656	497.00	0.26470	42.945	0.075501	supercritical
1036.7	12.000	59.673	0.016758	1105.4	1306.5	3.1337	1.0585	1.2660	497.38	0.26235	42.992	0.075611	supercritical
1038.3	12.000	59.575	0.016785	1107.2	1308.6	3.1357	1.0589	1.2663	497.76	0.26001	43.038	0.075722	supercritical
1040.0	12.000	59.478	0.016813	1109.0	1310.7	3.1378	1.0593	1.2667	498.15	0.25768	43.084	0.075833	supercritical
1041.7	12.000	59.381	0.016840	1110.8	1312.9	3.1398	1.0597	1.2670	498.53	0.25536	43.130	0.075943	supercritical
1043.3	12.000	59.284	0.016868	1112.5	1315.0	3.1418	1.0601	1.2673	498.91	0.25305	43.177	0.076054	supercritical
1045.0	12.000	59.188	0.016895	1114.3	1317.1	3.1438	1.0605	1.2677	499.29	0.25076	43.223	0.076164	supercritical
1046.7	12.000	59.092	0.016923	1116.1	1319.2	3.1459	1.0609	1.2680	499.67	0.24847	43.269	0.076274	supercritical
1048.3	12.000	58.996	0.016950	1117.9	1321.3	3.1479	1.0613	1.2683	500.05	0.24619	43.315	0.076385	supercritical
1050.0	12.000	58.901	0.016978	1119.7	1323.4	3.1499	1.0617	1.2687	500.43	0.24392	43.361	0.076495	supercritical
1051.7	12.000	58.806	0.017005	1121.5	1325.5	3.1519	1.0621	1.2690	500.81	0.24166	43.407	0.076605	supercritical
1053.3	12.000	58.711	0.017032	1123.3	1327.6	3.1539	1.0625	1.2693	501.19	0.23941	43.453	0.076715	supercritical
1055.0	12.000	58.617	0.017060	1125.0	1329.8	3.1559	1.0629	1.2697	501.57	0.23717	43.499	0.076825	supercritical
1056.7	12.000	58.523	0.017087	1126.8	1331.9	3.1579	1.0633	1.2700	501.95	0.23494	43.545	0.076935	supercritical
1058.3	12.000	58.429	0.017115	1128.6	1334.0	3.1599	1.0637	1.2703	502.33	0.23272	43.591	0.077045	supercritical
1060.0	12.000	58.336	0.017142	1130.4	1336.1	3.1619	1.0641	1.2707	502.70	0.23051	43.637	0.077155	supercritical
1061.7	12.000	58.243	0.017170	1132.2	1338.2	3.1639	1.0645	1.2710	503.08	0.22830	43.683	0.077265	supercritical
1063.3	12.000	58.150	0.017197	1134.0	1340.3	3.1659	1.0649	1.2713	503.46	0.22611	43.729	0.077374	supercritical
1065.0	12.000	58.057	0.017224	1135.8	1342.5	3.1679	1.0653	1.2716	503.84	0.22393	43.775	0.077484	supercritical
1066.7	12.000	57.965	0.017252	1137.6	1344.6	3.1699	1.0657	1.2720	504.21	0.22175	43.821	0.077594	supercritical
1068.3	12.000	57.873	0.017279	1139.4	1346.7	3.1719	1.0661	1.2723	504.59	0.21959	43.867	0.077703	supercritical
1070.0	12.000	57.781	0.017307	1141.2	1348.8	3.1739	1.0665	1.2726	504.96	0.21743	43.912	0.077813	supercritical
1071.7	12.000	57.690	0.017334	1142.9	1351.0	3.1758	1.0669	1.2729	505.34	0.21529	43.958	0.077922	supercritical
1073.3	12.000	57.599	0.017361	1144.7	1353.1	3.1778	1.0673	1.2733	505.71	0.21315	44.004	0.078031	supercritical
1075.0	12.000	57.509	0.017389	1146.5	1355.2	3.1798	1.0676	1.2736	506.09	0.21102	44.049	0.078141	supercritical
1076.7	12.000	57.418	0.017416	1148.3	1357.3	3.1818	1.0680	1.2739	506.46	0.20890	44.095	0.078250	supercritical
1078.3	12.000	57.328	0.017443	1150.1	1359.4	3.1837	1.0684	1.2742	506.84	0.20679	44.141	0.078359	supercritical
1080.0	12.000	57.238	0.017471	1151.9	1361.6	3.1857	1.0688	1.2746	507.21	0.20469	44.186	0.078468	supercritical
1081.7	12.000	57.149	0.017498	1153.7	1363.7	3.1877	1.0692	1.2749	507.58	0.20259	44.232	0.078577	supercritical
1083.3	12.000	57.060	0.017526	1155.5	1365.8	3.1896	1.0696	1.2752	507.96	0.20051	44.277	0.078686	supercritical
1085.0	12.000	56.971	0.017553	1157.3	1367.9	3.1916	1.0699	1.2755	508.33	0.19843	44.323	0.078795	supercritical
1086.7	12.000	56.882	0.017580	1159.1	1370.1	3.1936	1.0703	1.2758	508.70	0.19636	44.368	0.078904	supercritical
1088.3	12.000	56.794	0.017608	1160.9	1372.2	3.1955	1.0707	1.2762	509.07	0.19431	44.414	0.079013	supercritical
1090.0	12.000	56.706	0.017635	1162.7	1374.3	3.1975	1.0711	1.2765	509.45	0.19226	44.459	0.079121	supercritical
1091.7	12.000	56.618	0.017662	1164.5	1376.4	3.1994	1.0715	1.2768	509.82	0.19021	44.505	0.079230	supercritical
1093.3	12.000	56.530	0.017690	1166.3	1378.6	3.2014	1.0718	1.2771	510.19	0.18818	44.550	0.079339	supercritical
1095.0	12.000	56.443	0.017717	1168.1	1380.7	3.2033	1.0722	1.2774	510.56	0.18615	44.595	0.079447	supercritical
1096.7	12.000	56.356	0.017744	1169.9	1382.8	3.2053	1.0726	1.2777	510.93	0.18414	44.641	0.079556	supercritical
1098.3	12.000	56.270	0.017772	1171.7	1385.0	3.2072	1.0730	1.2780	511.30	0.18213	44.686	0.079664	supercritical
1100.0	12.000	56.183	0.017799	1173.5	1387.1	3.2091	1.0733	1.2784	511.67	0.18013	44.731	0.079772	supercritical
1101.7	12.000	56.097	0.017826	1175.3	1389.2	3.2111	1.0737	1.2787	512.04	0.17813	44.776	0.079881	supercritical
1103.3	12.000	56.011	0.017854	1177.1	1391.4	3.2130	1.0741	1.2790	512.41	0.17615	44.822	0.079989	supercritical
1105.0	12.000	55.926	0.017881	1178.9	1393.5	3.2149	1.0744	1.2793	512.77	0.17417	44.867	0.080097	supercritical
1106.7	12.000	55.840	0.017908	1180.7	1395.6	3.2169	1.0748	1.2796	513.14	0.17220	44.912	0.080205	supercritical
1108.3	12.000	55.755	0.017935	1182.5	1397.8	3.2188	1.0752	1.2799	513.51	0.17024	44.957	0.080313	supercritical
1110.0	12.000	55.671	0.017963	1184.3	1399.9	3.2207	1.0755	1.2802	513.88	0.16829	45.002	0.080421	supercritical
1111.7	12.000	55.586	0.017990	1186.1	1402.0	3.2226	1.0759	1.2805	514.25	0.16635	45.047	0.080529	supercritical
1113.3	12.000	55.502	0.018017	1187.9	1404.2	3.2246	1.0763	1.2808	514.61	0.16441	45.092	0.080637	supercritical
1115.0	12.000	55.418	0.018045	1189.8	1406.3	3.2265	1.0766	1.2811	514.98	0.16248	45.137	0.080745	supercritical
1116.7	12.000	55.335	0.018072	1191.6	1408.4	3.2284	1.0770	1.2814	515.35	0.16056	45.182	0.080852	supercritical
1118.3	12.000	55.251	0.018099	1193.4	1410.6	3.2303	1.0773	1.2818	515.71	0.15864	45.227	0.080960	supercritical
1120.0	12.000	55.168	0.018126	1195.2	1412.7	3.2322	1.0777	1.2821	516.08	0.15674	45.272	0.081068	supercritical
1121.7	12.000	55.085	0.018154	1197.0	1414.8	3.2341	1.0781	1.2824	516.44	0.15484	45.317	0.081175	supercritical
1123.3	12.000	55.002	0.018181	1198.8	1417.0	3.2360	1.0784	1.2827	516.81	0.15295	45.362	0.081283	supercritical
1125.0	12.000	54.920	0.018208	1200.6	1419.1	3.2379	1.0788	1.2830	517.17	0.15107	45.407	0.081390	supercritical
1126.7	12.000	54.838	0.018236	1202.4	1421.3	3.2398	1.0791	1.2833	517.54	0.14919	45.452	0.081497	supercritical
1128.3	12.000	54.756	0.018263	1204.2	1423.4	3.2417	1.0795	1.2836	517.90	0.14732	45.496	0.081605	supercritical
1130.0	12.000	54.675	0.018290	1206.0	1425.5	3.2436	1.0798	1.2839	518.27	0.14546	45.541	0.081712	supercritical
1131.7	12.000	54.593	0.018317	1207.9	1427.7	3.2455	1.0802	1.2842	518.63	0.14360	45.586	0.081819	supercritical
1133.3	12.000	54.512	0.018345	1209.7	1429.8	3.2474	1.0805	1.2845	518.99	0.14176	45.631	0.081926	supercritical
1135.0	12.000	54.431	0.018372	1211.5	1432.0	3.2493	1.0809	1.2848	519.36	0.13992	45.675	0.082033	supercritical
1136.7	12.000	54.351	0.018399	1213.3	1434.1	3.2512	1.0812	1.2851	519.72	0.13808	45.720	0.082140	supercritical
1138.3	12.000	54.270	0.018426	1215.1	1436.2	3.2530	1.0816	1.2854	520.08	0.13626	45.765	0.082247	supercritical
1140.0	12.000	54.190	0.018453	1216.9	1438.4	3.2549	1.0819	1.2857	520.44	0.13444	45.809	0.082354	supercritical
1141.7	12.000	54.110	0.018481	1218.8	1440.5	3.2568	1.0823	1.2860	520.80	0.13263	45.854	0.082461	supercritical
1143.3	12.000	54.031	0.018508	1220.6	1442.7	3.2587	1.0826	1.2862	521.17	0.13083	45.898	0.082568	supercritical
1145.0	12.000	53.952	0.018535	1222.4	1444.8	3.2606	1.0830	1.2865	521.53	0.12903	45.943	0.082674	supercritical
1146.7	12.000	53.872	0.018562	1224.2	1447.0	3.2624	1.0833	1.2868	521.89	0.12724	45.987	0.082781	supercritical
1148.3	12.000	53.794	0.018590	1226.0	1449.1	3.2643	1.0837	1.2871	522.25	0.12546	46.032	0.082887	supercritical
1150.0	12.000	53.715	0.018617	1227.8	1451.2	3.2662	1.0840	1.2874	522.61	0.12368	46.076	0.082994	supercritical
1151.7	12.000	53.637	0.018644	1229.7	1453.4	3.2680	1.0844	1.2877	522.97	0.12191	46.121	0.083100	supercritical
1153.3	12.000	53.558	0.018671	1231.5	1455.5	3.2699	1.0847	1.2880	523.33	0.12015	46.165	0.083207	supercritical
1155.0	12.000	53.480	0.018698	1233.3	1457.7	3.2718	1.0850	1.2883	523.69	0.11839	46.210	0.083313	supercritical
1156.7	12.000	53.403	0.018726	1235.1	1459.8	3.2736	1.0854	1.2886	524.05	0.11664	46.254	0.083419	supercritical
1158.3	12.000	53.325	0.018753	1236.9	1462.0	3.2755	1.0857	1.2889	524.40	0.11490	46.298	0.083525	supercritical
1160.0	12.000	53.248	0.018780	1238.8	1464.1	3.2773	1.0860	1.2892	524.76	0.11316	46.343	0.083631	supercritical
1161.7	12.000	53.171	0.018807	1240.6	1466.3	3.2792	1.0864	1.2894	525.12	0.11143	46.387	0.083737	supercritical
1163.3	12.000	53.094	0.018834	1242.4	1468.4	3.2810	1.0867	1.2897	525.48	0.10971	46.431	0.083843	supercritical
1165.0	12.000	53.018	0.018862	1244.2	1470.6	3.2829	1.0871	1.2900	525.84	0.10799	46.475	0.083949	supercritical
1166.7	12.000	52.942	0.018889	1246.1	1472.7	3.2847	1.0874	1.2903	526.19	0.10628	46.519	0.084055	supercritical
1168.3	12.000	52.865	0.018916	1247.9	1474.9	3.2866	1.0877	1.2906	526.55	0.10458	46.564	0.084161	supercritical
1170.0	12.000	52.790	0.018943	1249.7	1477.0	3.2884	1.0880	1.2909	526.91	0.10288	46.608	0.084267	supercritical
1171.7	12.000	52.714	0.018970	1251.5	1479.2	3.2902	1.0884	1.2912	527.26	0.10119	46.652	0.084372	supercritical
1173.3	12.000	52.639	0.018997	1253.4	1481.3	3.2921	1.0887	1.2914	527.62	0.099507	46.696	0.084478	supercritical
1175.0	12.000	52.563	0.019025	1255.2	1483.5	3.2939	1.0890	1.2917	527.98	0.097829	46.740	0.084584	supercritical
1176.7	12.000	52.489	0.019052	1257.0	1485.6	3.2957	1.0894	1.2920	528.33	0.096157	46.784	0.084689	supercritical
1178.3	12.000	52.414	0.019079	1258.8	1487.8	3.2976	1.0897	1.2923	528.69	0.094491	46.828	0.084795	supercritical
1180.0	12.000	52.339	0.019106	1260.7	1489.9	3.2994	1.0900	1.2926	529.04	0.092832	46.872	0.084900	supercritical
1181.7	12.000	52.265	0.019133	1262.5	1492.1	3.3012	1.0903	1.2928	529.40	0.091179	46.916	0.085005	supercritical
1183.3	12.000	52.191	0.019160	1264.3	1494.3	3.3030	1.0907	1.2931	529.75	0.089532	46.960	0.085111	supercritical
1185.0	12.000	52.117	0.019188	1266.2	1496.4	3.3049	1.0910	1.2934	530.10	0.087891	47.004	0.085216	supercritical
1186.7	12.000	52.043	0.019215	1268.0	1498.6	3.3067	1.0913	1.2937	530.46	0.086256	47.048	0.085321	supercritical
1188.3	12.000	51.970	0.019242	1269.8	1500.7	3.3085	1.0916	1.2940	530.81	0.084627	47.092	0.085426	supercritical
1190.0	12.000	51.897	0.019269	1271.6	1502.9	3.3103	1.0920	1.2942	531.16	0.083004	47.136	0.085531	supercritical
1191.7	12.000	51.824	0.019296	1273.5	1505.0	3.3121	1.0923	1.2945	531.52	0.081387	47.179	0.085636	supercritical
1193.3	12.000	51.751	0.019323	1275.3	1507.2	3.3139	1.0926	1.2948	531.87	0.079777	47.223	0.085741	supercritical
1195.0	12.000	51.679	0.019350	1277.1	1509.3	3.3157	1.0929	1.2951	532.22	0.078172	47.267	0.085846	supercritical
1196.7	12.000	51.606	0.019378	1279.0	1511.5	3.3175	1.0932	1.2953	532.57	0.076572	47.311	0.085950	supercritical
1198.3	12.000	51.534	0.019405	1280.8	1513.7	3.3193	1.0935	1.2956	532.93	0.074979	47.354	0.086055	supercritical
1200.0	12.000	51.462	0.019432	1282.6	1515.8	3.3211	1.0939	1.2959	533.28	0.073392	47.398	0.086160	supercritical
1201.7	12.000	51.390	0.019459	1284.5	1518.0	3.3229	1.0942	1.2961	533.63	0.071810	47.442	0.086264	supercritical
1203.3	12.000	51.319	0.019486	1286.3	1520.1	3.3247	1.0945	1.2964	533.98	0.070234	47.486	0.086369	supercritical
1205.0	12.000	51.248	0.019513	1288.2	1522.3	3.3265	1.0948	1.2967	534.33	0.068664	47.529	0.086473	supercritical
1206.7	12.000	51.176	0.019540	1290.0	1524.5	3.3283	1.0951	1.2970	534.68	0.067099	47.573	0.086578	supercritical
1208.3	12.000	51.106	0.019567	1291.8	1526.6	3.3301	1.0954	1.2972	535.03	0.065540	47.616	0.086682	supercritical
1210.0	12.000	51.035	0.019594	1293.7	1528.8	3.3319	1.0957	1.2975	535.38	0.063987	47.660	0.086786	supercritical
1211.7	12.000	50.964	0.019622	1295.5	1531.0	3.3337	1.0960	1.2978	535.73	0.062439	47.703	0.086891	supercritical
1213.3	12.000	50.894	0.019649	1297.3	1533.1	3.3355	1.0964	1.2980	536.08	0.060897	47.747	0.086995	supercritical
1215.0	12.000	50.824	0.019676	1299.2	1535.3	3.3373	1.0967	1.2983	536.43	0.059361	47.790	0.087099	supercritical
1216.7	12.000	50.754	0.019703	1301.0	1537.4	3.3390	1.0970	1.2986	536.78	0.057830	47.834	0.087203	supercritical
1218.3	12.000	50.684	0.019730	1302.9	1539.6	3.3408	1.0973	1.2988	537.13	0.056304	47.877	0.087307	supercritical
1220.0	12.000	50.615	0.019757	1304.7	1541.8	3.3426	1.0976	1.2991	537.48	0.054784	47.921	0.087411	supercritical
1221.7	12.000	50.546	0.019784	1306.5	1543.9	3.3444	1.0979	1.2994	537.82	0.053269	47.964	0.087515	supercritical
1223.3	12.000	50.477	0.019811	1308.4	1546.1	3.3461	1.0982	1.2996	538.17	0.051760	48.007	0.087618	supercritical
1225.0	12.000	50.408	0.019838	1310.2	1548.3	3.3479	1.0985	1.2999	538.52	0.050256	48.051	0.087722	supercritical
1226.7	12.000	50.339	0.019865	1312.1	1550.4	3.3497	1.0988	1.3001	538.87	0.048757	48.094	0.087826	supercritical
1228.3	12.000	50.270	0.019892	1313.9	1552.6	3.3514	1.0991	1.3004	539.21	0.047264	48.137	0.087929	supercritical
1230.0	12.000	50.202	0.019919	1315.7	1554.8	3.3532	1.0994	1.3007	539.56	0.045776	48.181	0.088033	supercritical
1231.7	12.000	50.134	0.019947	1317.6	1556.9	3.3550	1.0997	1.3009	539.91	0.044293	48.224	0.088137	supercritical
1233.3	12.000	50.066	0.019974	1319.4	1559.1	3.3567	1.1000	1.3012	540.25	0.042816	48.267	0.088240	supercritical
1235.0	12.000	49.998	0.020001	1321.3	1561.3	3.3585	1.1003	1.3014	540.60	0.041343	48.310	0.088343	supercritical
1236.7	12.000	49.931	0.020028	1323.1	1563.4	3.3602	1.1006	1.3017	540.94	0.039876	48.354	0.088447	supercritical
1238.3	12.000	49.863	0.020055	1325.0	1565.6	3.3620	1.1009	1.3020	541.29	0.038414	48.397	0.088550	supercritical
1240.0	12.000	49.796	0.020082	1326.8	1567.8	3.3637	1.1012	1.3022	541.63	0.036957	48.440	0.088653	supercritical
1241.7	12.000	49.729	0.020109	1328.7	1570.0	3.3655	1.1015	1.3025	541.98	0.035506	48.483	0.088756	supercritical
1243.3	12.000	49.662	0.020136	1330.5	1572.1	3.3672	1.1018	1.3027	542.32	0.034059	48.526	0.088859	supercritical
1245.0	12.000	49.596	0.020163	1332.3	1574.3	3.3690	1.1021	1.3030	542.67	0.032617	48.569	0.088962	supercritical
1246.7	12.000	49.529	0.020190	1334.2	1576.5	3.3707	1.1024	1.3032	543.01	0.031180	48.612	0.089065	supercritical
1248.3	12.000	49.463	0.020217	1336.0	1578.6	3.3725	1.1027	1.3035	543.36	0.029749	48.655	0.089168	supercritical
1250.0	12.000	49.397	0.020244	1337.9	1580.8	3.3742	1.1030	1.3037	543.70	0.028322	48.698	0.089271	supercritical
1251.7	12.000	49.331	0.020271	1339.7	1583.0	3.3759	1.1032	1.3040	544.04	0.026900	48.741	0.089374	supercritical
1253.3	12.000	49.265	0.020298	1341.6	1585.2	3.3777	1.1035	1.3043	544.39	0.025483	48.784	0.089477	supercritical
1255.0	12.000	49.200	0.020325	1343.4	1587.3	3.3794	1.1038	1.3045	544.73	0.024071	48.827	0.089579	supercritical
1256.7	12.000	49.134	0.020352	1345.3	1589.5	3.3811	1.1041	1.3048	545.07	0.022664	48.870	0.089682	supercritical
1258.3	12.000	49.069	0.020379	1347.1	1591.7	3.3829	1.1044	1.3050	545.41	0.021262	48.913	0.089784	supercritical
1260.0	12.000	49.004	0.020406	1349.0	1593.9	3.3846	1.1047	1.3053	545.76	0.019864	48.956	0.089887	supercritical
1261.7	12.000	48.939	0.020433	1350.8	1596.0	3.3863	1.1050	1.3055	546.10	0.018471	48.998	0.089989	supercritical
1263.3	12.000	48.875	0.020460	1352.7	1598.2	3.3880	1.1053	1.3058	546.44	0.017084	49.041	0.090092	supercritical
1265.0	12.000	48.810	0.020487	1354.5	1600.4	3.3898	1.1055	1.3060	546.78	0.015700	49.084	0.090194	supercritical
1266.7	12.000	48.746	0.020514	1356.4	1602.6	3.3915	1.1058	1.3063	547.12	0.014322	49.127	0.090296	supercritical
1268.3	12.000	48.682	0.020541	1358.2	1604.7	3.3932	1.1061	1.3065	547.46	0.012948	49.169	0.090399	supercritical
1270.0	12.000	48.618	0.020568	1360.1	1606.9	3.3949	1.1064	1.3067	547.80	0.011579	49.212	0.090501	supercritical
1271.7	12.000	48.554	0.020595	1362.0	1609.1	3.3966	1.1067	1.3070	548.14	0.010214	49.255	0.090603	supercritical
1273.3	12.000	48.491	0.020623	1363.8	1611.3	3.3983	1.1070	1.3072	548.48	0.0088544	49.298	0.090705	supercritical
1275.0	12.000	48.427	0.020650	1365.7	1613.5	3.4001	1.1072	1.3075	548.82	0.0074991	49.340	0.090807	supercritical
1276.7	12.000	48.364	0.020677	1367.5	1615.6	3.4018	1.1075	1.3077	549.16	0.0061484	49.383	0.090909	supercritical
1278.3	12.000	48.301	0.020704	1369.4	1617.8	3.4035	1.1078	1.3080	549.50	0.0048023	49.425	0.091010	supercritical
1280.0	12.000	48.238	0.020731	1371.2	1620.0	3.4052	1.1081	1.3082	549.84	0.0034606	49.468	0.091112	supercritical
1281.7	12.000	48.175	0.020758	1373.1	1622.2	3.4069	1.1083	1.3085	550.18	0.0021235	49.511	0.091214	supercritical
1283.3	12.000	48.113	0.020785	1374.9	1624.4	3.4086	1.1086	1.3087	550.52	0.00079088	49.553	0.091316	supercritical
1285.0	12.000	48.050	0.020812	1376.8	1626.5	3.4103	1.1089	1.3089	550.86	-0.00053730	49.596	0.091417	supercritical
1286.7	12.000	47.988	0.020838	1378.7	1628.7	3.4120	1.1092	1.3092	551.20	-0.0018610	49.638	0.091519	supercritical
1288.3	12.000	47.926	0.020865	1380.5	1630.9	3.4137	1.1094	1.3094	551.53	-0.0031804	49.681	0.091620	supercritical
1290.0	12.000	47.864	0.020892	1382.4	1633.1	3.4154	1.1097	1.3097	551.87	-0.0044953	49.723	0.091722	supercritical
1291.7	12.000	47.802	0.020919	1384.2	1635.3	3.4171	1.1100	1.3099	552.21	-0.0058058	49.766	0.091823	supercritical
1293.3	12.000	47.741	0.020946	1386.1	1637.5	3.4187	1.1103	1.3101	552.55	-0.0071120	49.808	0.091924	supercritical
1295.0	12.000	47.679	0.020973	1388.0	1639.6	3.4204	1.1105	1.3104	552.88	-0.0084139	49.850	0.092026	supercritical
1296.7	12.000	47.618	0.021000	1389.8	1641.8	3.4221	1.1108	1.3106	553.22	-0.0097115	49.893	0.092127	supercritical
1298.3	12.000	47.557	0.021027	1391.7	1644.0	3.4238	1.1111	1.3109	553.56	-0.011005	49.935	0.092228	supercritical
1300.0	12.000	47.496	0.021054	1393.5	1646.2	3.4255	1.1114	1.3111	553.89	-0.012294	49.977	0.092329	supercritical