Temperature (K)	Pressure (MPa)	Density (kg/m3)	Volume (m3/kg)	Internal Energy (kJ/kg)	Enthalpy (kJ/kg)	Entropy (J/g*K)	Cv (J/g*K)	Cp (J/g*K)	Sound Spd. (m/s)	Joule-Thomson (K/MPa)	Viscosity (uPa*s)	Therm. Cond. (W/m*K)	Phase
300.00	13.000	844.82	0.0011837	239.95	255.34	1.1558	0.92969	2.5175	482.56	0.63642	80.171	0.094810	liquid
301.67	13.000	833.59	0.0011996	243.98	259.57	1.1699	0.93146	2.5671	469.77	0.69270	77.922	0.093023	liquid
303.33	13.000	821.95	0.0012166	248.08	263.89	1.1842	0.93339	2.6213	456.91	0.75395	75.683	0.091231	liquid
305.00	13.000	809.87	0.0012348	252.26	268.31	1.1987	0.93544	2.6807	444.00	0.82069	73.451	0.089434	supercritical
306.67	13.000	797.31	0.0012542	256.53	272.83	1.2135	0.93762	2.7457	431.04	0.89358	71.224	0.087630	supercritical
308.33	13.000	784.23	0.0012751	260.89	277.47	1.2285	0.93992	2.8171	418.08	0.97333	68.998	0.085821	supercritical
310.00	13.000	770.59	0.0012977	265.36	282.23	1.2439	0.94237	2.8959	405.12	1.0608	66.771	0.084007	supercritical
311.67	13.000	756.31	0.0013222	269.94	287.13	1.2597	0.94499	2.9834	392.21	1.1571	64.539	0.082190	supercritical
313.33	13.000	741.36	0.0013489	274.64	292.18	1.2759	0.94779	3.0811	379.34	1.2634	62.300	0.080373	supercritical
315.00	13.000	725.64	0.0013781	279.49	297.40	1.2925	0.95077	3.1899	366.57	1.3810	60.050	0.078559	supercritical
316.67	13.000	709.11	0.0014102	284.49	302.82	1.3096	0.95392	3.3102	353.91	1.5110	57.787	0.076749	supercritical
318.33	13.000	691.69	0.0014457	289.65	308.44	1.3274	0.95727	3.4409	341.43	1.6543	55.513	0.074947	supercritical
320.00	13.000	673.34	0.0014851	294.99	314.29	1.3457	0.96088	3.5795	329.24	1.8116	53.230	0.073156	supercritical
321.67	13.000	654.05	0.0015289	300.50	320.38	1.3646	0.96488	3.7230	317.45	1.9828	50.948	0.071383	supercritical
323.33	13.000	633.85	0.0015777	306.19	326.70	1.3843	0.96934	3.8681	306.22	2.1680	48.679	0.069633	supercritical
325.00	13.000	612.82	0.0016318	312.06	333.27	1.4045	0.97418	4.0102	295.72	2.3663	46.439	0.067912	supercritical
326.67	13.000	591.08	0.0016918	318.07	340.06	1.4254	0.97901	4.1393	286.11	2.5758	44.250	0.066215	supercritical
328.33	13.000	568.87	0.0017579	324.20	347.05	1.4467	0.98328	4.2394	277.59	2.7924	42.137	0.064526	supercritical
330.00	13.000	546.53	0.0018297	330.38	354.17	1.4683	0.98635	4.2957	270.29	3.0108	40.134	0.062827	supercritical
331.67	13.000	524.46	0.0019067	336.55	361.34	1.4900	0.98759	4.3000	264.30	3.2259	38.269	0.061112	supercritical
333.33	13.000	503.04	0.0019879	342.63	368.47	1.5115	0.98657	4.2508	259.61	3.4327	36.564	0.059382	supercritical
335.00	13.000	482.61	0.0020721	348.55	375.48	1.5324	0.98322	4.1525	256.11	3.6267	35.033	0.057649	supercritical
336.67	13.000	463.40	0.0021580	354.24	382.29	1.5527	0.97790	4.0154	253.65	3.8042	33.677	0.055934	supercritical
338.33	13.000	445.57	0.0022443	359.68	388.85	1.5721	0.97122	3.8535	252.04	3.9629	32.490	0.054265	supercritical
340.00	13.000	429.14	0.0023302	364.84	395.13	1.5907	0.96382	3.6807	251.12	4.1021	31.456	0.052670	supercritical
341.67	13.000	414.08	0.0024150	369.73	401.12	1.6082	0.95621	3.5075	250.71	4.2224	30.560	0.051171	supercritical
343.33	13.000	400.29	0.0024982	374.35	406.83	1.6249	0.94870	3.3408	250.70	4.3249	29.783	0.049776	supercritical
345.00	13.000	387.68	0.0025795	378.73	412.26	1.6407	0.94150	3.1842	250.98	4.4111	29.110	0.048490	supercritical
346.67	13.000	376.11	0.0026588	382.88	417.45	1.6557	0.93470	3.0391	251.50	4.4826	28.524	0.047310	supercritical
348.33	13.000	365.49	0.0027360	386.83	422.40	1.6699	0.92835	2.9060	252.18	4.5410	28.013	0.046230	supercritical
350.00	13.000	355.71	0.0028113	390.60	427.14	1.6835	0.92245	2.7845	252.99	4.5877	27.566	0.045245	supercritical
351.67	13.000	346.68	0.0028845	394.19	431.69	1.6965	0.91698	2.6740	253.90	4.6241	27.174	0.044348	supercritical
353.33	13.000	338.32	0.0029558	397.63	436.06	1.7089	0.91191	2.5735	254.89	4.6515	26.829	0.043530	supercritical
355.00	13.000	330.54	0.0030253	400.94	440.27	1.7208	0.90722	2.4821	255.94	4.6710	26.525	0.042784	supercritical
356.67	13.000	323.30	0.0030931	404.13	444.34	1.7322	0.90286	2.3988	257.03	4.6836	26.255	0.042105	supercritical
358.33	13.000	316.53	0.0031593	407.20	448.27	1.7432	0.89881	2.3230	258.16	4.6902	26.017	0.041486	supercritical
360.00	13.000	310.18	0.0032239	410.17	452.09	1.7538	0.89504	2.2536	259.31	4.6915	25.805	0.040921	supercritical
361.67	13.000	304.22	0.0032871	413.06	455.79	1.7641	0.89152	2.1902	260.48	4.6883	25.616	0.040405	supercritical
363.33	13.000	298.61	0.0033489	415.85	459.39	1.7740	0.88823	2.1319	261.66	4.6812	25.448	0.039935	supercritical
365.00	13.000	293.31	0.0034094	418.57	462.90	1.7836	0.88516	2.0784	262.86	4.6705	25.299	0.039504	supercritical
366.67	13.000	288.30	0.0034687	421.23	466.32	1.7930	0.88228	2.0290	264.06	4.6568	25.165	0.039111	supercritical
368.33	13.000	283.54	0.0035268	423.81	469.66	1.8021	0.87959	1.9835	265.26	4.6405	25.047	0.038751	supercritical
370.00	13.000	279.03	0.0035839	426.34	472.93	1.8110	0.87707	1.9413	266.46	4.6219	24.941	0.038422	supercritical
371.67	13.000	274.73	0.0036400	428.82	476.13	1.8196	0.87471	1.9021	267.66	4.6013	24.847	0.038121	supercritical
373.33	13.000	270.63	0.0036951	431.24	479.27	1.8280	0.87249	1.8657	268.86	4.5789	24.763	0.037846	supercritical
375.00	13.000	266.72	0.0037492	433.61	482.36	1.8363	0.87042	1.8318	270.05	4.5550	24.690	0.037594	supercritical
376.67	13.000	262.98	0.0038026	435.95	485.38	1.8443	0.86848	1.8002	271.23	4.5298	24.625	0.037364	supercritical
378.33	13.000	259.40	0.0038551	438.24	488.36	1.8522	0.86666	1.7706	272.42	4.5035	24.567	0.037154	supercritical
380.00	13.000	255.96	0.0039068	440.50	491.28	1.8599	0.86495	1.7429	273.59	4.4761	24.517	0.036962	supercritical
381.67	13.000	252.67	0.0039578	442.72	494.17	1.8675	0.86336	1.7169	274.75	4.4479	24.474	0.036787	supercritical
383.33	13.000	249.50	0.0040081	444.90	497.01	1.8749	0.86187	1.6925	275.91	4.4189	24.437	0.036627	supercritical
385.00	13.000	246.45	0.0040577	447.06	499.81	1.8822	0.86048	1.6696	277.06	4.3893	24.405	0.036482	supercritical
386.67	13.000	243.51	0.0041067	449.19	502.57	1.8894	0.85918	1.6480	278.20	4.3592	24.379	0.036351	supercritical
388.33	13.000	240.67	0.0041550	451.29	505.30	1.8964	0.85797	1.6276	279.34	4.3286	24.357	0.036232	supercritical
390.00	13.000	237.94	0.0042028	453.36	508.00	1.9033	0.85684	1.6083	280.46	4.2976	24.339	0.036124	supercritical
391.67	13.000	235.29	0.0042500	455.42	510.67	1.9102	0.85579	1.5901	281.58	4.2664	24.326	0.036028	supercritical
393.33	13.000	232.74	0.0042967	457.44	513.30	1.9169	0.85481	1.5729	282.68	4.2349	24.317	0.035941	supercritical
395.00	13.000	230.26	0.0043429	459.45	515.91	1.9235	0.85391	1.5566	283.78	4.2032	24.311	0.035864	supercritical
396.67	13.000	227.86	0.0043886	461.44	518.49	1.9300	0.85307	1.5411	284.87	4.1713	24.308	0.035796	supercritical
398.33	13.000	225.54	0.0044338	463.41	521.05	1.9364	0.85230	1.5264	285.95	4.1394	24.308	0.035736	supercritical
400.00	13.000	223.29	0.0044786	465.36	523.58	1.9428	0.85159	1.5124	287.02	4.1074	24.311	0.035684	supercritical
401.67	13.000	221.10	0.0045229	467.29	526.09	1.9490	0.85094	1.4991	288.08	4.0754	24.317	0.035639	supercritical
403.33	13.000	218.97	0.0045668	469.21	528.58	1.9552	0.85034	1.4864	289.14	4.0433	24.325	0.035601	supercritical
405.00	13.000	216.90	0.0046103	471.11	531.04	1.9613	0.84980	1.4743	290.18	4.0114	24.336	0.035569	supercritical
406.67	13.000	214.90	0.0046534	473.00	533.49	1.9674	0.84931	1.4628	291.22	3.9794	24.349	0.035543	supercritical
408.33	13.000	212.94	0.0046962	474.87	535.92	1.9733	0.84887	1.4518	292.25	3.9476	24.364	0.035524	supercritical
410.00	13.000	211.03	0.0047386	476.73	538.33	1.9792	0.84847	1.4413	293.27	3.9158	24.381	0.035509	supercritical
411.67	13.000	209.18	0.0047806	478.58	540.72	1.9850	0.84812	1.4313	294.28	3.8842	24.400	0.035500	supercritical
413.33	13.000	207.37	0.0048223	480.41	543.10	1.9908	0.84781	1.4217	295.29	3.8527	24.420	0.035495	supercritical
415.00	13.000	205.61	0.0048637	482.24	545.46	1.9965	0.84754	1.4125	296.29	3.8214	24.442	0.035495	supercritical
416.67	13.000	203.89	0.0049047	484.05	547.81	2.0021	0.84731	1.4037	297.28	3.7902	24.466	0.035500	supercritical
418.33	13.000	202.21	0.0049455	485.85	550.14	2.0077	0.84712	1.3953	298.26	3.7592	24.491	0.035508	supercritical
420.00	13.000	200.56	0.0049859	487.64	552.46	2.0133	0.84696	1.3872	299.23	3.7284	24.517	0.035520	supercritical
421.67	13.000	198.96	0.0050261	489.43	554.77	2.0187	0.84684	1.3795	300.20	3.6978	24.545	0.035536	supercritical
423.33	13.000	197.40	0.0050660	491.20	557.06	2.0242	0.84675	1.3721	301.16	3.6674	24.574	0.035556	supercritical
425.00	13.000	195.86	0.0051056	492.97	559.34	2.0295	0.84669	1.3649	302.11	3.6372	24.605	0.035579	supercritical
426.67	13.000	194.36	0.0051450	494.73	561.61	2.0349	0.84666	1.3581	303.06	3.6072	24.636	0.035605	supercritical
428.33	13.000	192.90	0.0051841	496.47	563.87	2.0402	0.84667	1.3515	304.00	3.5775	24.668	0.035633	supercritical
430.00	13.000	191.46	0.0052229	498.22	566.12	2.0454	0.84670	1.3452	304.93	3.5479	24.702	0.035665	supercritical
431.67	13.000	190.06	0.0052616	499.95	568.35	2.0506	0.84675	1.3391	305.86	3.5186	24.736	0.035699	supercritical
433.33	13.000	188.68	0.0053000	501.68	570.58	2.0557	0.84684	1.3333	306.78	3.4896	24.771	0.035736	supercritical
435.00	13.000	187.33	0.0053381	503.40	572.80	2.0608	0.84694	1.3277	307.69	3.4608	24.807	0.035776	supercritical
436.67	13.000	186.01	0.0053761	505.12	575.00	2.0659	0.84708	1.3222	308.60	3.4322	24.844	0.035817	supercritical
438.33	13.000	184.71	0.0054138	506.82	577.20	2.0709	0.84723	1.3170	309.50	3.4038	24.882	0.035861	supercritical
440.00	13.000	183.44	0.0054513	508.53	579.39	2.0759	0.84741	1.3120	310.40	3.3757	24.920	0.035906	supercritical
441.67	13.000	182.19	0.0054887	510.22	581.58	2.0809	0.84761	1.3072	311.29	3.3479	24.960	0.035953	supercritical
443.33	13.000	180.97	0.0055258	511.92	583.75	2.0858	0.84783	1.3025	312.17	3.3203	24.999	0.036002	supercritical
445.00	13.000	179.77	0.0055627	513.60	585.92	2.0907	0.84807	1.2980	313.05	3.2929	25.040	0.036052	supercritical
446.67	13.000	178.59	0.0055995	515.29	588.08	2.0955	0.84833	1.2937	313.92	3.2658	25.081	0.036104	supercritical
448.33	13.000	177.43	0.0056360	516.96	590.23	2.1003	0.84860	1.2895	314.79	3.2390	25.123	0.036156	supercritical
450.00	13.000	176.29	0.0056724	518.64	592.38	2.1051	0.84890	1.2855	315.65	3.2124	25.165	0.036208	supercritical
451.67	13.000	175.17	0.0057086	520.30	594.52	2.1098	0.84921	1.2816	316.50	3.1860	25.208	0.036261	supercritical
453.33	13.000	174.07	0.0057447	521.97	596.65	2.1146	0.84954	1.2778	317.36	3.1599	25.251	0.036311	supercritical
455.00	13.000	172.99	0.0057806	523.63	598.78	2.1192	0.84988	1.2742	318.20	3.1340	25.295	0.036355	supercritical
456.67	13.000	171.93	0.0058163	525.29	600.90	2.1239	0.85024	1.2707	319.04	3.1084	25.339	0.036376	supercritical
458.33	13.000	170.89	0.0058519	526.94	603.01	2.1285	0.85062	1.2674	319.88	3.0830	25.384	0.036456	supercritical
460.00	13.000	169.86	0.0058873	528.59	605.12	2.1331	0.85101	1.2641	320.71	3.0579	25.429	0.036537	supercritical
461.67	13.000	168.85	0.0059225	530.23	607.23	2.1377	0.85141	1.2609	321.53	3.0330	25.475	0.036619	supercritical
463.33	13.000	167.85	0.0059577	531.88	609.32	2.1422	0.85183	1.2579	322.35	3.0083	25.521	0.036702	supercritical
465.00	13.000	166.87	0.0059926	533.51	611.42	2.1467	0.85226	1.2550	323.17	2.9839	25.567	0.036786	supercritical
466.67	13.000	165.91	0.0060275	535.15	613.51	2.1512	0.85270	1.2521	323.98	2.9597	25.614	0.036871	supercritical
468.33	13.000	164.96	0.0060622	536.78	615.59	2.1557	0.85315	1.2494	324.79	2.9358	25.661	0.036957	supercritical
470.00	13.000	164.02	0.0060967	538.42	617.67	2.1601	0.85362	1.2467	325.59	2.9121	25.709	0.037044	supercritical
471.67	13.000	163.10	0.0061311	540.04	619.75	2.1645	0.85409	1.2442	326.39	2.8886	25.757	0.037131	supercritical
473.33	13.000	162.19	0.0061654	541.67	621.82	2.1689	0.85458	1.2417	327.18	2.8654	25.805	0.037220	supercritical
475.00	13.000	161.30	0.0061996	543.29	623.89	2.1733	0.85508	1.2393	327.97	2.8423	25.853	0.037309	supercritical
476.67	13.000	160.42	0.0062337	544.91	625.95	2.1776	0.85558	1.2370	328.76	2.8196	25.902	0.037399	supercritical
478.33	13.000	159.55	0.0062676	546.53	628.01	2.1819	0.85610	1.2348	329.54	2.7970	25.951	0.037490	supercritical
480.00	13.000	158.69	0.0063014	548.15	630.07	2.1862	0.85662	1.2326	330.32	2.7746	26.000	0.037582	supercritical
481.67	13.000	157.85	0.0063351	549.76	632.12	2.1905	0.85716	1.2305	331.09	2.7525	26.049	0.037674	supercritical
483.33	13.000	157.02	0.0063687	551.38	634.17	2.1947	0.85770	1.2285	331.86	2.7306	26.099	0.037767	supercritical
485.00	13.000	156.20	0.0064022	552.99	636.21	2.1989	0.85825	1.2266	332.62	2.7089	26.149	0.037861	supercritical
486.67	13.000	155.39	0.0064355	554.60	638.26	2.2031	0.85881	1.2247	333.39	2.6874	26.199	0.037955	supercritical
488.33	13.000	154.59	0.0064688	556.20	640.30	2.2073	0.85938	1.2228	334.14	2.6662	26.249	0.038050	supercritical
490.00	13.000	153.80	0.0065019	557.81	642.33	2.2115	0.85996	1.2211	334.90	2.6451	26.300	0.038146	supercritical
491.67	13.000	153.02	0.0065350	559.41	644.37	2.2156	0.86054	1.2194	335.65	2.6243	26.351	0.038242	supercritical
493.33	13.000	152.25	0.0065679	561.01	646.40	2.2198	0.86113	1.2177	336.39	2.6036	26.402	0.038339	supercritical
495.00	13.000	151.50	0.0066008	562.62	648.43	2.2239	0.86173	1.2161	337.14	2.5832	26.453	0.038437	supercritical
496.67	13.000	150.75	0.0066335	564.22	650.45	2.2280	0.86233	1.2146	337.88	2.5630	26.504	0.038535	supercritical
498.33	13.000	150.01	0.0066662	565.81	652.48	2.2320	0.86294	1.2131	338.61	2.5429	26.555	0.038633	supercritical
500.00	13.000	149.28	0.0066988	567.41	654.50	2.2361	0.86355	1.2117	339.34	2.5231	26.607	0.038732	supercritical
501.67	13.000	148.56	0.0067312	569.01	656.51	2.2401	0.86417	1.2103	340.07	2.5034	26.659	0.038832	supercritical
503.33	13.000	147.85	0.0067636	570.60	658.53	2.2441	0.86480	1.2090	340.80	2.4840	26.711	0.038932	supercritical
505.00	13.000	147.15	0.0067959	572.20	660.54	2.2481	0.86543	1.2077	341.52	2.4647	26.763	0.039033	supercritical
506.67	13.000	146.45	0.0068281	573.79	662.56	2.2521	0.86607	1.2064	342.24	2.4456	26.815	0.039134	supercritical
508.33	13.000	145.77	0.0068603	575.38	664.57	2.2560	0.86671	1.2052	342.96	2.4267	26.867	0.039236	supercritical
510.00	13.000	145.09	0.0068923	576.97	666.57	2.2600	0.86736	1.2041	343.67	2.4080	26.920	0.039338	supercritical
511.67	13.000	144.42	0.0069243	578.56	668.58	2.2639	0.86801	1.2029	344.38	2.3895	26.972	0.039440	supercritical
513.33	13.000	143.76	0.0069561	580.15	670.58	2.2678	0.86866	1.2019	345.09	2.3712	27.025	0.039543	supercritical
515.00	13.000	143.10	0.0069879	581.74	672.59	2.2717	0.86932	1.2008	345.79	2.3530	27.078	0.039647	supercritical
516.67	13.000	142.46	0.0070197	583.33	674.59	2.2756	0.86999	1.1998	346.49	2.3350	27.131	0.039751	supercritical
518.33	13.000	141.82	0.0070513	584.92	676.58	2.2795	0.87066	1.1988	347.19	2.3172	27.184	0.039855	supercritical
520.00	13.000	141.19	0.0070829	586.50	678.58	2.2833	0.87133	1.1979	347.88	2.2995	27.237	0.039960	supercritical
521.67	13.000	140.56	0.0071144	588.09	680.58	2.2871	0.87200	1.1970	348.58	2.2821	27.290	0.040065	supercritical
523.33	13.000	139.94	0.0071458	589.68	682.57	2.2910	0.87268	1.1961	349.27	2.2648	27.343	0.040170	supercritical
525.00	13.000	139.33	0.0071771	591.26	684.56	2.2948	0.87337	1.1953	349.95	2.2476	27.396	0.040276	supercritical
526.67	13.000	138.73	0.0072084	592.85	686.56	2.2985	0.87405	1.1945	350.63	2.2306	27.450	0.040382	supercritical
528.33	13.000	138.13	0.0072396	594.43	688.55	2.3023	0.87474	1.1937	351.32	2.2138	27.503	0.040488	supercritical
530.00	13.000	137.54	0.0072708	596.02	690.54	2.3061	0.87543	1.1930	351.99	2.1972	27.557	0.040595	supercritical
531.67	13.000	136.95	0.0073018	597.60	692.52	2.3098	0.87613	1.1922	352.67	2.1807	27.611	0.040702	supercritical
533.33	13.000	136.37	0.0073328	599.18	694.51	2.3135	0.87683	1.1916	353.34	2.1643	27.664	0.040810	supercritical
535.00	13.000	135.80	0.0073638	600.77	696.49	2.3173	0.87753	1.1909	354.01	2.1481	27.718	0.040918	supercritical
536.67	13.000	135.23	0.0073947	602.35	698.48	2.3210	0.87823	1.1903	354.68	2.1321	27.772	0.041026	supercritical
538.33	13.000	134.67	0.0074255	603.93	700.46	2.3247	0.87893	1.1897	355.34	2.1162	27.826	0.041134	supercritical
540.00	13.000	134.12	0.0074562	605.51	702.44	2.3283	0.87964	1.1891	356.01	2.1005	27.880	0.041243	supercritical
541.67	13.000	133.57	0.0074869	607.10	704.43	2.3320	0.88035	1.1885	356.67	2.0849	27.934	0.041352	supercritical
543.33	13.000	133.02	0.0075175	608.68	706.41	2.3356	0.88106	1.1880	357.32	2.0694	27.988	0.041461	supercritical
545.00	13.000	132.48	0.0075481	610.26	708.39	2.3393	0.88178	1.1875	357.98	2.0541	28.042	0.041571	supercritical
546.67	13.000	131.95	0.0075786	611.84	710.36	2.3429	0.88249	1.1870	358.63	2.0390	28.096	0.041681	supercritical
548.33	13.000	131.42	0.0076091	613.42	712.34	2.3465	0.88321	1.1865	359.28	2.0239	28.150	0.041791	supercritical
550.00	13.000	130.90	0.0076395	615.01	714.32	2.3501	0.88393	1.1861	359.93	2.0091	28.204	0.041901	supercritical
551.67	13.000	130.38	0.0076698	616.59	716.30	2.3537	0.88465	1.1856	360.58	1.9943	28.258	0.042012	supercritical
553.33	13.000	129.87	0.0077001	618.17	718.27	2.3573	0.88537	1.1852	361.22	1.9797	28.313	0.042122	supercritical
555.00	13.000	129.36	0.0077304	619.75	720.25	2.3609	0.88610	1.1848	361.86	1.9652	28.367	0.042233	supercritical
556.67	13.000	128.86	0.0077605	621.33	722.22	2.3644	0.88682	1.1845	362.50	1.9509	28.421	0.042345	supercritical
558.33	13.000	128.36	0.0077907	622.92	724.20	2.3679	0.88755	1.1841	363.14	1.9367	28.476	0.042456	supercritical
560.00	13.000	127.87	0.0078207	624.50	726.17	2.3715	0.88828	1.1838	363.77	1.9226	28.530	0.042568	supercritical
561.67	13.000	127.38	0.0078508	626.08	728.14	2.3750	0.88900	1.1835	364.40	1.9086	28.584	0.042680	supercritical
563.33	13.000	126.89	0.0078807	627.66	730.11	2.3785	0.88973	1.1832	365.03	1.8948	28.639	0.042792	supercritical
565.00	13.000	126.41	0.0079107	629.25	732.09	2.3820	0.89047	1.1829	365.66	1.8811	28.693	0.042905	supercritical
566.67	13.000	125.94	0.0079405	630.83	734.06	2.3855	0.89120	1.1827	366.29	1.8675	28.748	0.043017	supercritical
568.33	13.000	125.46	0.0079704	632.41	736.03	2.3889	0.89193	1.1824	366.91	1.8541	28.802	0.043130	supercritical
570.00	13.000	125.00	0.0080001	634.00	738.00	2.3924	0.89266	1.1822	367.53	1.8407	28.857	0.043243	supercritical
571.67	13.000	124.54	0.0080299	635.58	739.97	2.3959	0.89340	1.1820	368.15	1.8275	28.911	0.043356	supercritical
573.33	13.000	124.08	0.0080596	637.16	741.94	2.3993	0.89413	1.1818	368.77	1.8144	28.966	0.043470	supercritical
575.00	13.000	123.62	0.0080892	638.75	743.91	2.4027	0.89487	1.1816	369.38	1.8014	29.020	0.043583	supercritical
576.67	13.000	123.17	0.0081188	640.33	745.88	2.4062	0.89561	1.1814	370.00	1.7886	29.075	0.043697	supercritical
578.33	13.000	122.72	0.0081483	641.92	747.85	2.4096	0.89634	1.1813	370.61	1.7758	29.129	0.043811	supercritical
580.00	13.000	122.28	0.0081778	643.50	749.81	2.4130	0.89708	1.1811	371.22	1.7631	29.184	0.043925	supercritical
581.67	13.000	121.84	0.0082073	645.09	751.78	2.4163	0.89782	1.1810	371.83	1.7506	29.238	0.044039	supercritical
583.33	13.000	121.41	0.0082367	646.67	753.75	2.4197	0.89855	1.1809	372.43	1.7382	29.293	0.044153	supercritical
585.00	13.000	120.98	0.0082661	648.26	755.72	2.4231	0.89929	1.1808	373.04	1.7259	29.347	0.044268	supercritical
586.67	13.000	120.55	0.0082954	649.85	757.69	2.4265	0.90003	1.1807	373.64	1.7137	29.402	0.044382	supercritical
588.33	13.000	120.12	0.0083247	651.43	759.65	2.4298	0.90077	1.1806	374.24	1.7016	29.457	0.044497	supercritical
590.00	13.000	119.70	0.0083540	653.02	761.62	2.4331	0.90151	1.1806	374.84	1.6896	29.511	0.044612	supercritical
591.67	13.000	119.29	0.0083832	654.61	763.59	2.4365	0.90225	1.1805	375.43	1.6777	29.566	0.044727	supercritical
593.33	13.000	118.87	0.0084124	656.20	765.56	2.4398	0.90299	1.1805	376.03	1.6659	29.620	0.044843	supercritical
595.00	13.000	118.46	0.0084415	657.79	767.52	2.4431	0.90372	1.1804	376.62	1.6542	29.675	0.044958	supercritical
596.67	13.000	118.06	0.0084706	659.37	769.49	2.4464	0.90446	1.1804	377.21	1.6426	29.729	0.045073	supercritical
598.33	13.000	117.65	0.0084997	660.96	771.46	2.4497	0.90520	1.1804	377.80	1.6311	29.784	0.045189	supercritical
600.00	13.000	117.25	0.0085287	662.55	773.43	2.4530	0.90594	1.1804	378.39	1.6197	29.838	0.045305	supercritical
601.67	13.000	116.85	0.0085577	664.14	775.39	2.4563	0.90668	1.1804	378.98	1.6084	29.893	0.045421	supercritical
603.33	13.000	116.46	0.0085866	665.74	777.36	2.4595	0.90742	1.1804	379.56	1.5972	29.947	0.045537	supercritical
605.00	13.000	116.07	0.0086155	667.33	779.33	2.4628	0.90816	1.1805	380.14	1.5861	30.002	0.045653	supercritical
606.67	13.000	115.68	0.0086444	668.92	781.30	2.4660	0.90889	1.1805	380.73	1.5750	30.056	0.045769	supercritical
608.33	13.000	115.30	0.0086732	670.51	783.26	2.4693	0.90963	1.1805	381.31	1.5641	30.111	0.045885	supercritical
610.00	13.000	114.92	0.0087020	672.11	785.23	2.4725	0.91037	1.1806	381.88	1.5533	30.165	0.046002	supercritical
611.67	13.000	114.54	0.0087308	673.70	787.20	2.4757	0.91111	1.1807	382.46	1.5425	30.220	0.046118	supercritical
613.33	13.000	114.16	0.0087595	675.29	789.17	2.4789	0.91184	1.1807	383.03	1.5319	30.274	0.046235	supercritical
615.00	13.000	113.79	0.0087882	676.89	791.14	2.4821	0.91258	1.1808	383.61	1.5213	30.328	0.046351	supercritical
616.67	13.000	113.42	0.0088169	678.48	793.10	2.4853	0.91331	1.1809	384.18	1.5108	30.383	0.046468	supercritical
618.33	13.000	113.05	0.0088455	680.08	795.07	2.4885	0.91405	1.1810	384.75	1.5004	30.437	0.046585	supercritical
620.00	13.000	112.69	0.0088741	681.68	797.04	2.4917	0.91478	1.1811	385.32	1.4901	30.492	0.046702	supercritical
621.67	13.000	112.33	0.0089027	683.27	799.01	2.4949	0.91552	1.1812	385.89	1.4799	30.546	0.046819	supercritical
623.33	13.000	111.97	0.0089313	684.87	800.98	2.4980	0.91625	1.1813	386.45	1.4697	30.600	0.046936	supercritical
625.00	13.000	111.61	0.0089598	686.47	802.95	2.5012	0.91698	1.1815	387.01	1.4597	30.655	0.047054	supercritical
626.67	13.000	111.26	0.0089882	688.07	804.92	2.5043	0.91772	1.1816	387.58	1.4497	30.709	0.047171	supercritical
628.33	13.000	110.91	0.0090167	689.67	806.89	2.5075	0.91845	1.1818	388.14	1.4398	30.763	0.047288	supercritical
630.00	13.000	110.56	0.0090451	691.27	808.85	2.5106	0.91918	1.1819	388.70	1.4300	30.817	0.047406	supercritical
631.67	13.000	110.21	0.0090735	692.87	810.82	2.5137	0.91991	1.1821	389.26	1.4202	30.872	0.047523	supercritical
633.33	13.000	109.87	0.0091018	694.47	812.80	2.5168	0.92064	1.1822	389.81	1.4106	30.926	0.047641	supercritical
635.00	13.000	109.53	0.0091302	696.07	814.77	2.5199	0.92137	1.1824	390.37	1.4010	30.980	0.047759	supercritical
636.67	13.000	109.19	0.0091585	697.68	816.74	2.5230	0.92210	1.1826	390.92	1.3915	31.034	0.047876	supercritical
638.33	13.000	108.85	0.0091867	699.28	818.71	2.5261	0.92282	1.1827	391.47	1.3820	31.088	0.047994	supercritical
640.00	13.000	108.52	0.0092150	700.88	820.68	2.5292	0.92355	1.1829	392.03	1.3727	31.142	0.048112	supercritical
641.67	13.000	108.19	0.0092432	702.49	822.65	2.5323	0.92427	1.1831	392.58	1.3634	31.196	0.048230	supercritical
643.33	13.000	107.86	0.0092714	704.09	824.62	2.5354	0.92500	1.1833	393.12	1.3542	31.250	0.048348	supercritical
645.00	13.000	107.53	0.0092995	705.70	826.59	2.5384	0.92572	1.1835	393.67	1.3450	31.305	0.048466	supercritical
646.67	13.000	107.21	0.0093277	707.31	828.57	2.5415	0.92645	1.1837	394.22	1.3360	31.359	0.048584	supercritical
648.33	13.000	106.89	0.0093558	708.92	830.54	2.5445	0.92717	1.1839	394.76	1.3270	31.413	0.048702	supercritical
650.00	13.000	106.57	0.0093838	710.52	832.51	2.5476	0.92789	1.1841	395.30	1.3180	31.466	0.048821	supercritical
651.67	13.000	106.25	0.0094119	712.13	834.49	2.5506	0.92861	1.1844	395.85	1.3092	31.520	0.048939	supercritical
653.33	13.000	105.93	0.0094399	713.74	836.46	2.5536	0.92933	1.1846	396.39	1.3004	31.574	0.049057	supercritical
655.00	13.000	105.62	0.0094679	715.35	838.44	2.5566	0.93005	1.1848	396.92	1.2917	31.628	0.049175	supercritical
656.67	13.000	105.31	0.0094959	716.96	840.41	2.5597	0.93076	1.1851	397.46	1.2830	31.682	0.049294	supercritical
658.33	13.000	105.00	0.0095238	718.58	842.39	2.5627	0.93148	1.1853	398.00	1.2744	31.736	0.049412	supercritical
660.00	13.000	104.69	0.0095517	720.19	844.36	2.5657	0.93219	1.1856	398.53	1.2659	31.790	0.049531	supercritical
661.67	13.000	104.39	0.0095796	721.80	846.34	2.5687	0.93291	1.1858	399.07	1.2574	31.843	0.049649	supercritical
663.33	13.000	104.09	0.0096075	723.42	848.31	2.5716	0.93362	1.1861	399.60	1.2490	31.897	0.049768	supercritical
665.00	13.000	103.78	0.0096354	725.03	850.29	2.5746	0.93433	1.1863	400.13	1.2407	31.951	0.049886	supercritical
666.67	13.000	103.49	0.0096632	726.65	852.27	2.5776	0.93504	1.1866	400.66	1.2324	32.005	0.050005	supercritical
668.33	13.000	103.19	0.0096910	728.26	854.25	2.5805	0.93575	1.1868	401.19	1.2242	32.058	0.050124	supercritical
670.00	13.000	102.89	0.0097188	729.88	856.23	2.5835	0.93646	1.1871	401.72	1.2161	32.112	0.050242	supercritical
671.67	13.000	102.60	0.0097465	731.50	858.20	2.5865	0.93717	1.1874	402.25	1.2080	32.165	0.050361	supercritical
673.33	13.000	102.31	0.0097743	733.12	860.18	2.5894	0.93788	1.1877	402.77	1.2000	32.219	0.050480	supercritical
675.00	13.000	102.02	0.0098020	734.74	862.16	2.5923	0.93858	1.1879	403.30	1.1920	32.272	0.050599	supercritical
676.67	13.000	101.73	0.0098297	736.36	864.14	2.5953	0.93929	1.1882	403.82	1.1841	32.326	0.050717	supercritical
678.33	13.000	101.45	0.0098573	737.98	866.12	2.5982	0.93999	1.1885	404.34	1.1762	32.379	0.050836	supercritical
680.00	13.000	101.16	0.0098850	739.60	868.10	2.6011	0.94069	1.1888	404.86	1.1685	32.433	0.050955	supercritical
681.67	13.000	100.88	0.0099126	741.22	870.09	2.6040	0.94139	1.1891	405.38	1.1607	32.486	0.051074	supercritical
683.33	13.000	100.60	0.0099402	742.85	872.07	2.6069	0.94209	1.1894	405.90	1.1530	32.540	0.051193	supercritical
685.00	13.000	100.32	0.0099678	744.47	874.05	2.6098	0.94279	1.1897	406.42	1.1454	32.593	0.051312	supercritical
686.67	13.000	100.05	0.0099953	746.09	876.03	2.6127	0.94348	1.1900	406.94	1.1379	32.646	0.051431	supercritical
688.33	13.000	99.772	0.010023	747.72	878.02	2.6156	0.94418	1.1903	407.45	1.1304	32.700	0.051549	supercritical
690.00	13.000	99.499	0.010050	749.35	880.00	2.6185	0.94487	1.1906	407.97	1.1229	32.753	0.051668	supercritical
691.67	13.000	99.227	0.010078	750.97	881.99	2.6213	0.94557	1.1909	408.48	1.1155	32.806	0.051787	supercritical
693.33	13.000	98.957	0.010105	752.60	883.97	2.6242	0.94626	1.1912	408.99	1.1082	32.859	0.051906	supercritical
695.00	13.000	98.689	0.010133	754.23	885.96	2.6271	0.94695	1.1916	409.50	1.1009	32.912	0.052025	supercritical
696.67	13.000	98.423	0.010160	755.86	887.94	2.6299	0.94764	1.1919	410.01	1.0936	32.965	0.052144	supercritical
698.33	13.000	98.158	0.010188	757.49	889.93	2.6328	0.94833	1.1922	410.52	1.0864	33.018	0.052263	supercritical
700.00	13.000	97.895	0.010215	759.12	891.92	2.6356	0.94901	1.1925	411.03	1.0793	33.071	0.052382	supercritical
701.67	13.000	97.633	0.010242	760.75	893.91	2.6385	0.94970	1.1929	411.54	1.0722	33.124	0.052501	supercritical
703.33	13.000	97.373	0.010270	762.39	895.89	2.6413	0.95038	1.1932	412.04	1.0652	33.177	0.052620	supercritical
705.00	13.000	97.114	0.010297	764.02	897.88	2.6441	0.95106	1.1935	412.55	1.0582	33.230	0.052739	supercritical
706.67	13.000	96.858	0.010324	765.65	899.87	2.6469	0.95175	1.1939	413.05	1.0512	33.283	0.052858	supercritical
708.33	13.000	96.602	0.010352	767.29	901.86	2.6497	0.95243	1.1942	413.56	1.0443	33.336	0.052977	supercritical
710.00	13.000	96.348	0.010379	768.93	903.85	2.6525	0.95310	1.1945	414.06	1.0375	33.389	0.053096	supercritical
711.67	13.000	96.096	0.010406	770.56	905.84	2.6553	0.95378	1.1949	414.56	1.0307	33.442	0.053215	supercritical
713.33	13.000	95.845	0.010434	772.20	907.84	2.6581	0.95446	1.1952	415.06	1.0239	33.495	0.053334	supercritical
715.00	13.000	95.595	0.010461	773.84	909.83	2.6609	0.95513	1.1956	415.56	1.0172	33.547	0.053454	supercritical
716.67	13.000	95.347	0.010488	775.48	911.82	2.6637	0.95580	1.1959	416.06	1.0106	33.600	0.053573	supercritical
718.33	13.000	95.101	0.010515	777.12	913.81	2.6665	0.95648	1.1963	416.55	1.0040	33.653	0.053692	supercritical
720.00	13.000	94.856	0.010542	778.76	915.81	2.6693	0.95715	1.1966	417.05	0.99741	33.705	0.053811	supercritical
721.67	13.000	94.612	0.010570	780.40	917.80	2.6720	0.95782	1.1970	417.54	0.99090	33.758	0.053930	supercritical
723.33	13.000	94.370	0.010597	782.04	919.80	2.6748	0.95848	1.1973	418.04	0.98442	33.810	0.054049	supercritical
725.00	13.000	94.129	0.010624	783.69	921.79	2.6776	0.95915	1.1977	418.53	0.97799	33.863	0.054168	supercritical
726.67	13.000	93.889	0.010651	785.33	923.79	2.6803	0.95981	1.1980	419.02	0.97161	33.915	0.054287	supercritical
728.33	13.000	93.651	0.010678	786.97	925.79	2.6830	0.96048	1.1984	419.51	0.96527	33.968	0.054406	supercritical
730.00	13.000	93.414	0.010705	788.62	927.79	2.6858	0.96114	1.1987	420.00	0.95897	34.020	0.054525	supercritical
731.67	13.000	93.178	0.010732	790.27	929.78	2.6885	0.96180	1.1991	420.49	0.95271	34.073	0.054644	supercritical
733.33	13.000	92.944	0.010759	791.91	931.78	2.6912	0.96246	1.1995	420.98	0.94649	34.125	0.054762	supercritical
735.00	13.000	92.711	0.010786	793.56	933.78	2.6940	0.96312	1.1998	421.47	0.94032	34.177	0.054881	supercritical
736.67	13.000	92.480	0.010813	795.21	935.78	2.6967	0.96377	1.2002	421.96	0.93419	34.229	0.055000	supercritical
738.33	13.000	92.250	0.010840	796.86	937.78	2.6994	0.96443	1.2006	422.44	0.92810	34.282	0.055119	supercritical
740.00	13.000	92.021	0.010867	798.51	939.78	2.7021	0.96508	1.2009	422.93	0.92205	34.334	0.055238	supercritical
741.67	13.000	91.793	0.010894	800.16	941.79	2.7048	0.96573	1.2013	423.41	0.91604	34.386	0.055357	supercritical
743.33	13.000	91.566	0.010921	801.81	943.79	2.7075	0.96638	1.2017	423.89	0.91007	34.438	0.055476	supercritical
745.00	13.000	91.341	0.010948	803.47	945.79	2.7102	0.96703	1.2020	424.38	0.90414	34.490	0.055595	supercritical
746.67	13.000	91.117	0.010975	805.12	947.79	2.7129	0.96768	1.2024	424.86	0.89825	34.542	0.055714	supercritical
748.33	13.000	90.894	0.011002	806.78	949.80	2.7156	0.96833	1.2028	425.34	0.89239	34.594	0.055832	supercritical
750.00	13.000	90.673	0.011029	808.43	951.80	2.7182	0.96897	1.2032	425.82	0.88658	34.646	0.055951	supercritical
751.67	13.000	90.452	0.011056	810.09	953.81	2.7209	0.96962	1.2035	426.30	0.88080	34.698	0.056070	supercritical
753.33	13.000	90.233	0.011082	811.74	955.82	2.7236	0.97026	1.2039	426.78	0.87506	34.750	0.056189	supercritical
755.00	13.000	90.015	0.011109	813.40	957.82	2.7262	0.97090	1.2043	427.25	0.86936	34.802	0.056307	supercritical
756.67	13.000	89.798	0.011136	815.06	959.83	2.7289	0.97154	1.2047	427.73	0.86370	34.854	0.056426	supercritical
758.33	13.000	89.583	0.011163	816.72	961.84	2.7316	0.97217	1.2051	428.21	0.85807	34.905	0.056545	supercritical
760.00	13.000	89.368	0.011190	818.38	963.85	2.7342	0.97281	1.2054	428.68	0.85248	34.957	0.056664	supercritical
761.67	13.000	89.155	0.011216	820.04	965.86	2.7368	0.97345	1.2058	429.15	0.84692	35.009	0.056782	supercritical
763.33	13.000	88.942	0.011243	821.70	967.87	2.7395	0.97408	1.2062	429.63	0.84140	35.061	0.056901	supercritical
765.00	13.000	88.731	0.011270	823.37	969.88	2.7421	0.97471	1.2066	430.10	0.83592	35.112	0.057019	supercritical
766.67	13.000	88.521	0.011297	825.03	971.89	2.7447	0.97534	1.2070	430.57	0.83047	35.164	0.057138	supercritical
768.33	13.000	88.312	0.011323	826.69	973.90	2.7474	0.97597	1.2073	431.04	0.82505	35.215	0.057257	supercritical
770.00	13.000	88.104	0.011350	828.36	975.91	2.7500	0.97660	1.2077	431.51	0.81967	35.267	0.057375	supercritical
771.67	13.000	87.897	0.011377	830.03	977.93	2.7526	0.97722	1.2081	431.98	0.81433	35.318	0.057494	supercritical
773.33	13.000	87.692	0.011404	831.69	979.94	2.7552	0.97785	1.2085	432.45	0.80901	35.370	0.057612	supercritical
775.00	13.000	87.487	0.011430	833.36	981.95	2.7578	0.97847	1.2089	432.92	0.80374	35.421	0.057730	supercritical
776.67	13.000	87.283	0.011457	835.03	983.97	2.7604	0.97909	1.2093	433.38	0.79849	35.473	0.057849	supercritical
778.33	13.000	87.081	0.011484	836.70	985.99	2.7630	0.97971	1.2097	433.85	0.79328	35.524	0.057967	supercritical
780.00	13.000	86.879	0.011510	838.37	988.00	2.7656	0.98033	1.2101	434.31	0.78810	35.575	0.058086	supercritical
781.67	13.000	86.679	0.011537	840.04	990.02	2.7682	0.98095	1.2104	434.78	0.78295	35.627	0.058204	supercritical
783.33	13.000	86.479	0.011563	841.71	992.04	2.7707	0.98156	1.2108	435.24	0.77783	35.678	0.058322	supercritical
785.00	13.000	86.281	0.011590	843.38	994.05	2.7733	0.98218	1.2112	435.71	0.77275	35.729	0.058441	supercritical
786.67	13.000	86.083	0.011617	845.06	996.07	2.7759	0.98279	1.2116	436.17	0.76769	35.780	0.058559	supercritical
788.33	13.000	85.887	0.011643	846.73	998.09	2.7784	0.98340	1.2120	436.63	0.76267	35.831	0.058677	supercritical
790.00	13.000	85.691	0.011670	848.41	1000.1	2.7810	0.98401	1.2124	437.09	0.75768	35.882	0.058795	supercritical
791.67	13.000	85.497	0.011696	850.08	1002.1	2.7836	0.98462	1.2128	437.55	0.75272	35.933	0.058913	supercritical
793.33	13.000	85.303	0.011723	851.76	1004.2	2.7861	0.98522	1.2132	438.01	0.74779	35.984	0.059031	supercritical
795.00	13.000	85.111	0.011749	853.44	1006.2	2.7887	0.98583	1.2136	438.47	0.74289	36.035	0.059149	supercritical
796.67	13.000	84.919	0.011776	855.11	1008.2	2.7912	0.98643	1.2140	438.93	0.73802	36.086	0.059267	supercritical
798.33	13.000	84.728	0.011802	856.79	1010.2	2.7937	0.98703	1.2144	439.38	0.73318	36.137	0.059385	supercritical
800.00	13.000	84.539	0.011829	858.47	1012.2	2.7963	0.98763	1.2148	439.84	0.72837	36.188	0.059503	supercritical
801.67	13.000	84.350	0.011855	860.15	1014.3	2.7988	0.98823	1.2151	440.29	0.72358	36.239	0.059621	supercritical
803.33	13.000	84.162	0.011882	861.84	1016.3	2.8013	0.98883	1.2155	440.75	0.71883	36.290	0.059739	supercritical
805.00	13.000	83.975	0.011908	863.52	1018.3	2.8038	0.98943	1.2159	441.20	0.71411	36.340	0.059857	supercritical
806.67	13.000	83.789	0.011935	865.20	1020.4	2.8064	0.99002	1.2163	441.66	0.70941	36.391	0.059975	supercritical
808.33	13.000	83.604	0.011961	866.88	1022.4	2.8089	0.99061	1.2167	442.11	0.70474	36.442	0.060093	supercritical
810.00	13.000	83.419	0.011988	868.57	1024.4	2.8114	0.99121	1.2171	442.56	0.70010	36.493	0.060210	supercritical
811.67	13.000	83.236	0.012014	870.26	1026.4	2.8139	0.99180	1.2175	443.01	0.69549	36.543	0.060328	supercritical
813.33	13.000	83.053	0.012040	871.94	1028.5	2.8164	0.99239	1.2179	443.47	0.69090	36.594	0.060446	supercritical
815.00	13.000	82.872	0.012067	873.63	1030.5	2.8189	0.99297	1.2183	443.92	0.68634	36.644	0.060563	supercritical
816.67	13.000	82.691	0.012093	875.32	1032.5	2.8214	0.99356	1.2187	444.36	0.68181	36.695	0.060681	supercritical
818.33	13.000	82.511	0.012120	877.01	1034.6	2.8238	0.99414	1.2191	444.81	0.67731	36.745	0.060798	supercritical
820.00	13.000	82.332	0.012146	878.69	1036.6	2.8263	0.99473	1.2195	445.26	0.67283	36.796	0.060916	supercritical
821.67	13.000	82.154	0.012172	880.38	1038.6	2.8288	0.99531	1.2199	445.71	0.66838	36.846	0.061033	supercritical
823.33	13.000	81.976	0.012199	882.08	1040.7	2.8313	0.99589	1.2203	446.16	0.66395	36.896	0.061151	supercritical
825.00	13.000	81.800	0.012225	883.77	1042.7	2.8337	0.99647	1.2207	446.60	0.65955	36.947	0.061268	supercritical
826.67	13.000	81.624	0.012251	885.46	1044.7	2.8362	0.99704	1.2211	447.05	0.65518	36.997	0.061385	supercritical
828.33	13.000	81.449	0.012278	887.15	1046.8	2.8387	0.99762	1.2215	447.49	0.65083	37.047	0.061503	supercritical
830.00	13.000	81.275	0.012304	888.85	1048.8	2.8411	0.99819	1.2219	447.94	0.64650	37.097	0.061620	supercritical
831.67	13.000	81.102	0.012330	890.54	1050.8	2.8436	0.99877	1.2223	448.38	0.64220	37.148	0.061737	supercritical
833.33	13.000	80.929	0.012356	892.24	1052.9	2.8460	0.99934	1.2226	448.82	0.63793	37.198	0.061854	supercritical
835.00	13.000	80.758	0.012383	893.94	1054.9	2.8485	0.99991	1.2230	449.27	0.63368	37.248	0.061971	supercritical
836.67	13.000	80.587	0.012409	895.63	1056.9	2.8509	1.0005	1.2234	449.71	0.62945	37.298	0.062089	supercritical
838.33	13.000	80.417	0.012435	897.33	1059.0	2.8533	1.0010	1.2238	450.15	0.62525	37.348	0.062206	supercritical
840.00	13.000	80.247	0.012461	899.03	1061.0	2.8558	1.0016	1.2242	450.59	0.62108	37.398	0.062323	supercritical
841.67	13.000	80.079	0.012488	900.73	1063.1	2.8582	1.0022	1.2246	451.03	0.61692	37.448	0.062439	supercritical
843.33	13.000	79.911	0.012514	902.43	1065.1	2.8606	1.0027	1.2250	451.47	0.61279	37.498	0.062556	supercritical
845.00	13.000	79.744	0.012540	904.13	1067.2	2.8630	1.0033	1.2254	451.91	0.60869	37.548	0.062673	supercritical
846.67	13.000	79.578	0.012566	905.83	1069.2	2.8654	1.0039	1.2258	452.34	0.60460	37.598	0.062790	supercritical
848.33	13.000	79.412	0.012593	907.54	1071.2	2.8679	1.0044	1.2262	452.78	0.60054	37.647	0.062907	supercritical
850.00	13.000	79.247	0.012619	909.24	1073.3	2.8703	1.0050	1.2266	453.22	0.59650	37.697	0.063023	supercritical
851.67	13.000	79.083	0.012645	910.94	1075.3	2.8727	1.0055	1.2270	453.65	0.59249	37.747	0.063140	supercritical
853.33	13.000	78.920	0.012671	912.65	1077.4	2.8751	1.0061	1.2274	454.09	0.58850	37.797	0.063257	supercritical
855.00	13.000	78.758	0.012697	914.36	1079.4	2.8775	1.0066	1.2278	454.52	0.58453	37.846	0.063373	supercritical
856.67	13.000	78.596	0.012723	916.06	1081.5	2.8799	1.0072	1.2282	454.96	0.58058	37.896	0.063490	supercritical
858.33	13.000	78.435	0.012749	917.77	1083.5	2.8822	1.0077	1.2285	455.39	0.57665	37.945	0.063606	supercritical
860.00	13.000	78.274	0.012776	919.48	1085.6	2.8846	1.0083	1.2289	455.83	0.57275	37.995	0.063723	supercritical
861.67	13.000	78.114	0.012802	921.19	1087.6	2.8870	1.0088	1.2293	456.26	0.56886	38.045	0.063839	supercritical
863.33	13.000	77.955	0.012828	922.90	1089.7	2.8894	1.0094	1.2297	456.69	0.56500	38.094	0.063955	supercritical
865.00	13.000	77.797	0.012854	924.61	1091.7	2.8917	1.0099	1.2301	457.12	0.56116	38.144	0.064072	supercritical
866.67	13.000	77.640	0.012880	926.32	1093.8	2.8941	1.0105	1.2305	457.55	0.55734	38.193	0.064188	supercritical
868.33	13.000	77.483	0.012906	928.03	1095.8	2.8965	1.0110	1.2309	457.98	0.55354	38.242	0.064304	supercritical
870.00	13.000	77.326	0.012932	929.74	1097.9	2.8988	1.0115	1.2313	458.41	0.54977	38.292	0.064420	supercritical
871.67	13.000	77.171	0.012958	931.46	1099.9	2.9012	1.0121	1.2317	458.84	0.54601	38.341	0.064536	supercritical
873.33	13.000	77.016	0.012984	933.17	1102.0	2.9036	1.0126	1.2321	459.27	0.54227	38.390	0.064652	supercritical
875.00	13.000	76.862	0.013010	934.89	1104.0	2.9059	1.0131	1.2325	459.70	0.53856	38.440	0.064768	supercritical
876.67	13.000	76.708	0.013036	936.60	1106.1	2.9082	1.0137	1.2328	460.12	0.53486	38.489	0.064884	supercritical
878.33	13.000	76.555	0.013062	938.32	1108.1	2.9106	1.0142	1.2332	460.55	0.53118	38.538	0.065000	supercritical
880.00	13.000	76.403	0.013088	940.04	1110.2	2.9129	1.0147	1.2336	460.98	0.52753	38.587	0.065116	supercritical
881.67	13.000	76.252	0.013114	941.75	1112.2	2.9153	1.0153	1.2340	461.40	0.52389	38.636	0.065232	supercritical
883.33	13.000	76.101	0.013140	943.47	1114.3	2.9176	1.0158	1.2344	461.83	0.52027	38.685	0.065348	supercritical
885.00	13.000	75.950	0.013166	945.19	1116.4	2.9199	1.0163	1.2348	462.25	0.51668	38.734	0.065463	supercritical
886.67	13.000	75.801	0.013192	946.91	1118.4	2.9222	1.0169	1.2352	462.68	0.51310	38.783	0.065579	supercritical
888.33	13.000	75.652	0.013218	948.63	1120.5	2.9246	1.0174	1.2356	463.10	0.50954	38.832	0.065694	supercritical
890.00	13.000	75.503	0.013244	950.36	1122.5	2.9269	1.0179	1.2359	463.52	0.50600	38.881	0.065810	supercritical
891.67	13.000	75.356	0.013270	952.08	1124.6	2.9292	1.0184	1.2363	463.95	0.50247	38.930	0.065925	supercritical
893.33	13.000	75.208	0.013296	953.80	1126.7	2.9315	1.0189	1.2367	464.37	0.49897	38.979	0.066041	supercritical
895.00	13.000	75.062	0.013322	955.53	1128.7	2.9338	1.0195	1.2371	464.79	0.49548	39.028	0.066156	supercritical
896.67	13.000	74.916	0.013348	957.25	1130.8	2.9361	1.0200	1.2375	465.21	0.49202	39.077	0.066271	supercritical
898.33	13.000	74.771	0.013374	958.98	1132.8	2.9384	1.0205	1.2379	465.63	0.48857	39.125	0.066387	supercritical
900.00	13.000	74.626	0.013400	960.70	1134.9	2.9407	1.0210	1.2382	466.05	0.48514	39.174	0.066502	supercritical
901.67	13.000	74.482	0.013426	962.43	1137.0	2.9430	1.0215	1.2386	466.47	0.48173	39.223	0.066617	supercritical
903.33	13.000	74.338	0.013452	964.16	1139.0	2.9453	1.0220	1.2390	466.89	0.47833	39.271	0.066732	supercritical
905.00	13.000	74.196	0.013478	965.89	1141.1	2.9476	1.0225	1.2394	467.31	0.47495	39.320	0.066847	supercritical
906.67	13.000	74.053	0.013504	967.62	1143.2	2.9498	1.0230	1.2398	467.72	0.47159	39.369	0.066962	supercritical
908.33	13.000	73.911	0.013530	969.35	1145.2	2.9521	1.0236	1.2402	468.14	0.46825	39.417	0.067077	supercritical
910.00	13.000	73.770	0.013556	971.08	1147.3	2.9544	1.0241	1.2405	468.56	0.46493	39.466	0.067192	supercritical
911.67	13.000	73.630	0.013581	972.81	1149.4	2.9567	1.0246	1.2409	468.97	0.46162	39.514	0.067307	supercritical
913.33	13.000	73.490	0.013607	974.54	1151.4	2.9589	1.0251	1.2413	469.39	0.45833	39.563	0.067422	supercritical
915.00	13.000	73.350	0.013633	976.27	1153.5	2.9612	1.0256	1.2417	469.80	0.45505	39.611	0.067536	supercritical
916.67	13.000	73.211	0.013659	978.01	1155.6	2.9635	1.0261	1.2420	470.22	0.45179	39.660	0.067651	supercritical
918.33	13.000	73.073	0.013685	979.74	1157.6	2.9657	1.0266	1.2424	470.63	0.44855	39.708	0.067766	supercritical
920.00	13.000	72.935	0.013711	981.48	1159.7	2.9680	1.0271	1.2428	471.05	0.44533	39.756	0.067880	supercritical
921.67	13.000	72.798	0.013737	983.21	1161.8	2.9702	1.0276	1.2432	471.46	0.44212	39.805	0.067995	supercritical
923.33	13.000	72.662	0.013762	984.95	1163.9	2.9725	1.0281	1.2436	471.87	0.43893	39.853	0.068109	supercritical
925.00	13.000	72.526	0.013788	986.69	1165.9	2.9747	1.0286	1.2439	472.28	0.43575	39.901	0.068223	supercritical
926.67	13.000	72.390	0.013814	988.42	1168.0	2.9769	1.0290	1.2443	472.70	0.43259	39.949	0.068338	supercritical
928.33	13.000	72.255	0.013840	990.16	1170.1	2.9792	1.0295	1.2447	473.11	0.42945	39.997	0.068452	supercritical
930.00	13.000	72.121	0.013866	991.90	1172.2	2.9814	1.0300	1.2451	473.52	0.42632	40.046	0.068566	supercritical
931.67	13.000	71.987	0.013891	993.64	1174.2	2.9836	1.0305	1.2454	473.93	0.42321	40.094	0.068680	supercritical
933.33	13.000	71.853	0.013917	995.38	1176.3	2.9859	1.0310	1.2458	474.34	0.42011	40.142	0.068794	supercritical
935.00	13.000	71.720	0.013943	997.12	1178.4	2.9881	1.0315	1.2462	474.75	0.41703	40.190	0.068909	supercritical
936.67	13.000	71.588	0.013969	998.87	1180.5	2.9903	1.0320	1.2465	475.16	0.41397	40.238	0.069023	supercritical
938.33	13.000	71.456	0.013995	1000.6	1182.5	2.9925	1.0325	1.2469	475.56	0.41092	40.286	0.069136	supercritical
940.00	13.000	71.325	0.014020	1002.4	1184.6	2.9947	1.0329	1.2473	475.97	0.40788	40.334	0.069250	supercritical
941.67	13.000	71.194	0.014046	1004.1	1186.7	2.9970	1.0334	1.2477	476.38	0.40486	40.381	0.069364	supercritical
943.33	13.000	71.064	0.014072	1005.8	1188.8	2.9992	1.0339	1.2480	476.79	0.40185	40.429	0.069478	supercritical
945.00	13.000	70.934	0.014098	1007.6	1190.9	3.0014	1.0344	1.2484	477.19	0.39886	40.477	0.069592	supercritical
946.67	13.000	70.805	0.014123	1009.3	1192.9	3.0036	1.0349	1.2488	477.60	0.39589	40.525	0.069705	supercritical
948.33	13.000	70.676	0.014149	1011.1	1195.0	3.0058	1.0353	1.2491	478.00	0.39292	40.573	0.069819	supercritical
950.00	13.000	70.548	0.014175	1012.8	1197.1	3.0080	1.0358	1.2495	478.41	0.38998	40.620	0.069932	supercritical
951.67	13.000	70.420	0.014201	1014.6	1199.2	3.0101	1.0363	1.2499	478.81	0.38704	40.668	0.070046	supercritical
953.33	13.000	70.293	0.014226	1016.3	1201.3	3.0123	1.0368	1.2502	479.22	0.38413	40.716	0.070159	supercritical
955.00	13.000	70.166	0.014252	1018.1	1203.4	3.0145	1.0372	1.2506	479.62	0.38122	40.763	0.070273	supercritical
956.67	13.000	70.040	0.014278	1019.8	1205.4	3.0167	1.0377	1.2510	480.02	0.37833	40.811	0.070386	supercritical
958.33	13.000	69.914	0.014303	1021.6	1207.5	3.0189	1.0382	1.2513	480.43	0.37545	40.859	0.070499	supercritical
960.00	13.000	69.788	0.014329	1023.3	1209.6	3.0211	1.0386	1.2517	480.83	0.37259	40.906	0.070612	supercritical
961.67	13.000	69.663	0.014355	1025.1	1211.7	3.0232	1.0391	1.2520	481.23	0.36974	40.954	0.070726	supercritical
963.33	13.000	69.539	0.014380	1026.8	1213.8	3.0254	1.0396	1.2524	481.63	0.36691	41.001	0.070839	supercritical
965.00	13.000	69.415	0.014406	1028.6	1215.9	3.0276	1.0400	1.2528	482.03	0.36409	41.049	0.070952	supercritical
966.67	13.000	69.292	0.014432	1030.3	1218.0	3.0297	1.0405	1.2531	482.43	0.36128	41.096	0.071065	supercritical
968.33	13.000	69.169	0.014457	1032.1	1220.0	3.0319	1.0409	1.2535	482.83	0.35848	41.143	0.071177	supercritical
970.00	13.000	69.046	0.014483	1033.9	1222.1	3.0340	1.0414	1.2538	483.23	0.35570	41.191	0.071290	supercritical
971.67	13.000	68.924	0.014509	1035.6	1224.2	3.0362	1.0419	1.2542	483.63	0.35294	41.238	0.071403	supercritical
973.33	13.000	68.803	0.014534	1037.4	1226.3	3.0383	1.0423	1.2546	484.03	0.35018	41.285	0.071516	supercritical
975.00	13.000	68.681	0.014560	1039.1	1228.4	3.0405	1.0428	1.2549	484.43	0.34744	41.333	0.071628	supercritical
976.67	13.000	68.561	0.014586	1040.9	1230.5	3.0426	1.0432	1.2553	484.83	0.34471	41.380	0.071741	supercritical
978.33	13.000	68.440	0.014611	1042.6	1232.6	3.0448	1.0437	1.2556	485.22	0.34199	41.427	0.071854	supercritical
980.00	13.000	68.321	0.014637	1044.4	1234.7	3.0469	1.0441	1.2560	485.62	0.33929	41.474	0.071966	supercritical
981.67	13.000	68.201	0.014662	1046.2	1236.8	3.0490	1.0446	1.2563	486.02	0.33660	41.521	0.072078	supercritical
983.33	13.000	68.082	0.014688	1047.9	1238.9	3.0512	1.0450	1.2567	486.41	0.33392	41.568	0.072191	supercritical
985.00	13.000	67.964	0.014714	1049.7	1241.0	3.0533	1.0455	1.2571	486.81	0.33126	41.616	0.072303	supercritical
986.67	13.000	67.846	0.014739	1051.5	1243.1	3.0554	1.0459	1.2574	487.21	0.32860	41.663	0.072415	supercritical
988.33	13.000	67.728	0.014765	1053.2	1245.2	3.0575	1.0464	1.2578	487.60	0.32596	41.710	0.072528	supercritical
990.00	13.000	67.611	0.014790	1055.0	1247.3	3.0597	1.0468	1.2581	487.99	0.32333	41.757	0.072640	supercritical
991.67	13.000	67.494	0.014816	1056.7	1249.4	3.0618	1.0472	1.2585	488.39	0.32072	41.804	0.072752	supercritical
993.33	13.000	67.378	0.014842	1058.5	1251.4	3.0639	1.0477	1.2588	488.78	0.31811	41.850	0.072864	supercritical
995.00	13.000	67.262	0.014867	1060.3	1253.5	3.0660	1.0481	1.2592	489.18	0.31552	41.897	0.072976	supercritical
996.67	13.000	67.147	0.014893	1062.0	1255.6	3.0681	1.0486	1.2595	489.57	0.31294	41.944	0.073088	supercritical
998.33	13.000	67.032	0.014918	1063.8	1257.7	3.0702	1.0490	1.2599	489.96	0.31037	41.991	0.073199	supercritical
1000.0	13.000	66.917	0.014944	1065.6	1259.8	3.0723	1.0494	1.2602	490.35	0.30781	42.038	0.073311	supercritical
1001.7	13.000	66.803	0.014969	1067.3	1261.9	3.0744	1.0499	1.2606	490.74	0.30527	42.085	0.073423	supercritical
1003.3	13.000	66.689	0.014995	1069.1	1264.0	3.0765	1.0503	1.2609	491.14	0.30274	42.131	0.073535	supercritical
1005.0	13.000	66.576	0.015021	1070.9	1266.1	3.0786	1.0507	1.2612	491.53	0.30021	42.178	0.073646	supercritical
1006.7	13.000	66.463	0.015046	1072.7	1268.3	3.0807	1.0512	1.2616	491.92	0.29770	42.225	0.073758	supercritical
1008.3	13.000	66.350	0.015072	1074.4	1270.4	3.0828	1.0516	1.2619	492.31	0.29520	42.271	0.073869	supercritical
1010.0	13.000	66.238	0.015097	1076.2	1272.5	3.0849	1.0520	1.2623	492.70	0.29272	42.318	0.073981	supercritical
1011.7	13.000	66.126	0.015123	1078.0	1274.6	3.0870	1.0525	1.2626	493.08	0.29024	42.365	0.074092	supercritical
1013.3	13.000	66.015	0.015148	1079.7	1276.7	3.0890	1.0529	1.2630	493.47	0.28778	42.411	0.074203	supercritical
1015.0	13.000	65.904	0.015174	1081.5	1278.8	3.0911	1.0533	1.2633	493.86	0.28532	42.458	0.074314	supercritical
1016.7	13.000	65.793	0.015199	1083.3	1280.9	3.0932	1.0537	1.2637	494.25	0.28288	42.504	0.074426	supercritical
1018.3	13.000	65.683	0.015225	1085.1	1283.0	3.0952	1.0542	1.2640	494.64	0.28045	42.551	0.074537	supercritical
1020.0	13.000	65.573	0.015250	1086.8	1285.1	3.0973	1.0546	1.2643	495.02	0.27802	42.597	0.074648	supercritical
1021.7	13.000	65.464	0.015276	1088.6	1287.2	3.0994	1.0550	1.2647	495.41	0.27561	42.643	0.074759	supercritical
1023.3	13.000	65.355	0.015301	1090.4	1289.3	3.1014	1.0554	1.2650	495.80	0.27321	42.690	0.074870	supercritical
1025.0	13.000	65.246	0.015327	1092.2	1291.4	3.1035	1.0559	1.2653	496.18	0.27082	42.736	0.074981	supercritical
1026.7	13.000	65.138	0.015352	1093.9	1293.5	3.1056	1.0563	1.2657	496.57	0.26845	42.782	0.075091	supercritical
1028.3	13.000	65.030	0.015378	1095.7	1295.6	3.1076	1.0567	1.2660	496.95	0.26608	42.829	0.075202	supercritical
1030.0	13.000	64.922	0.015403	1097.5	1297.7	3.1097	1.0571	1.2664	497.34	0.26372	42.875	0.075313	supercritical
1031.7	13.000	64.815	0.015428	1099.3	1299.9	3.1117	1.0575	1.2667	497.72	0.26137	42.921	0.075423	supercritical
1033.3	13.000	64.708	0.015454	1101.1	1302.0	3.1138	1.0579	1.2670	498.11	0.25903	42.967	0.075534	supercritical
1035.0	13.000	64.602	0.015479	1102.8	1304.1	3.1158	1.0583	1.2674	498.49	0.25671	43.014	0.075644	supercritical
1036.7	13.000	64.496	0.015505	1104.6	1306.2	3.1178	1.0588	1.2677	498.87	0.25439	43.060	0.075755	supercritical
1038.3	13.000	64.390	0.015530	1106.4	1308.3	3.1199	1.0592	1.2680	499.26	0.25208	43.106	0.075865	supercritical
1040.0	13.000	64.285	0.015556	1108.2	1310.4	3.1219	1.0596	1.2684	499.64	0.24979	43.152	0.075976	supercritical
1041.7	13.000	64.180	0.015581	1110.0	1312.5	3.1239	1.0600	1.2687	500.02	0.24750	43.198	0.076086	supercritical
1043.3	13.000	64.076	0.015607	1111.8	1314.6	3.1260	1.0604	1.2690	500.40	0.24523	43.244	0.076196	supercritical
1045.0	13.000	63.971	0.015632	1113.5	1316.8	3.1280	1.0608	1.2693	500.79	0.24296	43.290	0.076306	supercritical
1046.7	13.000	63.867	0.015657	1115.3	1318.9	3.1300	1.0612	1.2697	501.17	0.24070	43.336	0.076416	supercritical
1048.3	13.000	63.764	0.015683	1117.1	1321.0	3.1320	1.0616	1.2700	501.55	0.23845	43.382	0.076526	supercritical
1050.0	13.000	63.661	0.015708	1118.9	1323.1	3.1341	1.0620	1.2703	501.93	0.23622	43.428	0.076636	supercritical
1051.7	13.000	63.558	0.015734	1120.7	1325.2	3.1361	1.0624	1.2707	502.31	0.23399	43.474	0.076746	supercritical
1053.3	13.000	63.456	0.015759	1122.5	1327.3	3.1381	1.0628	1.2710	502.69	0.23177	43.520	0.076856	supercritical
1055.0	13.000	63.353	0.015784	1124.3	1329.5	3.1401	1.0632	1.2713	503.07	0.22956	43.565	0.076966	supercritical
1056.7	13.000	63.252	0.015810	1126.1	1331.6	3.1421	1.0636	1.2716	503.45	0.22736	43.611	0.077076	supercritical
1058.3	13.000	63.150	0.015835	1127.8	1333.7	3.1441	1.0640	1.2720	503.82	0.22517	43.657	0.077185	supercritical
1060.0	13.000	63.049	0.015861	1129.6	1335.8	3.1461	1.0644	1.2723	504.20	0.22299	43.703	0.077295	supercritical
1061.7	13.000	62.948	0.015886	1131.4	1337.9	3.1481	1.0648	1.2726	504.58	0.22082	43.748	0.077404	supercritical
1063.3	13.000	62.848	0.015911	1133.2	1340.1	3.1501	1.0652	1.2729	504.96	0.21866	43.794	0.077514	supercritical
1065.0	13.000	62.748	0.015937	1135.0	1342.2	3.1521	1.0656	1.2733	505.33	0.21651	43.840	0.077623	supercritical
1066.7	13.000	62.648	0.015962	1136.8	1344.3	3.1541	1.0660	1.2736	505.71	0.21436	43.885	0.077733	supercritical
1068.3	13.000	62.549	0.015988	1138.6	1346.4	3.1561	1.0664	1.2739	506.09	0.21223	43.931	0.077842	supercritical
1070.0	13.000	62.450	0.016013	1140.4	1348.6	3.1581	1.0668	1.2742	506.46	0.21010	43.976	0.077951	supercritical
1071.7	13.000	62.351	0.016038	1142.2	1350.7	3.1600	1.0671	1.2745	506.84	0.20798	44.022	0.078060	supercritical
1073.3	13.000	62.253	0.016064	1144.0	1352.8	3.1620	1.0675	1.2749	507.21	0.20588	44.068	0.078169	supercritical
1075.0	13.000	62.155	0.016089	1145.8	1354.9	3.1640	1.0679	1.2752	507.59	0.20378	44.113	0.078278	supercritical
1076.7	13.000	62.057	0.016114	1147.6	1357.1	3.1660	1.0683	1.2755	507.96	0.20169	44.158	0.078387	supercritical
1078.3	13.000	61.959	0.016140	1149.4	1359.2	3.1680	1.0687	1.2758	508.34	0.19960	44.204	0.078496	supercritical
1080.0	13.000	61.862	0.016165	1151.2	1361.3	3.1699	1.0691	1.2761	508.71	0.19753	44.249	0.078605	supercritical
1081.7	13.000	61.765	0.016190	1153.0	1363.4	3.1719	1.0694	1.2764	509.09	0.19547	44.295	0.078714	supercritical
1083.3	13.000	61.669	0.016216	1154.8	1365.6	3.1739	1.0698	1.2767	509.46	0.19341	44.340	0.078823	supercritical
1085.0	13.000	61.573	0.016241	1156.6	1367.7	3.1758	1.0702	1.2771	509.83	0.19136	44.385	0.078931	supercritical
1086.7	13.000	61.477	0.016266	1158.4	1369.8	3.1778	1.0706	1.2774	510.20	0.18932	44.431	0.079040	supercritical
1088.3	13.000	61.381	0.016292	1160.2	1371.9	3.1797	1.0710	1.2777	510.58	0.18729	44.476	0.079148	supercritical
1090.0	13.000	61.286	0.016317	1162.0	1374.1	3.1817	1.0713	1.2780	510.95	0.18527	44.521	0.079257	supercritical
1091.7	13.000	61.191	0.016342	1163.8	1376.2	3.1836	1.0717	1.2783	511.32	0.18326	44.566	0.079365	supercritical
1093.3	13.000	61.097	0.016368	1165.6	1378.3	3.1856	1.0721	1.2786	511.69	0.18125	44.612	0.079474	supercritical
1095.0	13.000	61.002	0.016393	1167.4	1380.5	3.1875	1.0725	1.2789	512.06	0.17925	44.657	0.079582	supercritical
1096.7	13.000	60.908	0.016418	1169.2	1382.6	3.1895	1.0728	1.2792	512.43	0.17726	44.702	0.079690	supercritical
1098.3	13.000	60.815	0.016443	1171.0	1384.7	3.1914	1.0732	1.2795	512.80	0.17528	44.747	0.079798	supercritical
1100.0	13.000	60.721	0.016469	1172.8	1386.9	3.1934	1.0736	1.2798	513.17	0.17331	44.792	0.079907	supercritical
1101.7	13.000	60.628	0.016494	1174.6	1389.0	3.1953	1.0740	1.2802	513.54	0.17134	44.837	0.080015	supercritical
1103.3	13.000	60.535	0.016519	1176.4	1391.1	3.1972	1.0743	1.2805	513.91	0.16938	44.882	0.080123	supercritical
1105.0	13.000	60.443	0.016545	1178.2	1393.3	3.1992	1.0747	1.2808	514.28	0.16743	44.927	0.080231	supercritical
1106.7	13.000	60.351	0.016570	1180.0	1395.4	3.2011	1.0751	1.2811	514.65	0.16549	44.972	0.080338	supercritical
1108.3	13.000	60.259	0.016595	1181.8	1397.5	3.2030	1.0754	1.2814	515.02	0.16356	45.017	0.080446	supercritical
1110.0	13.000	60.167	0.016620	1183.6	1399.7	3.2050	1.0758	1.2817	515.38	0.16163	45.062	0.080554	supercritical
1111.7	13.000	60.076	0.016646	1185.4	1401.8	3.2069	1.0761	1.2820	515.75	0.15971	45.107	0.080662	supercritical
1113.3	13.000	59.985	0.016671	1187.2	1403.9	3.2088	1.0765	1.2823	516.12	0.15780	45.152	0.080769	supercritical
1115.0	13.000	59.894	0.016696	1189.0	1406.1	3.2107	1.0769	1.2826	516.49	0.15590	45.196	0.080877	supercritical
1116.7	13.000	59.804	0.016721	1190.8	1408.2	3.2126	1.0772	1.2829	516.85	0.15400	45.241	0.080984	supercritical
1118.3	13.000	59.713	0.016747	1192.7	1410.4	3.2146	1.0776	1.2832	517.22	0.15212	45.286	0.081092	supercritical
1120.0	13.000	59.624	0.016772	1194.5	1412.5	3.2165	1.0780	1.2835	517.58	0.15024	45.331	0.081199	supercritical
1121.7	13.000	59.534	0.016797	1196.3	1414.6	3.2184	1.0783	1.2838	517.95	0.14836	45.376	0.081307	supercritical
1123.3	13.000	59.445	0.016822	1198.1	1416.8	3.2203	1.0787	1.2841	518.31	0.14650	45.420	0.081414	supercritical
1125.0	13.000	59.356	0.016848	1199.9	1418.9	3.2222	1.0790	1.2844	518.68	0.14464	45.465	0.081521	supercritical
1126.7	13.000	59.267	0.016873	1201.7	1421.1	3.2241	1.0794	1.2847	519.04	0.14279	45.510	0.081628	supercritical
1128.3	13.000	59.178	0.016898	1203.5	1423.2	3.2260	1.0797	1.2850	519.41	0.14094	45.554	0.081735	supercritical
1130.0	13.000	59.090	0.016923	1205.3	1425.3	3.2279	1.0801	1.2853	519.77	0.13911	45.599	0.081842	supercritical
1131.7	13.000	59.002	0.016949	1207.2	1427.5	3.2298	1.0804	1.2856	520.14	0.13728	45.643	0.081949	supercritical
1133.3	13.000	58.915	0.016974	1209.0	1429.6	3.2317	1.0808	1.2859	520.50	0.13546	45.688	0.082056	supercritical
1135.0	13.000	58.827	0.016999	1210.8	1431.8	3.2336	1.0811	1.2861	520.86	0.13364	45.732	0.082163	supercritical
1136.7	13.000	58.740	0.017024	1212.6	1433.9	3.2354	1.0815	1.2864	521.23	0.13183	45.777	0.082270	supercritical
1138.3	13.000	58.653	0.017049	1214.4	1436.1	3.2373	1.0818	1.2867	521.59	0.13003	45.821	0.082377	supercritical
1140.0	13.000	58.567	0.017075	1216.2	1438.2	3.2392	1.0822	1.2870	521.95	0.12824	45.866	0.082483	supercritical
1141.7	13.000	58.480	0.017100	1218.1	1440.4	3.2411	1.0825	1.2873	522.31	0.12645	45.910	0.082590	supercritical
1143.3	13.000	58.394	0.017125	1219.9	1442.5	3.2430	1.0829	1.2876	522.67	0.12467	45.955	0.082696	supercritical
1145.0	13.000	58.308	0.017150	1221.7	1444.6	3.2448	1.0832	1.2879	523.03	0.12290	45.999	0.082803	supercritical
1146.7	13.000	58.223	0.017175	1223.5	1446.8	3.2467	1.0836	1.2882	523.40	0.12113	46.043	0.082909	supercritical
1148.3	13.000	58.138	0.017201	1225.3	1448.9	3.2486	1.0839	1.2885	523.76	0.11937	46.088	0.083016	supercritical
1150.0	13.000	58.053	0.017226	1227.2	1451.1	3.2505	1.0842	1.2888	524.12	0.11762	46.132	0.083122	supercritical
1151.7	13.000	57.968	0.017251	1229.0	1453.2	3.2523	1.0846	1.2890	524.48	0.11587	46.176	0.083228	supercritical
1153.3	13.000	57.883	0.017276	1230.8	1455.4	3.2542	1.0849	1.2893	524.84	0.11413	46.221	0.083334	supercritical
1155.0	13.000	57.799	0.017301	1232.6	1457.5	3.2561	1.0853	1.2896	525.20	0.11240	46.265	0.083441	supercritical
1156.7	13.000	57.715	0.017326	1234.4	1459.7	3.2579	1.0856	1.2899	525.56	0.11067	46.309	0.083547	supercritical
1158.3	13.000	57.631	0.017352	1236.3	1461.8	3.2598	1.0859	1.2902	525.91	0.10895	46.353	0.083653	supercritical
1160.0	13.000	57.548	0.017377	1238.1	1464.0	3.2616	1.0863	1.2905	526.27	0.10724	46.397	0.083759	supercritical
1161.7	13.000	57.465	0.017402	1239.9	1466.1	3.2635	1.0866	1.2908	526.63	0.10553	46.441	0.083864	supercritical
1163.3	13.000	57.382	0.017427	1241.7	1468.3	3.2653	1.0869	1.2910	526.99	0.10383	46.485	0.083970	supercritical
1165.0	13.000	57.299	0.017452	1243.6	1470.4	3.2672	1.0873	1.2913	527.35	0.10214	46.530	0.084076	supercritical
1166.7	13.000	57.217	0.017477	1245.4	1472.6	3.2690	1.0876	1.2916	527.70	0.10045	46.574	0.084182	supercritical
1168.3	13.000	57.134	0.017503	1247.2	1474.7	3.2709	1.0879	1.2919	528.06	0.098772	46.618	0.084287	supercritical
1170.0	13.000	57.052	0.017528	1249.0	1476.9	3.2727	1.0883	1.2922	528.42	0.097097	46.662	0.084393	supercritical
1171.7	13.000	56.971	0.017553	1250.9	1479.0	3.2746	1.0886	1.2924	528.77	0.095429	46.706	0.084498	supercritical
1173.3	13.000	56.889	0.017578	1252.7	1481.2	3.2764	1.0889	1.2927	529.13	0.093767	46.749	0.084604	supercritical
1175.0	13.000	56.808	0.017603	1254.5	1483.4	3.2782	1.0893	1.2930	529.49	0.092111	46.793	0.084709	supercritical
1176.7	13.000	56.727	0.017628	1256.3	1485.5	3.2801	1.0896	1.2933	529.84	0.090461	46.837	0.084815	supercritical
1178.3	13.000	56.646	0.017653	1258.2	1487.7	3.2819	1.0899	1.2935	530.20	0.088817	46.881	0.084920	supercritical
1180.0	13.000	56.566	0.017679	1260.0	1489.8	3.2837	1.0902	1.2938	530.55	0.087180	46.925	0.085025	supercritical
1181.7	13.000	56.485	0.017704	1261.8	1492.0	3.2855	1.0906	1.2941	530.91	0.085548	46.969	0.085130	supercritical
1183.3	13.000	56.405	0.017729	1263.7	1494.1	3.2874	1.0909	1.2944	531.26	0.083923	47.013	0.085235	supercritical
1185.0	13.000	56.326	0.017754	1265.5	1496.3	3.2892	1.0912	1.2946	531.61	0.082303	47.056	0.085340	supercritical
1186.7	13.000	56.246	0.017779	1267.3	1498.5	3.2910	1.0915	1.2949	531.97	0.080690	47.100	0.085445	supercritical
1188.3	13.000	56.167	0.017804	1269.2	1500.6	3.2928	1.0919	1.2952	532.32	0.079082	47.144	0.085550	supercritical
1190.0	13.000	56.087	0.017829	1271.0	1502.8	3.2946	1.0922	1.2955	532.68	0.077480	47.188	0.085655	supercritical
1191.7	13.000	56.009	0.017854	1272.8	1504.9	3.2965	1.0925	1.2957	533.03	0.075885	47.231	0.085760	supercritical
1193.3	13.000	55.930	0.017880	1274.7	1507.1	3.2983	1.0928	1.2960	533.38	0.074295	47.275	0.085865	supercritical
1195.0	13.000	55.852	0.017905	1276.5	1509.3	3.3001	1.0931	1.2963	533.73	0.072711	47.319	0.085969	supercritical
1196.7	13.000	55.773	0.017930	1278.3	1511.4	3.3019	1.0934	1.2965	534.09	0.071132	47.362	0.086074	supercritical
1198.3	13.000	55.695	0.017955	1280.2	1513.6	3.3037	1.0938	1.2968	534.44	0.069560	47.406	0.086178	supercritical
1200.0	13.000	55.618	0.017980	1282.0	1515.7	3.3055	1.0941	1.2971	534.79	0.067993	47.449	0.086283	supercritical
1201.7	13.000	55.540	0.018005	1283.8	1517.9	3.3073	1.0944	1.2974	535.14	0.066432	47.493	0.086387	supercritical
1203.3	13.000	55.463	0.018030	1285.7	1520.1	3.3091	1.0947	1.2976	535.49	0.064876	47.536	0.086492	supercritical
1205.0	13.000	55.386	0.018055	1287.5	1522.2	3.3109	1.0950	1.2979	535.84	0.063326	47.580	0.086596	supercritical
1206.7	13.000	55.309	0.018080	1289.3	1524.4	3.3127	1.0953	1.2982	536.19	0.061782	47.623	0.086700	supercritical
1208.3	13.000	55.232	0.018105	1291.2	1526.5	3.3145	1.0956	1.2984	536.54	0.060243	47.667	0.086804	supercritical
1210.0	13.000	55.156	0.018130	1293.0	1528.7	3.3163	1.0959	1.2987	536.89	0.058710	47.710	0.086909	supercritical
1211.7	13.000	55.080	0.018155	1294.9	1530.9	3.3180	1.0963	1.2989	537.24	0.057182	47.753	0.087013	supercritical
1213.3	13.000	55.004	0.018181	1296.7	1533.0	3.3198	1.0966	1.2992	537.59	0.055660	47.797	0.087117	supercritical
1215.0	13.000	54.928	0.018206	1298.5	1535.2	3.3216	1.0969	1.2995	537.94	0.054143	47.840	0.087221	supercritical
1216.7	13.000	54.852	0.018231	1300.4	1537.4	3.3234	1.0972	1.2997	538.29	0.052632	47.883	0.087325	supercritical
1218.3	13.000	54.777	0.018256	1302.2	1539.5	3.3252	1.0975	1.3000	538.64	0.051126	47.927	0.087428	supercritical
1220.0	13.000	54.702	0.018281	1304.1	1541.7	3.3270	1.0978	1.3003	538.99	0.049626	47.970	0.087532	supercritical
1221.7	13.000	54.627	0.018306	1305.9	1543.9	3.3287	1.0981	1.3005	539.34	0.048130	48.013	0.087636	supercritical
1223.3	13.000	54.553	0.018331	1307.7	1546.0	3.3305	1.0984	1.3008	539.68	0.046640	48.057	0.087740	supercritical
1225.0	13.000	54.478	0.018356	1309.6	1548.2	3.3323	1.0987	1.3010	540.03	0.045156	48.100	0.087843	supercritical
1226.7	13.000	54.404	0.018381	1311.4	1550.4	3.3340	1.0990	1.3013	540.38	0.043676	48.143	0.087947	supercritical
1228.3	13.000	54.330	0.018406	1313.3	1552.5	3.3358	1.0993	1.3016	540.72	0.042202	48.186	0.088050	supercritical
1230.0	13.000	54.256	0.018431	1315.1	1554.7	3.3376	1.0996	1.3018	541.07	0.040733	48.229	0.088154	supercritical
1231.7	13.000	54.182	0.018456	1317.0	1556.9	3.3393	1.0999	1.3021	541.42	0.039269	48.272	0.088257	supercritical
1233.3	13.000	54.109	0.018481	1318.8	1559.1	3.3411	1.1002	1.3023	541.76	0.037811	48.315	0.088360	supercritical
1235.0	13.000	54.036	0.018506	1320.6	1561.2	3.3429	1.1005	1.3026	542.11	0.036357	48.358	0.088463	supercritical
1236.7	13.000	53.963	0.018531	1322.5	1563.4	3.3446	1.1008	1.3028	542.46	0.034909	48.402	0.088567	supercritical
1238.3	13.000	53.890	0.018556	1324.3	1565.6	3.3464	1.1011	1.3031	542.80	0.033465	48.445	0.088670	supercritical
1240.0	13.000	53.817	0.018581	1326.2	1567.7	3.3481	1.1014	1.3033	543.15	0.032027	48.488	0.088773	supercritical
1241.7	13.000	53.745	0.018606	1328.0	1569.9	3.3499	1.1017	1.3036	543.49	0.030594	48.530	0.088876	supercritical
1243.3	13.000	53.673	0.018631	1329.9	1572.1	3.3516	1.1020	1.3038	543.84	0.029165	48.573	0.088979	supercritical
1245.0	13.000	53.601	0.018656	1331.7	1574.3	3.3534	1.1023	1.3041	544.18	0.027742	48.616	0.089082	supercritical
1246.7	13.000	53.529	0.018682	1333.6	1576.4	3.3551	1.1026	1.3044	544.52	0.026323	48.659	0.089185	supercritical
1248.3	13.000	53.457	0.018707	1335.4	1578.6	3.3569	1.1029	1.3046	544.87	0.024910	48.702	0.089287	supercritical
1250.0	13.000	53.386	0.018732	1337.3	1580.8	3.3586	1.1031	1.3049	545.21	0.023501	48.745	0.089390	supercritical
1251.7	13.000	53.315	0.018757	1339.1	1583.0	3.3603	1.1034	1.3051	545.56	0.022097	48.788	0.089493	supercritical
1253.3	13.000	53.244	0.018782	1341.0	1585.1	3.3621	1.1037	1.3054	545.90	0.020698	48.831	0.089595	supercritical
1255.0	13.000	53.173	0.018807	1342.8	1587.3	3.3638	1.1040	1.3056	546.24	0.019304	48.873	0.089698	supercritical
1256.7	13.000	53.102	0.018832	1344.7	1589.5	3.3655	1.1043	1.3058	546.58	0.017915	48.916	0.089800	supercritical
1258.3	13.000	53.032	0.018857	1346.5	1591.7	3.3673	1.1046	1.3061	546.93	0.016530	48.959	0.089903	supercritical
1260.0	13.000	52.962	0.018882	1348.4	1593.8	3.3690	1.1049	1.3063	547.27	0.015150	49.002	0.090005	supercritical
1261.7	13.000	52.892	0.018907	1350.2	1596.0	3.3707	1.1052	1.3066	547.61	0.013775	49.044	0.090107	supercritical
1263.3	13.000	52.822	0.018932	1352.1	1598.2	3.3725	1.1054	1.3068	547.95	0.012405	49.087	0.090210	supercritical
1265.0	13.000	52.752	0.018957	1353.9	1600.4	3.3742	1.1057	1.3071	548.29	0.011039	49.130	0.090312	supercritical
1266.7	13.000	52.683	0.018982	1355.8	1602.6	3.3759	1.1060	1.3073	548.63	0.0096778	49.172	0.090414	supercritical
1268.3	13.000	52.613	0.019007	1357.6	1604.7	3.3776	1.1063	1.3076	548.98	0.0083212	49.215	0.090516	supercritical
1270.0	13.000	52.544	0.019032	1359.5	1606.9	3.3793	1.1066	1.3078	549.32	0.0069693	49.258	0.090618	supercritical
1271.7	13.000	52.475	0.019057	1361.4	1609.1	3.3810	1.1069	1.3081	549.66	0.0056219	49.300	0.090720	supercritical
1273.3	13.000	52.407	0.019082	1363.2	1611.3	3.3828	1.1071	1.3083	550.00	0.0042791	49.343	0.090822	supercritical
1275.0	13.000	52.338	0.019107	1365.1	1613.5	3.3845	1.1074	1.3085	550.34	0.0029407	49.385	0.090924	supercritical
1276.7	13.000	52.270	0.019131	1366.9	1615.6	3.3862	1.1077	1.3088	550.68	0.0016069	49.428	0.091026	supercritical
1278.3	13.000	52.202	0.019156	1368.8	1617.8	3.3879	1.1080	1.3090	551.01	0.00027761	49.470	0.091127	supercritical
1280.0	13.000	52.134	0.019181	1370.6	1620.0	3.3896	1.1083	1.3093	551.35	-0.0010473	49.513	0.091229	supercritical
1281.7	13.000	52.066	0.019206	1372.5	1622.2	3.3913	1.1085	1.3095	551.69	-0.0023677	49.555	0.091331	supercritical
1283.3	13.000	51.998	0.019231	1374.4	1624.4	3.3930	1.1088	1.3097	552.03	-0.0036837	49.598	0.091432	supercritical
1285.0	13.000	51.931	0.019256	1376.2	1626.5	3.3947	1.1091	1.3100	552.37	-0.0049953	49.640	0.091534	supercritical
1286.7	13.000	51.864	0.019281	1378.1	1628.7	3.3964	1.1094	1.3102	552.71	-0.0063026	49.682	0.091635	supercritical
1288.3	13.000	51.797	0.019306	1379.9	1630.9	3.3981	1.1096	1.3105	553.05	-0.0076055	49.725	0.091736	supercritical
1290.0	13.000	51.730	0.019331	1381.8	1633.1	3.3998	1.1099	1.3107	553.38	-0.0089041	49.767	0.091838	supercritical
1291.7	13.000	51.663	0.019356	1383.7	1635.3	3.4015	1.1102	1.3109	553.72	-0.010198	49.809	0.091939	supercritical
1293.3	13.000	51.596	0.019381	1385.5	1637.5	3.4032	1.1105	1.3112	554.06	-0.011488	49.852	0.092040	supercritical
1295.0	13.000	51.530	0.019406	1387.4	1639.7	3.4049	1.1107	1.3114	554.39	-0.012774	49.894	0.092141	supercritical
1296.7	13.000	51.464	0.019431	1389.2	1641.8	3.4066	1.1110	1.3116	554.73	-0.014056	49.936	0.092242	supercritical
1298.3	13.000	51.398	0.019456	1391.1	1644.0	3.4082	1.1113	1.3119	555.07	-0.015333	49.978	0.092343	supercritical
1300.0	13.000	51.332	0.019481	1393.0	1646.2	3.4099	1.1115	1.3121	555.40	-0.016606	50.021	0.092444	supercritical