Temperature (K)	Pressure (MPa)	Density (kg/m3)	Volume (m3/kg)	Internal Energy (kJ/kg)	Enthalpy (kJ/kg)	Entropy (J/g*K)	Cv (J/g*K)	Cp (J/g*K)	Sound Spd. (m/s)	Joule-Thomson (K/MPa)	Viscosity (uPa*s)	Therm. Cond. (W/m*K)	Phase
300.00	14.000	855.84	0.0011684	237.50	253.86	1.1469	0.92634	2.4283	500.71	0.56323	82.485	0.096679	liquid
301.67	14.000	845.37	0.0011829	241.37	257.93	1.1605	0.92763	2.4676	488.68	0.61112	80.308	0.094958	liquid
303.33	14.000	834.59	0.0011982	245.31	262.08	1.1742	0.92903	2.5100	476.59	0.66277	78.148	0.093236	liquid
305.00	14.000	823.46	0.0012144	249.30	266.30	1.1881	0.93052	2.5559	464.48	0.71853	76.005	0.091512	supercritical
306.67	14.000	811.97	0.0012316	253.36	270.60	1.2021	0.93209	2.6053	452.35	0.77879	73.876	0.089786	supercritical
308.33	14.000	800.08	0.0012499	257.49	274.99	1.2164	0.93372	2.6586	440.23	0.84399	71.758	0.088059	supercritical
310.00	14.000	787.78	0.0012694	261.70	279.47	1.2309	0.93544	2.7161	428.14	0.91462	69.650	0.086332	supercritical
311.67	14.000	775.03	0.0012903	265.98	284.05	1.2456	0.93726	2.7785	416.10	0.99126	67.550	0.084604	supercritical
313.33	14.000	761.79	0.0013127	270.35	288.73	1.2606	0.93920	2.8464	404.14	1.0745	65.456	0.082878	supercritical
315.00	14.000	748.03	0.0013369	274.82	293.54	1.2759	0.94129	2.9204	392.26	1.1652	63.367	0.081155	supercritical
316.67	14.000	733.71	0.0013629	279.39	298.47	1.2915	0.94354	3.0008	380.51	1.2639	61.281	0.079437	supercritical
318.33	14.000	718.80	0.0013912	284.07	303.54	1.3075	0.94595	3.0875	368.90	1.3714	59.198	0.077726	supercritical
320.00	14.000	703.27	0.0014219	288.86	308.77	1.3239	0.94856	3.1797	357.49	1.4880	57.118	0.076024	supercritical
321.67	14.000	687.10	0.0014554	293.77	314.14	1.3406	0.95140	3.2757	346.34	1.6139	55.046	0.074333	supercritical
323.33	14.000	670.29	0.0014919	298.80	319.69	1.3578	0.95454	3.3735	335.53	1.7491	52.987	0.072657	supercritical
325.00	14.000	652.87	0.0015317	303.95	325.39	1.3754	0.95800	3.4712	325.16	1.8934	50.948	0.071001	supercritical
326.67	14.000	634.88	0.0015751	309.20	331.26	1.3934	0.96170	3.5668	315.33	2.0464	48.939	0.069369	supercritical
328.33	14.000	616.40	0.0016223	314.56	337.28	1.4118	0.96542	3.6571	306.17	2.2075	46.972	0.067765	supercritical
330.00	14.000	597.52	0.0016736	320.01	343.44	1.4305	0.96877	3.7362	297.77	2.3753	45.059	0.066185	supercritical
331.67	14.000	578.41	0.0017289	325.52	349.72	1.4495	0.97133	3.7964	290.24	2.5473	43.216	0.064624	supercritical
333.33	14.000	559.27	0.0017881	331.05	356.08	1.4686	0.97272	3.8306	283.65	2.7206	41.461	0.063076	supercritical
335.00	14.000	540.30	0.0018508	336.56	362.47	1.4878	0.97266	3.8349	278.04	2.8923	39.810	0.061538	supercritical
336.67	14.000	521.74	0.0019167	342.01	368.85	1.5067	0.97106	3.8084	273.39	3.0597	38.276	0.060013	supercritical
338.33	14.000	503.79	0.0019850	347.36	375.15	1.5254	0.96801	3.7529	269.64	3.2201	36.867	0.058506	supercritical
340.00	14.000	486.61	0.0020550	352.57	381.34	1.5437	0.96376	3.6723	266.70	3.3709	35.586	0.057026	supercritical
341.67	14.000	470.31	0.0021262	357.61	387.38	1.5614	0.95869	3.5722	264.48	3.5100	34.432	0.055584	supercritical
343.33	14.000	454.98	0.0021979	362.47	393.24	1.5785	0.95315	3.4594	262.86	3.6361	33.399	0.054193	supercritical
345.00	14.000	440.62	0.0022695	367.13	398.91	1.5950	0.94746	3.3399	261.74	3.7489	32.478	0.052864	supercritical
346.67	14.000	427.22	0.0023407	371.60	404.37	1.6108	0.94181	3.2190	261.04	3.8485	31.661	0.051606	supercritical
348.33	14.000	414.75	0.0024111	375.88	409.64	1.6259	0.93634	3.1001	260.67	3.9354	30.936	0.050423	supercritical
350.00	14.000	403.15	0.0024805	379.98	414.71	1.6405	0.93110	2.9856	260.58	4.0104	30.293	0.049318	supercritical
351.67	14.000	392.36	0.0025487	383.91	419.59	1.6544	0.92613	2.8768	260.72	4.0744	29.722	0.048289	supercritical
353.33	14.000	382.31	0.0026157	387.68	424.30	1.6677	0.92143	2.7743	261.03	4.1283	29.214	0.047334	supercritical
355.00	14.000	372.94	0.0026814	391.31	428.85	1.6806	0.91699	2.6786	261.49	4.1731	28.762	0.046450	supercritical
356.67	14.000	364.19	0.0027458	394.79	433.23	1.6929	0.91280	2.5894	262.07	4.2097	28.360	0.045633	supercritical
358.33	14.000	356.00	0.0028090	398.16	437.48	1.7048	0.90886	2.5067	262.75	4.2388	28.000	0.044878	supercritical
360.00	14.000	348.33	0.0028708	401.40	441.59	1.7162	0.90513	2.4299	263.51	4.2612	27.678	0.044181	supercritical
361.67	14.000	341.13	0.0029314	404.54	445.58	1.7273	0.90161	2.3589	264.34	4.2778	27.390	0.043539	supercritical
363.33	14.000	334.35	0.0029908	407.59	449.46	1.7380	0.89829	2.2930	265.22	4.2891	27.131	0.042947	supercritical
365.00	14.000	327.96	0.0030491	410.54	453.23	1.7483	0.89515	2.2320	266.14	4.2957	26.899	0.042400	supercritical
366.67	14.000	321.93	0.0031063	413.41	456.90	1.7584	0.89218	2.1755	267.11	4.2981	26.689	0.041897	supercritical
368.33	14.000	316.22	0.0031624	416.21	460.48	1.7681	0.88938	2.1230	268.10	4.2969	26.501	0.041433	supercritical
370.00	14.000	310.80	0.0032175	418.94	463.98	1.7776	0.88674	2.0742	269.11	4.2923	26.331	0.041005	supercritical
371.67	14.000	305.66	0.0032716	421.60	467.40	1.7868	0.88424	2.0289	270.14	4.2849	26.178	0.040610	supercritical
373.33	14.000	300.77	0.0033248	424.20	470.75	1.7958	0.88188	1.9866	271.19	4.2748	26.041	0.040246	supercritical
375.00	14.000	296.11	0.0033771	426.74	474.02	1.8045	0.87965	1.9472	272.25	4.2625	25.916	0.039910	supercritical
376.67	14.000	291.67	0.0034286	429.24	477.24	1.8131	0.87756	1.9103	273.31	4.2481	25.804	0.039601	supercritical
378.33	14.000	287.42	0.0034793	431.68	480.39	1.8215	0.87558	1.8759	274.39	4.2319	25.704	0.039316	supercritical
380.00	14.000	283.35	0.0035292	434.08	483.49	1.8296	0.87371	1.8436	275.46	4.2141	25.613	0.039053	supercritical
381.67	14.000	279.45	0.0035784	436.44	486.54	1.8376	0.87196	1.8133	276.54	4.1949	25.532	0.038811	supercritical
383.33	14.000	275.72	0.0036269	438.76	489.54	1.8455	0.87031	1.7849	277.62	4.1745	25.460	0.038588	supercritical
385.00	14.000	272.13	0.0036747	441.04	492.49	1.8532	0.86876	1.7581	278.69	4.1529	25.395	0.038383	supercritical
386.67	14.000	268.68	0.0037219	443.29	495.40	1.8607	0.86730	1.7329	279.77	4.1304	25.337	0.038195	supercritical
388.33	14.000	265.36	0.0037685	445.51	498.27	1.8681	0.86593	1.7092	280.84	4.1070	25.286	0.038022	supercritical
390.00	14.000	262.15	0.0038145	447.69	501.10	1.8754	0.86465	1.6868	281.91	4.0828	25.241	0.037863	supercritical
391.67	14.000	259.07	0.0038600	449.85	503.89	1.8825	0.86345	1.6656	282.98	4.0580	25.202	0.037718	supercritical
393.33	14.000	256.09	0.0039049	451.98	506.65	1.8895	0.86233	1.6455	284.04	4.0327	25.168	0.037585	supercritical
395.00	14.000	253.21	0.0039493	454.08	509.38	1.8965	0.86128	1.6266	285.09	4.0068	25.139	0.037464	supercritical
396.67	14.000	250.42	0.0039933	456.17	512.07	1.9033	0.86030	1.6086	286.14	3.9805	25.114	0.037353	supercritical
398.33	14.000	247.73	0.0040367	458.22	514.74	1.9100	0.85939	1.5915	287.19	3.9539	25.093	0.037254	supercritical
400.00	14.000	245.12	0.0040797	460.26	517.38	1.9166	0.85855	1.5753	288.23	3.9269	25.077	0.037163	supercritical
401.67	14.000	242.59	0.0041223	462.28	519.99	1.9231	0.85776	1.5598	289.26	3.8997	25.064	0.037082	supercritical
403.33	14.000	240.13	0.0041644	464.27	522.58	1.9295	0.85704	1.5451	290.29	3.8723	25.054	0.037009	supercritical
405.00	14.000	237.75	0.0042061	466.25	525.14	1.9359	0.85637	1.5312	291.31	3.8447	25.048	0.036944	supercritical
406.67	14.000	235.43	0.0042475	468.22	527.68	1.9421	0.85576	1.5178	292.33	3.8169	25.045	0.036886	supercritical
408.33	14.000	233.19	0.0042884	470.16	530.20	1.9483	0.85519	1.5051	293.34	3.7891	25.044	0.036836	supercritical
410.00	14.000	231.00	0.0043290	472.09	532.70	1.9544	0.85468	1.4930	294.34	3.7612	25.046	0.036792	supercritical
411.67	14.000	228.87	0.0043693	474.01	535.18	1.9605	0.85421	1.4814	295.34	3.7333	25.051	0.036755	supercritical
413.33	14.000	226.80	0.0044092	475.91	537.64	1.9664	0.85379	1.4704	296.33	3.7054	25.058	0.036723	supercritical
415.00	14.000	224.78	0.0044488	477.80	540.08	1.9723	0.85342	1.4598	297.31	3.6775	25.067	0.036697	supercritical
416.67	14.000	222.81	0.0044881	479.67	542.50	1.9782	0.85308	1.4496	298.29	3.6496	25.078	0.036677	supercritical
418.33	14.000	220.90	0.0045270	481.53	544.91	1.9839	0.85278	1.4399	299.26	3.6217	25.091	0.036661	supercritical
420.00	14.000	219.02	0.0045657	483.38	547.30	1.9896	0.85253	1.4306	300.22	3.5940	25.106	0.036650	supercritical
421.67	14.000	217.20	0.0046041	485.22	549.68	1.9953	0.85231	1.4217	301.18	3.5663	25.123	0.036644	supercritical
423.33	14.000	215.42	0.0046422	487.05	552.04	2.0009	0.85212	1.4132	302.13	3.5387	25.141	0.036642	supercritical
425.00	14.000	213.68	0.0046800	488.87	554.39	2.0064	0.85197	1.4050	303.08	3.5112	25.161	0.036644	supercritical
426.67	14.000	211.97	0.0047176	490.68	556.73	2.0119	0.85185	1.3971	304.02	3.4838	25.183	0.036650	supercritical
428.33	14.000	210.31	0.0047549	492.48	559.05	2.0173	0.85177	1.3895	304.95	3.4566	25.206	0.036659	supercritical
430.00	14.000	208.68	0.0047920	494.27	561.36	2.0227	0.85171	1.3822	305.88	3.4295	25.230	0.036672	supercritical
431.67	14.000	207.09	0.0048288	496.05	563.66	2.0280	0.85168	1.3753	306.80	3.4026	25.255	0.036688	supercritical
433.33	14.000	205.53	0.0048654	497.83	565.94	2.0333	0.85168	1.3685	307.71	3.3758	25.282	0.036707	supercritical
435.00	14.000	204.01	0.0049017	499.59	568.22	2.0386	0.85171	1.3621	308.62	3.3492	25.310	0.036729	supercritical
436.67	14.000	202.52	0.0049379	501.35	570.48	2.0438	0.85176	1.3558	309.53	3.3227	25.339	0.036754	supercritical
438.33	14.000	201.05	0.0049738	503.10	572.74	2.0489	0.85184	1.3498	310.43	3.2965	25.369	0.036781	supercritical
440.00	14.000	199.62	0.0050096	504.85	574.98	2.0540	0.85194	1.3441	311.32	3.2704	25.400	0.036811	supercritical
441.67	14.000	198.21	0.0050451	506.59	577.22	2.0591	0.85207	1.3385	312.21	3.2444	25.432	0.036843	supercritical
443.33	14.000	196.83	0.0050804	508.32	579.44	2.0641	0.85222	1.3332	313.09	3.2187	25.465	0.036876	supercritical
445.00	14.000	195.48	0.0051155	510.04	581.66	2.0691	0.85238	1.3280	313.97	3.1932	25.498	0.036912	supercritical
446.67	14.000	194.16	0.0051505	511.76	583.87	2.0741	0.85258	1.3230	314.84	3.1678	25.533	0.036948	supercritical
448.33	14.000	192.85	0.0051853	513.48	586.07	2.0790	0.85279	1.3182	315.70	3.1427	25.568	0.036986	supercritical
450.00	14.000	191.58	0.0052199	515.19	588.26	2.0839	0.85301	1.3136	316.57	3.1177	25.604	0.037025	supercritical
451.67	14.000	190.32	0.0052543	516.89	590.45	2.0887	0.85326	1.3091	317.42	3.0930	25.641	0.037063	supercritical
453.33	14.000	189.09	0.0052885	518.59	592.63	2.0935	0.85353	1.3048	318.27	3.0684	25.679	0.037098	supercritical
455.00	14.000	187.88	0.0053226	520.28	594.80	2.0983	0.85381	1.3006	319.12	3.0441	25.717	0.037126	supercritical
456.67	14.000	186.69	0.0053565	521.97	596.96	2.1031	0.85411	1.2966	319.96	3.0200	25.755	0.037127	supercritical
458.33	14.000	185.52	0.0053903	523.66	599.12	2.1078	0.85443	1.2927	320.80	2.9960	25.795	0.037198	supercritical
460.00	14.000	184.37	0.0054239	525.34	601.27	2.1125	0.85476	1.2890	321.63	2.9723	25.835	0.037270	supercritical
461.67	14.000	183.24	0.0054573	527.01	603.42	2.1171	0.85511	1.2853	322.46	2.9487	25.875	0.037344	supercritical
463.33	14.000	182.13	0.0054907	528.69	605.56	2.1217	0.85547	1.2818	323.28	2.9254	25.916	0.037419	supercritical
465.00	14.000	181.03	0.0055238	530.36	607.69	2.1263	0.85584	1.2784	324.10	2.9023	25.958	0.037494	supercritical
466.67	14.000	179.96	0.0055568	532.02	609.82	2.1309	0.85623	1.2752	324.91	2.8794	26.000	0.037571	supercritical
468.33	14.000	178.90	0.0055897	533.68	611.94	2.1355	0.85663	1.2720	325.72	2.8566	26.042	0.037650	supercritical
470.00	14.000	177.86	0.0056225	535.34	614.06	2.1400	0.85705	1.2689	326.52	2.8341	26.085	0.037729	supercritical
471.67	14.000	176.83	0.0056551	537.00	616.17	2.1445	0.85747	1.2660	327.32	2.8118	26.129	0.037809	supercritical
473.33	14.000	175.82	0.0056876	538.65	618.28	2.1489	0.85791	1.2631	328.12	2.7897	26.173	0.037890	supercritical
475.00	14.000	174.83	0.0057200	540.30	620.38	2.1533	0.85836	1.2604	328.91	2.7678	26.217	0.037972	supercritical
476.67	14.000	173.85	0.0057522	541.95	622.48	2.1578	0.85882	1.2577	329.70	2.7461	26.261	0.038055	supercritical
478.33	14.000	172.88	0.0057844	543.59	624.57	2.1621	0.85929	1.2551	330.48	2.7245	26.306	0.038139	supercritical
480.00	14.000	171.93	0.0058164	545.23	626.66	2.1665	0.85977	1.2526	331.26	2.7032	26.352	0.038224	supercritical
481.67	14.000	170.99	0.0058483	546.87	628.75	2.1708	0.86026	1.2502	332.04	2.6821	26.397	0.038310	supercritical
483.33	14.000	170.07	0.0058801	548.51	630.83	2.1752	0.86077	1.2478	332.81	2.6612	26.443	0.038397	supercritical
485.00	14.000	169.16	0.0059117	550.14	632.91	2.1794	0.86128	1.2455	333.58	2.6404	26.490	0.038484	supercritical
486.67	14.000	168.26	0.0059433	551.78	634.98	2.1837	0.86179	1.2433	334.34	2.6199	26.536	0.038572	supercritical
488.33	14.000	167.37	0.0059747	553.41	637.05	2.1880	0.86232	1.2412	335.10	2.5995	26.583	0.038661	supercritical
490.00	14.000	166.50	0.0060061	555.03	639.12	2.1922	0.86286	1.2392	335.86	2.5794	26.630	0.038751	supercritical
491.67	14.000	165.64	0.0060374	556.66	641.18	2.1964	0.86340	1.2372	336.62	2.5594	26.678	0.038841	supercritical
493.33	14.000	164.79	0.0060685	558.29	643.24	2.2006	0.86395	1.2353	337.37	2.5396	26.725	0.038932	supercritical
495.00	14.000	163.95	0.0060996	559.91	645.30	2.2047	0.86451	1.2334	338.11	2.5200	26.773	0.039024	supercritical
496.67	14.000	163.12	0.0061305	561.53	647.36	2.2089	0.86508	1.2316	338.85	2.5006	26.821	0.039117	supercritical
498.33	14.000	162.30	0.0061614	563.15	649.41	2.2130	0.86565	1.2298	339.59	2.4813	26.870	0.039210	supercritical
500.00	14.000	161.50	0.0061921	564.77	651.45	2.2171	0.86623	1.2282	340.33	2.4622	26.918	0.039304	supercritical
501.67	14.000	160.70	0.0062228	566.38	653.50	2.2212	0.86682	1.2265	341.06	2.4434	26.967	0.039398	supercritical
503.33	14.000	159.91	0.0062534	568.00	655.54	2.2253	0.86741	1.2250	341.79	2.4246	27.016	0.039493	supercritical
505.00	14.000	159.14	0.0062839	569.61	657.58	2.2293	0.86801	1.2234	342.52	2.4061	27.066	0.039589	supercritical
506.67	14.000	158.37	0.0063143	571.22	659.62	2.2333	0.86861	1.2219	343.24	2.3877	27.115	0.039685	supercritical
508.33	14.000	157.61	0.0063446	572.83	661.66	2.2373	0.86922	1.2205	343.96	2.3696	27.165	0.039782	supercritical
510.00	14.000	156.87	0.0063749	574.44	663.69	2.2413	0.86984	1.2191	344.68	2.3515	27.214	0.039879	supercritical
511.67	14.000	156.13	0.0064050	576.05	665.72	2.2453	0.87046	1.2178	345.39	2.3337	27.264	0.039977	supercritical
513.33	14.000	155.40	0.0064351	577.66	667.75	2.2493	0.87108	1.2165	346.10	2.3160	27.314	0.040075	supercritical
515.00	14.000	154.68	0.0064651	579.26	669.78	2.2532	0.87171	1.2153	346.81	2.2985	27.365	0.040174	supercritical
516.67	14.000	153.96	0.0064950	580.87	671.80	2.2571	0.87235	1.2141	347.51	2.2811	27.415	0.040274	supercritical
518.33	14.000	153.26	0.0065249	582.47	673.82	2.2610	0.87299	1.2129	348.21	2.2639	27.466	0.040373	supercritical
520.00	14.000	152.56	0.0065547	584.08	675.84	2.2649	0.87363	1.2118	348.91	2.2469	27.516	0.040474	supercritical
521.67	14.000	151.88	0.0065844	585.68	677.86	2.2688	0.87428	1.2107	349.61	2.2300	27.567	0.040574	supercritical
523.33	14.000	151.19	0.0066140	587.28	679.88	2.2727	0.87493	1.2096	350.30	2.2133	27.618	0.040676	supercritical
525.00	14.000	150.52	0.0066435	588.88	681.89	2.2765	0.87559	1.2086	350.99	2.1967	27.669	0.040777	supercritical
526.67	14.000	149.86	0.0066730	590.49	683.91	2.2803	0.87625	1.2076	351.68	2.1803	27.720	0.040879	supercritical
528.33	14.000	149.20	0.0067024	592.09	685.92	2.2842	0.87691	1.2067	352.36	2.1640	27.771	0.040982	supercritical
530.00	14.000	148.55	0.0067318	593.68	687.93	2.2880	0.87758	1.2058	353.04	2.1479	27.823	0.041085	supercritical
531.67	14.000	147.91	0.0067611	595.28	689.94	2.2917	0.87825	1.2049	353.72	2.1319	27.874	0.041188	supercritical
533.33	14.000	147.27	0.0067903	596.88	691.95	2.2955	0.87892	1.2040	354.40	2.1161	27.926	0.041291	supercritical
535.00	14.000	146.64	0.0068194	598.48	693.95	2.2993	0.87960	1.2032	355.07	2.1004	27.978	0.041395	supercritical
536.67	14.000	146.02	0.0068485	600.08	695.96	2.3030	0.88027	1.2024	355.74	2.0849	28.029	0.041500	supercritical
538.33	14.000	145.40	0.0068775	601.67	697.96	2.3067	0.88096	1.2017	356.41	2.0695	28.081	0.041605	supercritical
540.00	14.000	144.79	0.0069065	603.27	699.96	2.3104	0.88164	1.2009	357.08	2.0542	28.133	0.041710	supercritical
541.67	14.000	144.19	0.0069354	604.87	701.96	2.3141	0.88233	1.2002	357.74	2.0391	28.185	0.041815	supercritical
543.33	14.000	143.59	0.0069642	606.46	703.96	2.3178	0.88302	1.1996	358.40	2.0241	28.237	0.041921	supercritical
545.00	14.000	143.00	0.0069930	608.06	705.96	2.3215	0.88371	1.1989	359.06	2.0093	28.290	0.042027	supercritical
546.67	14.000	142.41	0.0070217	609.66	707.96	2.3252	0.88440	1.1983	359.72	1.9946	28.342	0.042133	supercritical
548.33	14.000	141.84	0.0070504	611.25	709.96	2.3288	0.88510	1.1977	360.37	1.9800	28.394	0.042240	supercritical
550.00	14.000	141.26	0.0070790	612.85	711.95	2.3324	0.88580	1.1971	361.02	1.9656	28.447	0.042347	supercritical
551.67	14.000	140.70	0.0071076	614.44	713.95	2.3361	0.88650	1.1965	361.67	1.9513	28.499	0.042454	supercritical
553.33	14.000	140.13	0.0071361	616.04	715.94	2.3397	0.88720	1.1960	362.32	1.9371	28.552	0.042562	supercritical
555.00	14.000	139.58	0.0071645	617.63	717.93	2.3433	0.88791	1.1955	362.96	1.9230	28.604	0.042670	supercritical
556.67	14.000	139.03	0.0071929	619.22	719.93	2.3469	0.88861	1.1950	363.60	1.9091	28.657	0.042778	supercritical
558.33	14.000	138.48	0.0072212	620.82	721.92	2.3504	0.88932	1.1945	364.24	1.8953	28.710	0.042887	supercritical
560.00	14.000	137.94	0.0072495	622.41	723.91	2.3540	0.89003	1.1941	364.88	1.8816	28.762	0.042995	supercritical
561.67	14.000	137.40	0.0072778	624.01	725.90	2.3575	0.89074	1.1937	365.52	1.8680	28.815	0.043104	supercritical
563.33	14.000	136.87	0.0073060	625.60	727.89	2.3611	0.89145	1.1933	366.15	1.8546	28.868	0.043213	supercritical
565.00	14.000	136.35	0.0073341	627.20	729.87	2.3646	0.89216	1.1929	366.78	1.8412	28.921	0.043323	supercritical
566.67	14.000	135.83	0.0073622	628.79	731.86	2.3681	0.89288	1.1925	367.41	1.8280	28.974	0.043433	supercritical
568.33	14.000	135.31	0.0073902	630.39	733.85	2.3716	0.89359	1.1922	368.04	1.8149	29.027	0.043543	supercritical
570.00	14.000	134.80	0.0074182	631.98	735.84	2.3751	0.89431	1.1918	368.66	1.8020	29.080	0.043653	supercritical
571.67	14.000	134.30	0.0074462	633.58	737.82	2.3786	0.89503	1.1915	369.29	1.7891	29.133	0.043763	supercritical
573.33	14.000	133.80	0.0074741	635.17	739.81	2.3821	0.89574	1.1912	369.91	1.7763	29.186	0.043874	supercritical
575.00	14.000	133.30	0.0075019	636.77	741.79	2.3855	0.89646	1.1909	370.52	1.7637	29.239	0.043984	supercritical
576.67	14.000	132.81	0.0075297	638.36	743.78	2.3890	0.89718	1.1907	371.14	1.7512	29.292	0.044096	supercritical
578.33	14.000	132.32	0.0075575	639.96	745.76	2.3924	0.89790	1.1904	371.76	1.7387	29.345	0.044207	supercritical
580.00	14.000	131.84	0.0075852	641.55	747.75	2.3958	0.89863	1.1902	372.37	1.7264	29.398	0.044318	supercritical
581.67	14.000	131.36	0.0076129	643.15	749.73	2.3992	0.89935	1.1899	372.98	1.7142	29.451	0.044430	supercritical
583.33	14.000	130.88	0.0076405	644.74	751.71	2.4026	0.90007	1.1897	373.59	1.7021	29.504	0.044542	supercritical
585.00	14.000	130.41	0.0076681	646.34	753.69	2.4060	0.90079	1.1895	374.20	1.6901	29.558	0.044654	supercritical
586.67	14.000	129.94	0.0076957	647.94	755.68	2.4094	0.90152	1.1894	374.80	1.6782	29.611	0.044766	supercritical
588.33	14.000	129.48	0.0077232	649.53	757.66	2.4128	0.90224	1.1892	375.41	1.6664	29.664	0.044878	supercritical
590.00	14.000	129.02	0.0077507	651.13	759.64	2.4162	0.90297	1.1891	376.01	1.6547	29.717	0.044991	supercritical
591.67	14.000	128.57	0.0077781	652.73	761.62	2.4195	0.90369	1.1889	376.61	1.6431	29.771	0.045103	supercritical
593.33	14.000	128.11	0.0078055	654.33	763.60	2.4229	0.90442	1.1888	377.20	1.6316	29.824	0.045216	supercritical
595.00	14.000	127.67	0.0078329	655.93	765.59	2.4262	0.90514	1.1887	377.80	1.6202	29.877	0.045329	supercritical
596.67	14.000	127.22	0.0078602	657.52	767.57	2.4295	0.90587	1.1886	378.39	1.6089	29.930	0.045442	supercritical
598.33	14.000	126.78	0.0078874	659.12	769.55	2.4328	0.90659	1.1885	378.99	1.5977	29.984	0.045556	supercritical
600.00	14.000	126.35	0.0079147	660.72	771.53	2.4361	0.90732	1.1884	379.58	1.5865	30.037	0.045669	supercritical
601.67	14.000	125.91	0.0079419	662.32	773.51	2.4394	0.90804	1.1883	380.17	1.5755	30.090	0.045783	supercritical
603.33	14.000	125.49	0.0079691	663.92	775.49	2.4427	0.90877	1.1883	380.76	1.5646	30.144	0.045897	supercritical
605.00	14.000	125.06	0.0079962	665.52	777.47	2.4460	0.90949	1.1882	381.34	1.5537	30.197	0.046010	supercritical
606.67	14.000	124.64	0.0080233	667.12	779.45	2.4493	0.91022	1.1882	381.92	1.5430	30.250	0.046125	supercritical
608.33	14.000	124.22	0.0080504	668.73	781.43	2.4525	0.91094	1.1882	382.51	1.5323	30.304	0.046239	supercritical
610.00	14.000	123.80	0.0080774	670.33	783.41	2.4558	0.91167	1.1882	383.09	1.5217	30.357	0.046353	supercritical
611.67	14.000	123.39	0.0081044	671.93	785.39	2.4590	0.91239	1.1882	383.67	1.5112	30.410	0.046467	supercritical
613.33	14.000	122.98	0.0081313	673.53	787.37	2.4622	0.91312	1.1882	384.24	1.5008	30.464	0.046582	supercritical
615.00	14.000	122.58	0.0081583	675.14	789.35	2.4655	0.91384	1.1882	384.82	1.4905	30.517	0.046697	supercritical
616.67	14.000	122.17	0.0081851	676.74	791.33	2.4687	0.91457	1.1882	385.40	1.4802	30.570	0.046811	supercritical
618.33	14.000	121.77	0.0082120	678.34	793.31	2.4719	0.91529	1.1882	385.97	1.4701	30.624	0.046926	supercritical
620.00	14.000	121.38	0.0082388	679.95	795.29	2.4751	0.91602	1.1883	386.54	1.4600	30.677	0.047041	supercritical
621.67	14.000	120.98	0.0082656	681.55	797.27	2.4783	0.91674	1.1883	387.11	1.4500	30.730	0.047156	supercritical
623.33	14.000	120.59	0.0082924	683.16	799.25	2.4815	0.91746	1.1884	387.68	1.4401	30.783	0.047272	supercritical
625.00	14.000	120.20	0.0083191	684.77	801.23	2.4846	0.91818	1.1884	388.24	1.4303	30.837	0.047387	supercritical
626.67	14.000	119.82	0.0083458	686.37	803.21	2.4878	0.91890	1.1885	388.81	1.4205	30.890	0.047502	supercritical
628.33	14.000	119.44	0.0083725	687.98	805.20	2.4910	0.91963	1.1886	389.37	1.4108	30.943	0.047618	supercritical
630.00	14.000	119.06	0.0083991	689.59	807.18	2.4941	0.92035	1.1887	389.93	1.4012	30.997	0.047734	supercritical
631.67	14.000	118.68	0.0084257	691.20	809.16	2.4972	0.92107	1.1888	390.50	1.3917	31.050	0.047849	supercritical
633.33	14.000	118.31	0.0084523	692.81	811.14	2.5004	0.92179	1.1889	391.05	1.3823	31.103	0.047965	supercritical
635.00	14.000	117.94	0.0084789	694.42	813.12	2.5035	0.92251	1.1890	391.61	1.3729	31.156	0.048081	supercritical
636.67	14.000	117.57	0.0085054	696.03	815.10	2.5066	0.92322	1.1891	392.17	1.3636	31.209	0.048197	supercritical
638.33	14.000	117.21	0.0085319	697.64	817.08	2.5097	0.92394	1.1892	392.72	1.3543	31.263	0.048313	supercritical
640.00	14.000	116.84	0.0085584	699.25	819.07	2.5128	0.92466	1.1894	393.28	1.3452	31.316	0.048429	supercritical
641.67	14.000	116.48	0.0085848	700.86	821.05	2.5159	0.92537	1.1895	393.83	1.3361	31.369	0.048545	supercritical
643.33	14.000	116.13	0.0086112	702.47	823.03	2.5190	0.92609	1.1896	394.38	1.3271	31.422	0.048662	supercritical
645.00	14.000	115.77	0.0086376	704.09	825.01	2.5221	0.92680	1.1898	394.93	1.3181	31.475	0.048778	supercritical
646.67	14.000	115.42	0.0086640	705.70	827.00	2.5252	0.92752	1.1899	395.48	1.3093	31.528	0.048894	supercritical
648.33	14.000	115.07	0.0086903	707.32	828.98	2.5282	0.92823	1.1901	396.02	1.3005	31.582	0.049011	supercritical
650.00	14.000	114.72	0.0087166	708.93	830.96	2.5313	0.92894	1.1903	396.57	1.2917	31.635	0.049127	supercritical
651.67	14.000	114.38	0.0087429	710.55	832.95	2.5343	0.92965	1.1904	397.11	1.2831	31.688	0.049244	supercritical
653.33	14.000	114.04	0.0087691	712.16	834.93	2.5374	0.93037	1.1906	397.66	1.2744	31.741	0.049361	supercritical
655.00	14.000	113.70	0.0087954	713.78	836.92	2.5404	0.93107	1.1908	398.20	1.2659	31.794	0.049478	supercritical
656.67	14.000	113.36	0.0088216	715.40	838.90	2.5434	0.93178	1.1910	398.74	1.2574	31.847	0.049594	supercritical
658.33	14.000	113.02	0.0088478	717.02	840.89	2.5464	0.93249	1.1912	399.28	1.2490	31.900	0.049711	supercritical
660.00	14.000	112.69	0.0088739	718.64	842.87	2.5495	0.93320	1.1914	399.82	1.2407	31.953	0.049828	supercritical
661.67	14.000	112.36	0.0089000	720.26	844.86	2.5525	0.93390	1.1916	400.35	1.2324	32.006	0.049945	supercritical
663.33	14.000	112.03	0.0089261	721.88	846.84	2.5555	0.93461	1.1918	400.89	1.2242	32.059	0.050062	supercritical
665.00	14.000	111.70	0.0089522	723.50	848.83	2.5585	0.93531	1.1920	401.42	1.2160	32.111	0.050179	supercritical
666.67	14.000	111.38	0.0089783	725.12	850.82	2.5614	0.93602	1.1922	401.95	1.2079	32.164	0.050296	supercritical
668.33	14.000	111.06	0.0090043	726.74	852.81	2.5644	0.93672	1.1924	402.48	1.1999	32.217	0.050414	supercritical
670.00	14.000	110.74	0.0090303	728.37	854.79	2.5674	0.93742	1.1927	403.01	1.1919	32.270	0.050531	supercritical
671.67	14.000	110.42	0.0090563	729.99	856.78	2.5703	0.93812	1.1929	403.54	1.1840	32.323	0.050648	supercritical
673.33	14.000	110.10	0.0090823	731.62	858.77	2.5733	0.93882	1.1931	404.07	1.1761	32.376	0.050765	supercritical
675.00	14.000	109.79	0.0091082	733.24	860.76	2.5763	0.93952	1.1934	404.60	1.1683	32.428	0.050883	supercritical
676.67	14.000	109.48	0.0091341	734.87	862.75	2.5792	0.94021	1.1936	405.12	1.1605	32.481	0.051000	supercritical
678.33	14.000	109.17	0.0091600	736.50	864.74	2.5821	0.94091	1.1939	405.65	1.1528	32.534	0.051118	supercritical
680.00	14.000	108.86	0.0091859	738.12	866.73	2.5851	0.94160	1.1941	406.17	1.1452	32.587	0.051235	supercritical
681.67	14.000	108.56	0.0092118	739.75	868.72	2.5880	0.94230	1.1944	406.69	1.1376	32.639	0.051353	supercritical
683.33	14.000	108.25	0.0092376	741.38	870.71	2.5909	0.94299	1.1946	407.21	1.1301	32.692	0.051470	supercritical
685.00	14.000	107.95	0.0092634	743.01	872.70	2.5938	0.94368	1.1949	407.73	1.1226	32.744	0.051588	supercritical
686.67	14.000	107.65	0.0092892	744.64	874.69	2.5967	0.94437	1.1951	408.25	1.1152	32.797	0.051705	supercritical
688.33	14.000	107.35	0.0093150	746.27	876.68	2.5996	0.94506	1.1954	408.77	1.1079	32.850	0.051823	supercritical
690.00	14.000	107.06	0.0093407	747.91	878.68	2.6025	0.94575	1.1957	409.29	1.1005	32.902	0.051940	supercritical
691.67	14.000	106.76	0.0093665	749.54	880.67	2.6054	0.94643	1.1960	409.80	1.0933	32.955	0.052058	supercritical
693.33	14.000	106.47	0.0093922	751.17	882.66	2.6083	0.94712	1.1962	410.32	1.0861	33.007	0.052176	supercritical
695.00	14.000	106.18	0.0094179	752.81	884.66	2.6111	0.94780	1.1965	410.83	1.0789	33.060	0.052294	supercritical
696.67	14.000	105.89	0.0094435	754.44	886.65	2.6140	0.94849	1.1968	411.34	1.0718	33.112	0.052411	supercritical
698.33	14.000	105.61	0.0094692	756.08	888.65	2.6169	0.94917	1.1971	411.85	1.0648	33.164	0.052529	supercritical
700.00	14.000	105.32	0.0094948	757.71	890.64	2.6197	0.94985	1.1974	412.36	1.0578	33.217	0.052647	supercritical
701.67	14.000	105.04	0.0095204	759.35	892.64	2.6226	0.95053	1.1977	412.87	1.0508	33.269	0.052765	supercritical
703.33	14.000	104.76	0.0095460	760.99	894.63	2.6254	0.95120	1.1980	413.38	1.0439	33.321	0.052882	supercritical
705.00	14.000	104.48	0.0095716	762.63	896.63	2.6283	0.95188	1.1983	413.88	1.0371	33.374	0.053000	supercritical
706.67	14.000	104.20	0.0095972	764.27	898.63	2.6311	0.95256	1.1986	414.39	1.0302	33.426	0.053118	supercritical
708.33	14.000	103.92	0.0096227	765.91	900.63	2.6339	0.95323	1.1989	414.89	1.0235	33.478	0.053236	supercritical
710.00	14.000	103.65	0.0096482	767.55	902.62	2.6367	0.95390	1.1992	415.40	1.0168	33.530	0.053354	supercritical
711.67	14.000	103.37	0.0096737	769.19	904.62	2.6395	0.95457	1.1995	415.90	1.0101	33.582	0.053472	supercritical
713.33	14.000	103.10	0.0096992	770.83	906.62	2.6423	0.95525	1.1998	416.40	1.0035	33.635	0.053590	supercritical
715.00	14.000	102.83	0.0097247	772.48	908.62	2.6451	0.95591	1.2001	416.90	0.99691	33.687	0.053707	supercritical
716.67	14.000	102.56	0.0097501	774.12	910.62	2.6479	0.95658	1.2004	417.40	0.99038	33.739	0.053825	supercritical
718.33	14.000	102.30	0.0097755	775.77	912.62	2.6507	0.95725	1.2007	417.90	0.98389	33.791	0.053943	supercritical
720.00	14.000	102.03	0.0098010	777.41	914.62	2.6535	0.95791	1.2011	418.40	0.97745	33.843	0.054061	supercritical
721.67	14.000	101.77	0.0098264	779.06	916.63	2.6563	0.95858	1.2014	418.90	0.97106	33.895	0.054179	supercritical
723.33	14.000	101.50	0.0098517	780.71	918.63	2.6591	0.95924	1.2017	419.39	0.96470	33.947	0.054297	supercritical
725.00	14.000	101.24	0.0098771	782.35	920.63	2.6618	0.95990	1.2020	419.89	0.95839	33.999	0.054415	supercritical
726.67	14.000	100.99	0.0099024	784.00	922.64	2.6646	0.96056	1.2024	420.38	0.95212	34.050	0.054533	supercritical
728.33	14.000	100.73	0.0099278	785.65	924.64	2.6673	0.96122	1.2027	420.87	0.94590	34.102	0.054651	supercritical
730.00	14.000	100.47	0.0099531	787.30	926.65	2.6701	0.96188	1.2030	421.37	0.93971	34.154	0.054769	supercritical
731.67	14.000	100.22	0.0099784	788.95	928.65	2.6728	0.96253	1.2034	421.86	0.93357	34.206	0.054887	supercritical
733.33	14.000	99.963	0.010004	790.60	930.66	2.6756	0.96318	1.2037	422.35	0.92747	34.258	0.055004	supercritical
735.00	14.000	99.712	0.010029	792.26	932.66	2.6783	0.96384	1.2040	422.84	0.92141	34.309	0.055122	supercritical
736.67	14.000	99.461	0.010054	793.91	934.67	2.6810	0.96449	1.2044	423.32	0.91539	34.361	0.055240	supercritical
738.33	14.000	99.212	0.010079	795.57	936.68	2.6838	0.96514	1.2047	423.81	0.90941	34.413	0.055358	supercritical
740.00	14.000	98.965	0.010105	797.22	938.69	2.6865	0.96579	1.2050	424.30	0.90347	34.464	0.055476	supercritical
741.67	14.000	98.718	0.010130	798.88	940.69	2.6892	0.96644	1.2054	424.78	0.89757	34.516	0.055594	supercritical
743.33	14.000	98.473	0.010155	800.53	942.70	2.6919	0.96708	1.2057	425.27	0.89170	34.568	0.055712	supercritical
745.00	14.000	98.230	0.010180	802.19	944.71	2.6946	0.96773	1.2061	425.75	0.88588	34.619	0.055830	supercritical
746.67	14.000	97.988	0.010205	803.85	946.72	2.6973	0.96837	1.2064	426.23	0.88009	34.671	0.055948	supercritical
748.33	14.000	97.747	0.010230	805.51	948.73	2.7000	0.96901	1.2068	426.72	0.87435	34.722	0.056065	supercritical
750.00	14.000	97.508	0.010256	807.17	950.75	2.7027	0.96965	1.2071	427.20	0.86864	34.773	0.056183	supercritical
751.67	14.000	97.269	0.010281	808.83	952.76	2.7053	0.97029	1.2075	427.68	0.86296	34.825	0.056301	supercritical
753.33	14.000	97.032	0.010306	810.49	954.77	2.7080	0.97093	1.2078	428.16	0.85733	34.876	0.056419	supercritical
755.00	14.000	96.797	0.010331	812.15	956.78	2.7107	0.97156	1.2082	428.64	0.85173	34.928	0.056537	supercritical
756.67	14.000	96.563	0.010356	813.81	958.80	2.7133	0.97220	1.2085	429.11	0.84616	34.979	0.056655	supercritical
758.33	14.000	96.329	0.010381	815.48	960.81	2.7160	0.97283	1.2089	429.59	0.84063	35.030	0.056772	supercritical
760.00	14.000	96.098	0.010406	817.14	962.83	2.7187	0.97346	1.2092	430.07	0.83514	35.081	0.056890	supercritical
761.67	14.000	95.867	0.010431	818.81	964.84	2.7213	0.97409	1.2096	430.54	0.82968	35.133	0.057008	supercritical
763.33	14.000	95.638	0.010456	820.47	966.86	2.7240	0.97472	1.2100	431.02	0.82426	35.184	0.057126	supercritical
765.00	14.000	95.410	0.010481	822.14	968.88	2.7266	0.97535	1.2103	431.49	0.81887	35.235	0.057243	supercritical
766.67	14.000	95.183	0.010506	823.81	970.89	2.7292	0.97598	1.2107	431.96	0.81352	35.286	0.057361	supercritical
768.33	14.000	94.957	0.010531	825.48	972.91	2.7319	0.97660	1.2110	432.44	0.80820	35.337	0.057479	supercritical
770.00	14.000	94.732	0.010556	827.15	974.93	2.7345	0.97723	1.2114	432.91	0.80291	35.388	0.057596	supercritical
771.67	14.000	94.509	0.010581	828.82	976.95	2.7371	0.97785	1.2118	433.38	0.79766	35.439	0.057714	supercritical
773.33	14.000	94.287	0.010606	830.49	978.97	2.7397	0.97847	1.2121	433.85	0.79244	35.490	0.057832	supercritical
775.00	14.000	94.066	0.010631	832.16	980.99	2.7423	0.97909	1.2125	434.32	0.78725	35.541	0.057949	supercritical
776.67	14.000	93.846	0.010656	833.83	983.01	2.7449	0.97970	1.2129	434.78	0.78209	35.592	0.058067	supercritical
778.33	14.000	93.627	0.010681	835.50	985.03	2.7475	0.98032	1.2132	435.25	0.77697	35.643	0.058184	supercritical
780.00	14.000	93.410	0.010706	837.18	987.06	2.7501	0.98093	1.2136	435.72	0.77188	35.694	0.058302	supercritical
781.67	14.000	93.193	0.010730	838.85	989.08	2.7527	0.98155	1.2140	436.18	0.76682	35.744	0.058419	supercritical
783.33	14.000	92.978	0.010755	840.53	991.10	2.7553	0.98216	1.2143	436.65	0.76179	35.795	0.058537	supercritical
785.00	14.000	92.763	0.010780	842.21	993.13	2.7579	0.98277	1.2147	437.11	0.75679	35.846	0.058654	supercritical
786.67	14.000	92.550	0.010805	843.88	995.15	2.7605	0.98338	1.2151	437.58	0.75182	35.897	0.058772	supercritical
788.33	14.000	92.338	0.010830	845.56	997.18	2.7630	0.98399	1.2155	438.04	0.74689	35.947	0.058889	supercritical
790.00	14.000	92.127	0.010855	847.24	999.20	2.7656	0.98459	1.2158	438.50	0.74198	35.998	0.059006	supercritical
791.67	14.000	91.917	0.010879	848.92	1001.2	2.7682	0.98520	1.2162	438.96	0.73711	36.048	0.059124	supercritical
793.33	14.000	91.708	0.010904	850.60	1003.3	2.7707	0.98580	1.2166	439.42	0.73226	36.099	0.059241	supercritical
795.00	14.000	91.500	0.010929	852.28	1005.3	2.7733	0.98640	1.2169	439.88	0.72744	36.150	0.059358	supercritical
796.67	14.000	91.293	0.010954	853.96	1007.3	2.7758	0.98700	1.2173	440.34	0.72265	36.200	0.059476	supercritical
798.33	14.000	91.088	0.010978	855.64	1009.3	2.7784	0.98760	1.2177	440.80	0.71790	36.250	0.059593	supercritical
800.00	14.000	90.883	0.011003	857.33	1011.4	2.7809	0.98820	1.2181	441.26	0.71317	36.301	0.059710	supercritical
801.67	14.000	90.679	0.011028	859.01	1013.4	2.7834	0.98879	1.2184	441.71	0.70846	36.351	0.059827	supercritical
803.33	14.000	90.476	0.011053	860.70	1015.4	2.7860	0.98939	1.2188	442.17	0.70379	36.402	0.059944	supercritical
805.00	14.000	90.274	0.011077	862.38	1017.5	2.7885	0.98998	1.2192	442.63	0.69914	36.452	0.060062	supercritical
806.67	14.000	90.074	0.011102	864.07	1019.5	2.7910	0.99057	1.2196	443.08	0.69453	36.502	0.060179	supercritical
808.33	14.000	89.874	0.011127	865.76	1021.5	2.7935	0.99116	1.2199	443.53	0.68994	36.553	0.060296	supercritical
810.00	14.000	89.675	0.011151	867.45	1023.6	2.7961	0.99175	1.2203	443.99	0.68537	36.603	0.060413	supercritical
811.67	14.000	89.477	0.011176	869.13	1025.6	2.7986	0.99234	1.2207	444.44	0.68084	36.653	0.060530	supercritical
813.33	14.000	89.280	0.011201	870.82	1027.6	2.8011	0.99292	1.2211	444.89	0.67633	36.703	0.060647	supercritical
815.00	14.000	89.084	0.011225	872.51	1029.7	2.8036	0.99351	1.2214	445.34	0.67185	36.753	0.060764	supercritical
816.67	14.000	88.889	0.011250	874.21	1031.7	2.8061	0.99409	1.2218	445.79	0.66739	36.803	0.060880	supercritical
818.33	14.000	88.695	0.011275	875.90	1033.7	2.8086	0.99467	1.2222	446.24	0.66296	36.853	0.060997	supercritical
820.00	14.000	88.502	0.011299	877.59	1035.8	2.8110	0.99525	1.2226	446.69	0.65855	36.903	0.061114	supercritical
821.67	14.000	88.310	0.011324	879.28	1037.8	2.8135	0.99583	1.2230	447.14	0.65418	36.953	0.061231	supercritical
823.33	14.000	88.118	0.011348	880.98	1039.9	2.8160	0.99641	1.2233	447.59	0.64982	37.003	0.061348	supercritical
825.00	14.000	87.928	0.011373	882.67	1041.9	2.8185	0.99698	1.2237	448.04	0.64549	37.053	0.061464	supercritical
826.67	14.000	87.738	0.011398	884.37	1043.9	2.8209	0.99756	1.2241	448.48	0.64119	37.103	0.061581	supercritical
828.33	14.000	87.550	0.011422	886.07	1046.0	2.8234	0.99813	1.2245	448.93	0.63691	37.153	0.061698	supercritical
830.00	14.000	87.362	0.011447	887.76	1048.0	2.8259	0.99870	1.2248	449.37	0.63266	37.203	0.061814	supercritical
831.67	14.000	87.175	0.011471	889.46	1050.1	2.8283	0.99927	1.2252	449.82	0.62843	37.253	0.061931	supercritical
833.33	14.000	86.989	0.011496	891.16	1052.1	2.8308	0.99984	1.2256	450.26	0.62423	37.302	0.062047	supercritical
835.00	14.000	86.804	0.011520	892.86	1054.1	2.8332	1.0004	1.2260	450.71	0.62005	37.352	0.062164	supercritical
836.67	14.000	86.620	0.011545	894.56	1056.2	2.8357	1.0010	1.2264	451.15	0.61589	37.402	0.062280	supercritical
838.33	14.000	86.436	0.011569	896.26	1058.2	2.8381	1.0015	1.2267	451.59	0.61176	37.451	0.062396	supercritical
840.00	14.000	86.254	0.011594	897.96	1060.3	2.8406	1.0021	1.2271	452.03	0.60765	37.501	0.062513	supercritical
841.67	14.000	86.072	0.011618	899.67	1062.3	2.8430	1.0027	1.2275	452.47	0.60356	37.551	0.062629	supercritical
843.33	14.000	85.891	0.011643	901.37	1064.4	2.8454	1.0032	1.2279	452.91	0.59950	37.600	0.062745	supercritical
845.00	14.000	85.711	0.011667	903.08	1066.4	2.8478	1.0038	1.2283	453.35	0.59546	37.650	0.062862	supercritical
846.67	14.000	85.532	0.011692	904.78	1068.5	2.8503	1.0043	1.2286	453.79	0.59144	37.699	0.062978	supercritical
848.33	14.000	85.354	0.011716	906.49	1070.5	2.8527	1.0049	1.2290	454.23	0.58744	37.748	0.063094	supercritical
850.00	14.000	85.176	0.011740	908.19	1072.6	2.8551	1.0054	1.2294	454.67	0.58347	37.798	0.063210	supercritical
851.67	14.000	84.999	0.011765	909.90	1074.6	2.8575	1.0060	1.2298	455.10	0.57952	37.847	0.063326	supercritical
853.33	14.000	84.823	0.011789	911.61	1076.7	2.8599	1.0066	1.2301	455.54	0.57559	37.897	0.063442	supercritical
855.00	14.000	84.648	0.011814	913.32	1078.7	2.8623	1.0071	1.2305	455.97	0.57169	37.946	0.063558	supercritical
856.67	14.000	84.473	0.011838	915.03	1080.8	2.8647	1.0076	1.2309	456.41	0.56780	37.995	0.063674	supercritical
858.33	14.000	84.300	0.011862	916.74	1082.8	2.8671	1.0082	1.2313	456.84	0.56394	38.044	0.063790	supercritical
860.00	14.000	84.127	0.011887	918.45	1084.9	2.8695	1.0087	1.2317	457.28	0.56010	38.094	0.063906	supercritical
861.67	14.000	83.955	0.011911	920.16	1086.9	2.8719	1.0093	1.2320	457.71	0.55627	38.143	0.064022	supercritical
863.33	14.000	83.783	0.011936	921.87	1089.0	2.8743	1.0098	1.2324	458.14	0.55247	38.192	0.064137	supercritical
865.00	14.000	83.613	0.011960	923.59	1091.0	2.8766	1.0104	1.2328	458.58	0.54869	38.241	0.064253	supercritical
866.67	14.000	83.443	0.011984	925.30	1093.1	2.8790	1.0109	1.2332	459.01	0.54494	38.290	0.064369	supercritical
868.33	14.000	83.274	0.012009	927.02	1095.1	2.8814	1.0114	1.2335	459.44	0.54120	38.339	0.064484	supercritical
870.00	14.000	83.106	0.012033	928.73	1097.2	2.8837	1.0120	1.2339	459.87	0.53748	38.388	0.064600	supercritical
871.67	14.000	82.938	0.012057	930.45	1099.2	2.8861	1.0125	1.2343	460.30	0.53378	38.437	0.064715	supercritical
873.33	14.000	82.771	0.012082	932.16	1101.3	2.8885	1.0131	1.2347	460.73	0.53010	38.486	0.064831	supercritical
875.00	14.000	82.605	0.012106	933.88	1103.4	2.8908	1.0136	1.2351	461.16	0.52645	38.535	0.064946	supercritical
876.67	14.000	82.439	0.012130	935.60	1105.4	2.8932	1.0141	1.2354	461.59	0.52281	38.584	0.065062	supercritical
878.33	14.000	82.275	0.012154	937.32	1107.5	2.8955	1.0147	1.2358	462.01	0.51919	38.633	0.065177	supercritical
880.00	14.000	82.111	0.012179	939.04	1109.5	2.8979	1.0152	1.2362	462.44	0.51559	38.682	0.065292	supercritical
881.67	14.000	81.947	0.012203	940.76	1111.6	2.9002	1.0157	1.2366	462.87	0.51201	38.730	0.065408	supercritical
883.33	14.000	81.785	0.012227	942.48	1113.7	2.9025	1.0162	1.2369	463.29	0.50845	38.779	0.065523	supercritical
885.00	14.000	81.623	0.012251	944.21	1115.7	2.9049	1.0168	1.2373	463.72	0.50491	38.828	0.065638	supercritical
886.67	14.000	81.462	0.012276	945.93	1117.8	2.9072	1.0173	1.2377	464.14	0.50139	38.876	0.065753	supercritical
888.33	14.000	81.301	0.012300	947.65	1119.9	2.9095	1.0178	1.2381	464.57	0.49788	38.925	0.065868	supercritical
890.00	14.000	81.141	0.012324	949.38	1121.9	2.9118	1.0183	1.2384	464.99	0.49439	38.974	0.065983	supercritical
891.67	14.000	80.982	0.012348	951.10	1124.0	2.9142	1.0188	1.2388	465.41	0.49093	39.022	0.066098	supercritical
893.33	14.000	80.824	0.012373	952.83	1126.0	2.9165	1.0194	1.2392	465.84	0.48748	39.071	0.066213	supercritical
895.00	14.000	80.666	0.012397	954.56	1128.1	2.9188	1.0199	1.2395	466.26	0.48405	39.119	0.066328	supercritical
896.67	14.000	80.509	0.012421	956.28	1130.2	2.9211	1.0204	1.2399	466.68	0.48063	39.168	0.066443	supercritical
898.33	14.000	80.352	0.012445	958.01	1132.2	2.9234	1.0209	1.2403	467.10	0.47724	39.216	0.066557	supercritical
900.00	14.000	80.196	0.012469	959.74	1134.3	2.9257	1.0214	1.2407	467.52	0.47386	39.265	0.066672	supercritical
901.67	14.000	80.041	0.012494	961.47	1136.4	2.9280	1.0219	1.2410	467.94	0.47050	39.313	0.066787	supercritical
903.33	14.000	79.887	0.012518	963.20	1138.4	2.9303	1.0224	1.2414	468.36	0.46716	39.361	0.066901	supercritical
905.00	14.000	79.733	0.012542	964.93	1140.5	2.9326	1.0229	1.2418	468.78	0.46383	39.410	0.067016	supercritical
906.67	14.000	79.580	0.012566	966.66	1142.6	2.9348	1.0235	1.2421	469.20	0.46052	39.458	0.067131	supercritical
908.33	14.000	79.427	0.012590	968.39	1144.7	2.9371	1.0240	1.2425	469.61	0.45723	39.506	0.067245	supercritical
910.00	14.000	79.275	0.012614	970.13	1146.7	2.9394	1.0245	1.2429	470.03	0.45396	39.555	0.067359	supercritical
911.67	14.000	79.124	0.012638	971.86	1148.8	2.9417	1.0250	1.2432	470.45	0.45070	39.603	0.067474	supercritical
913.33	14.000	78.973	0.012663	973.60	1150.9	2.9440	1.0255	1.2436	470.86	0.44746	39.651	0.067588	supercritical
915.00	14.000	78.823	0.012687	975.33	1152.9	2.9462	1.0260	1.2440	471.28	0.44424	39.699	0.067702	supercritical
916.67	14.000	78.673	0.012711	977.07	1155.0	2.9485	1.0265	1.2444	471.70	0.44103	39.747	0.067816	supercritical
918.33	14.000	78.524	0.012735	978.80	1157.1	2.9507	1.0270	1.2447	472.11	0.43784	39.795	0.067931	supercritical
920.00	14.000	78.376	0.012759	980.54	1159.2	2.9530	1.0275	1.2451	472.52	0.43466	39.843	0.068045	supercritical
921.67	14.000	78.228	0.012783	982.28	1161.2	2.9553	1.0280	1.2455	472.94	0.43150	39.891	0.068159	supercritical
923.33	14.000	78.081	0.012807	984.02	1163.3	2.9575	1.0284	1.2458	473.35	0.42836	39.939	0.068273	supercritical
925.00	14.000	77.935	0.012831	985.76	1165.4	2.9598	1.0289	1.2462	473.76	0.42523	39.987	0.068387	supercritical
926.67	14.000	77.789	0.012855	987.50	1167.5	2.9620	1.0294	1.2465	474.18	0.42212	40.035	0.068501	supercritical
928.33	14.000	77.643	0.012879	989.24	1169.6	2.9642	1.0299	1.2469	474.59	0.41902	40.083	0.068614	supercritical
930.00	14.000	77.499	0.012903	990.98	1171.6	2.9665	1.0304	1.2473	475.00	0.41594	40.131	0.068728	supercritical
931.67	14.000	77.354	0.012928	992.72	1173.7	2.9687	1.0309	1.2476	475.41	0.41288	40.179	0.068842	supercritical
933.33	14.000	77.211	0.012952	994.47	1175.8	2.9709	1.0314	1.2480	475.82	0.40983	40.226	0.068956	supercritical
935.00	14.000	77.068	0.012976	996.21	1177.9	2.9732	1.0319	1.2484	476.23	0.40679	40.274	0.069069	supercritical
936.67	14.000	76.925	0.013000	997.96	1180.0	2.9754	1.0323	1.2487	476.64	0.40377	40.322	0.069183	supercritical
938.33	14.000	76.783	0.013024	999.70	1182.0	2.9776	1.0328	1.2491	477.05	0.40077	40.369	0.069296	supercritical
940.00	14.000	76.642	0.013048	1001.4	1184.1	2.9798	1.0333	1.2494	477.46	0.39778	40.417	0.069410	supercritical
941.67	14.000	76.501	0.013072	1003.2	1186.2	2.9820	1.0338	1.2498	477.86	0.39480	40.465	0.069523	supercritical
943.33	14.000	76.361	0.013096	1004.9	1188.3	2.9842	1.0343	1.2502	478.27	0.39184	40.512	0.069637	supercritical
945.00	14.000	76.221	0.013120	1006.7	1190.4	2.9865	1.0347	1.2505	478.68	0.38890	40.560	0.069750	supercritical
946.67	14.000	76.082	0.013144	1008.4	1192.4	2.9887	1.0352	1.2509	479.09	0.38597	40.607	0.069863	supercritical
948.33	14.000	75.944	0.013168	1010.2	1194.5	2.9909	1.0357	1.2512	479.49	0.38305	40.655	0.069976	supercritical
950.00	14.000	75.805	0.013192	1011.9	1196.6	2.9931	1.0362	1.2516	479.90	0.38014	40.702	0.070089	supercritical
951.67	14.000	75.668	0.013216	1013.7	1198.7	2.9953	1.0366	1.2520	480.30	0.37726	40.750	0.070202	supercritical
953.33	14.000	75.531	0.013240	1015.4	1200.8	2.9974	1.0371	1.2523	480.71	0.37438	40.797	0.070315	supercritical
955.00	14.000	75.394	0.013264	1017.2	1202.9	2.9996	1.0376	1.2527	481.11	0.37152	40.845	0.070428	supercritical
956.67	14.000	75.259	0.013288	1018.9	1205.0	3.0018	1.0380	1.2530	481.51	0.36867	40.892	0.070541	supercritical
958.33	14.000	75.123	0.013311	1020.7	1207.1	3.0040	1.0385	1.2534	481.92	0.36584	40.939	0.070654	supercritical
960.00	14.000	74.988	0.013335	1022.4	1209.1	3.0062	1.0390	1.2537	482.32	0.36302	40.987	0.070767	supercritical
961.67	14.000	74.854	0.013359	1024.2	1211.2	3.0083	1.0394	1.2541	482.72	0.36021	41.034	0.070880	supercritical
963.33	14.000	74.720	0.013383	1026.0	1213.3	3.0105	1.0399	1.2544	483.12	0.35742	41.081	0.070992	supercritical
965.00	14.000	74.587	0.013407	1027.7	1215.4	3.0127	1.0404	1.2548	483.53	0.35464	41.128	0.071105	supercritical
966.67	14.000	74.454	0.013431	1029.5	1217.5	3.0149	1.0408	1.2551	483.93	0.35187	41.175	0.071218	supercritical
968.33	14.000	74.321	0.013455	1031.2	1219.6	3.0170	1.0413	1.2555	484.33	0.34912	41.222	0.071330	supercritical
970.00	14.000	74.190	0.013479	1033.0	1221.7	3.0192	1.0417	1.2558	484.73	0.34638	41.270	0.071443	supercritical
971.67	14.000	74.058	0.013503	1034.7	1223.8	3.0213	1.0422	1.2562	485.13	0.34365	41.317	0.071555	supercritical
973.33	14.000	73.927	0.013527	1036.5	1225.9	3.0235	1.0426	1.2565	485.53	0.34094	41.364	0.071667	supercritical
975.00	14.000	73.797	0.013551	1038.3	1228.0	3.0256	1.0431	1.2569	485.92	0.33824	41.411	0.071780	supercritical
976.67	14.000	73.667	0.013575	1040.0	1230.1	3.0278	1.0436	1.2572	486.32	0.33555	41.458	0.071892	supercritical
978.33	14.000	73.538	0.013598	1041.8	1232.2	3.0299	1.0440	1.2576	486.72	0.33287	41.505	0.072004	supercritical
980.00	14.000	73.409	0.013622	1043.6	1234.3	3.0321	1.0445	1.2579	487.12	0.33021	41.551	0.072116	supercritical
981.67	14.000	73.281	0.013646	1045.3	1236.4	3.0342	1.0449	1.2583	487.51	0.32756	41.598	0.072228	supercritical
983.33	14.000	73.153	0.013670	1047.1	1238.5	3.0363	1.0454	1.2586	487.91	0.32492	41.645	0.072340	supercritical
985.00	14.000	73.025	0.013694	1048.8	1240.6	3.0385	1.0458	1.2590	488.31	0.32229	41.692	0.072452	supercritical
986.67	14.000	72.898	0.013718	1050.6	1242.7	3.0406	1.0462	1.2593	488.70	0.31968	41.739	0.072564	supercritical
988.33	14.000	72.772	0.013742	1052.4	1244.8	3.0427	1.0467	1.2597	489.10	0.31707	41.786	0.072676	supercritical
990.00	14.000	72.646	0.013765	1054.1	1246.9	3.0449	1.0471	1.2600	489.49	0.31448	41.832	0.072788	supercritical
991.67	14.000	72.520	0.013789	1055.9	1249.0	3.0470	1.0476	1.2604	489.89	0.31191	41.879	0.072899	supercritical
993.33	14.000	72.395	0.013813	1057.7	1251.1	3.0491	1.0480	1.2607	490.28	0.30934	41.926	0.073011	supercritical
995.00	14.000	72.270	0.013837	1059.4	1253.2	3.0512	1.0485	1.2610	490.67	0.30678	41.972	0.073123	supercritical
996.67	14.000	72.146	0.013861	1061.2	1255.3	3.0533	1.0489	1.2614	491.07	0.30424	42.019	0.073234	supercritical
998.33	14.000	72.022	0.013885	1063.0	1257.4	3.0554	1.0493	1.2617	491.46	0.30171	42.066	0.073346	supercritical
1000.0	14.000	71.899	0.013908	1064.7	1259.5	3.0575	1.0498	1.2621	491.85	0.29919	42.112	0.073457	supercritical
1001.7	14.000	71.776	0.013932	1066.5	1261.6	3.0596	1.0502	1.2624	492.24	0.29668	42.159	0.073569	supercritical
1003.3	14.000	71.654	0.013956	1068.3	1263.7	3.0617	1.0506	1.2627	492.64	0.29419	42.205	0.073680	supercritical
1005.0	14.000	71.532	0.013980	1070.1	1265.8	3.0638	1.0511	1.2631	493.03	0.29170	42.252	0.073791	supercritical
1006.7	14.000	71.410	0.014004	1071.8	1267.9	3.0659	1.0515	1.2634	493.42	0.28923	42.298	0.073902	supercritical
1008.3	14.000	71.289	0.014027	1073.6	1270.0	3.0680	1.0519	1.2638	493.81	0.28676	42.345	0.074014	supercritical
1010.0	14.000	71.168	0.014051	1075.4	1272.1	3.0701	1.0524	1.2641	494.20	0.28431	42.391	0.074125	supercritical
1011.7	14.000	71.048	0.014075	1077.2	1274.2	3.0722	1.0528	1.2644	494.59	0.28187	42.437	0.074236	supercritical
1013.3	14.000	70.928	0.014099	1078.9	1276.3	3.0743	1.0532	1.2648	494.98	0.27944	42.484	0.074347	supercritical
1015.0	14.000	70.809	0.014122	1080.7	1278.4	3.0763	1.0536	1.2651	495.36	0.27702	42.530	0.074458	supercritical
1016.7	14.000	70.690	0.014146	1082.5	1280.5	3.0784	1.0541	1.2654	495.75	0.27461	42.576	0.074568	supercritical
1018.3	14.000	70.572	0.014170	1084.3	1282.6	3.0805	1.0545	1.2658	496.14	0.27221	42.622	0.074679	supercritical
1020.0	14.000	70.453	0.014194	1086.0	1284.7	3.0826	1.0549	1.2661	496.53	0.26983	42.669	0.074790	supercritical
1021.7	14.000	70.336	0.014218	1087.8	1286.9	3.0846	1.0553	1.2664	496.92	0.26745	42.715	0.074901	supercritical
1023.3	14.000	70.219	0.014241	1089.6	1289.0	3.0867	1.0557	1.2668	497.30	0.26509	42.761	0.075011	supercritical
1025.0	14.000	70.102	0.014265	1091.4	1291.1	3.0888	1.0562	1.2671	497.69	0.26273	42.807	0.075122	supercritical
1026.7	14.000	69.985	0.014289	1093.1	1293.2	3.0908	1.0566	1.2674	498.07	0.26039	42.853	0.075232	supercritical
1028.3	14.000	69.869	0.014312	1094.9	1295.3	3.0929	1.0570	1.2678	498.46	0.25805	42.899	0.075343	supercritical
1030.0	14.000	69.754	0.014336	1096.7	1297.4	3.0949	1.0574	1.2681	498.84	0.25573	42.945	0.075453	supercritical
1031.7	14.000	69.638	0.014360	1098.5	1299.5	3.0970	1.0578	1.2684	499.23	0.25341	42.991	0.075563	supercritical
1033.3	14.000	69.524	0.014384	1100.3	1301.6	3.0990	1.0582	1.2687	499.61	0.25111	43.037	0.075674	supercritical
1035.0	14.000	69.409	0.014407	1102.1	1303.8	3.1011	1.0586	1.2691	500.00	0.24882	43.083	0.075784	supercritical
1036.7	14.000	69.295	0.014431	1103.8	1305.9	3.1031	1.0591	1.2694	500.38	0.24653	43.129	0.075894	supercritical
1038.3	14.000	69.181	0.014455	1105.6	1308.0	3.1051	1.0595	1.2697	500.76	0.24426	43.175	0.076004	supercritical
1040.0	14.000	69.068	0.014478	1107.4	1310.1	3.1072	1.0599	1.2700	501.15	0.24199	43.221	0.076114	supercritical
1041.7	14.000	68.955	0.014502	1109.2	1312.2	3.1092	1.0603	1.2704	501.53	0.23974	43.267	0.076224	supercritical
1043.3	14.000	68.843	0.014526	1111.0	1314.3	3.1112	1.0607	1.2707	501.91	0.23750	43.313	0.076334	supercritical
1045.0	14.000	68.731	0.014550	1112.8	1316.5	3.1133	1.0611	1.2710	502.29	0.23526	43.358	0.076444	supercritical
1046.7	14.000	68.619	0.014573	1114.6	1318.6	3.1153	1.0615	1.2713	502.67	0.23304	43.404	0.076554	supercritical
1048.3	14.000	68.508	0.014597	1116.3	1320.7	3.1173	1.0619	1.2717	503.06	0.23082	43.450	0.076664	supercritical
1050.0	14.000	68.397	0.014621	1118.1	1322.8	3.1193	1.0623	1.2720	503.44	0.22861	43.495	0.076773	supercritical
1051.7	14.000	68.286	0.014644	1119.9	1324.9	3.1214	1.0627	1.2723	503.82	0.22642	43.541	0.076883	supercritical
1053.3	14.000	68.176	0.014668	1121.7	1327.1	3.1234	1.0631	1.2726	504.20	0.22423	43.587	0.076992	supercritical
1055.0	14.000	68.066	0.014692	1123.5	1329.2	3.1254	1.0635	1.2729	504.58	0.22205	43.632	0.077102	supercritical
1056.7	14.000	67.957	0.014715	1125.3	1331.3	3.1274	1.0639	1.2733	504.95	0.21988	43.678	0.077211	supercritical
1058.3	14.000	67.848	0.014739	1127.1	1333.4	3.1294	1.0643	1.2736	505.33	0.21772	43.724	0.077321	supercritical
1060.0	14.000	67.739	0.014762	1128.9	1335.5	3.1314	1.0647	1.2739	505.71	0.21557	43.769	0.077430	supercritical
1061.7	14.000	67.631	0.014786	1130.7	1337.7	3.1334	1.0651	1.2742	506.09	0.21343	43.815	0.077539	supercritical
1063.3	14.000	67.523	0.014810	1132.5	1339.8	3.1354	1.0655	1.2745	506.47	0.21130	43.860	0.077649	supercritical
1065.0	14.000	67.416	0.014833	1134.3	1341.9	3.1374	1.0659	1.2748	506.84	0.20918	43.906	0.077758	supercritical
1066.7	14.000	67.308	0.014857	1136.0	1344.0	3.1394	1.0662	1.2752	507.22	0.20706	43.951	0.077867	supercritical
1068.3	14.000	67.201	0.014881	1137.8	1346.2	3.1414	1.0666	1.2755	507.60	0.20496	43.996	0.077976	supercritical
1070.0	14.000	67.095	0.014904	1139.6	1348.3	3.1434	1.0670	1.2758	507.97	0.20286	44.042	0.078085	supercritical
1071.7	14.000	66.989	0.014928	1141.4	1350.4	3.1454	1.0674	1.2761	508.35	0.20077	44.087	0.078194	supercritical
1073.3	14.000	66.883	0.014951	1143.2	1352.5	3.1473	1.0678	1.2764	508.73	0.19870	44.132	0.078302	supercritical
1075.0	14.000	66.778	0.014975	1145.0	1354.7	3.1493	1.0682	1.2767	509.10	0.19663	44.178	0.078411	supercritical
1076.7	14.000	66.672	0.014999	1146.8	1356.8	3.1513	1.0686	1.2770	509.48	0.19456	44.223	0.078520	supercritical
1078.3	14.000	66.568	0.015022	1148.6	1358.9	3.1533	1.0690	1.2773	509.85	0.19251	44.268	0.078629	supercritical
1080.0	14.000	66.463	0.015046	1150.4	1361.1	3.1553	1.0693	1.2777	510.22	0.19047	44.313	0.078737	supercritical
1081.7	14.000	66.359	0.015069	1152.2	1363.2	3.1572	1.0697	1.2780	510.60	0.18843	44.359	0.078846	supercritical
1083.3	14.000	66.256	0.015093	1154.0	1365.3	3.1592	1.0701	1.2783	510.97	0.18640	44.404	0.078954	supercritical
1085.0	14.000	66.152	0.015117	1155.8	1367.5	3.1612	1.0705	1.2786	511.34	0.18438	44.449	0.079063	supercritical
1086.7	14.000	66.049	0.015140	1157.6	1369.6	3.1631	1.0709	1.2789	511.72	0.18237	44.494	0.079171	supercritical
1088.3	14.000	65.946	0.015164	1159.4	1371.7	3.1651	1.0712	1.2792	512.09	0.18037	44.539	0.079279	supercritical
1090.0	14.000	65.844	0.015187	1161.2	1373.8	3.1670	1.0716	1.2795	512.46	0.17837	44.584	0.079388	supercritical
1091.7	14.000	65.742	0.015211	1163.0	1376.0	3.1690	1.0720	1.2798	512.83	0.17639	44.629	0.079496	supercritical
1093.3	14.000	65.640	0.015235	1164.8	1378.1	3.1709	1.0724	1.2801	513.20	0.17441	44.674	0.079604	supercritical
1095.0	14.000	65.539	0.015258	1166.6	1380.2	3.1729	1.0727	1.2804	513.57	0.17244	44.719	0.079712	supercritical
1096.7	14.000	65.438	0.015282	1168.4	1382.4	3.1748	1.0731	1.2807	513.95	0.17048	44.764	0.079820	supercritical
1098.3	14.000	65.337	0.015305	1170.2	1384.5	3.1768	1.0735	1.2810	514.32	0.16852	44.809	0.079928	supercritical
1100.0	14.000	65.237	0.015329	1172.0	1386.7	3.1787	1.0738	1.2813	514.69	0.16658	44.854	0.080036	supercritical
1101.7	14.000	65.137	0.015352	1173.9	1388.8	3.1807	1.0742	1.2816	515.06	0.16464	44.899	0.080144	supercritical
1103.3	14.000	65.037	0.015376	1175.7	1390.9	3.1826	1.0746	1.2819	515.42	0.16271	44.944	0.080252	supercritical
1105.0	14.000	64.938	0.015399	1177.5	1393.1	3.1845	1.0749	1.2822	515.79	0.16078	44.988	0.080359	supercritical
1106.7	14.000	64.839	0.015423	1179.3	1395.2	3.1865	1.0753	1.2825	516.16	0.15887	45.033	0.080467	supercritical
1108.3	14.000	64.740	0.015446	1181.1	1397.3	3.1884	1.0757	1.2828	516.53	0.15696	45.078	0.080575	supercritical
1110.0	14.000	64.641	0.015470	1182.9	1399.5	3.1903	1.0760	1.2831	516.90	0.15506	45.123	0.080682	supercritical
1111.7	14.000	64.543	0.015493	1184.7	1401.6	3.1923	1.0764	1.2834	517.27	0.15317	45.167	0.080790	supercritical
1113.3	14.000	64.445	0.015517	1186.5	1403.8	3.1942	1.0768	1.2837	517.63	0.15128	45.212	0.080897	supercritical
1115.0	14.000	64.348	0.015541	1188.3	1405.9	3.1961	1.0771	1.2840	518.00	0.14941	45.257	0.081004	supercritical
1116.7	14.000	64.251	0.015564	1190.1	1408.0	3.1980	1.0775	1.2843	518.37	0.14754	45.301	0.081112	supercritical
1118.3	14.000	64.154	0.015588	1191.9	1410.2	3.1999	1.0778	1.2846	518.73	0.14567	45.346	0.081219	supercritical
1120.0	14.000	64.057	0.015611	1193.8	1412.3	3.2019	1.0782	1.2849	519.10	0.14382	45.390	0.081326	supercritical
1121.7	14.000	63.961	0.015635	1195.6	1414.5	3.2038	1.0786	1.2852	519.47	0.14197	45.435	0.081433	supercritical
1123.3	14.000	63.865	0.015658	1197.4	1416.6	3.2057	1.0789	1.2855	519.83	0.14013	45.480	0.081540	supercritical
1125.0	14.000	63.769	0.015682	1199.2	1418.7	3.2076	1.0793	1.2858	520.20	0.13830	45.524	0.081647	supercritical
1126.7	14.000	63.674	0.015705	1201.0	1420.9	3.2095	1.0796	1.2861	520.56	0.13647	45.569	0.081754	supercritical
1128.3	14.000	63.579	0.015729	1202.8	1423.0	3.2114	1.0800	1.2864	520.92	0.13465	45.613	0.081861	supercritical
1130.0	14.000	63.484	0.015752	1204.6	1425.2	3.2133	1.0803	1.2866	521.29	0.13284	45.657	0.081968	supercritical
1131.7	14.000	63.389	0.015776	1206.5	1427.3	3.2152	1.0807	1.2869	521.65	0.13104	45.702	0.082075	supercritical
1133.3	14.000	63.295	0.015799	1208.3	1429.5	3.2171	1.0810	1.2872	522.02	0.12924	45.746	0.082181	supercritical
1135.0	14.000	63.201	0.015822	1210.1	1431.6	3.2190	1.0814	1.2875	522.38	0.12745	45.791	0.082288	supercritical
1136.7	14.000	63.108	0.015846	1211.9	1433.8	3.2209	1.0817	1.2878	522.74	0.12566	45.835	0.082394	supercritical
1138.3	14.000	63.014	0.015869	1213.7	1435.9	3.2227	1.0821	1.2881	523.10	0.12389	45.879	0.082501	supercritical
1140.0	14.000	62.921	0.015893	1215.5	1438.0	3.2246	1.0824	1.2884	523.47	0.12212	45.923	0.082607	supercritical
1141.7	14.000	62.828	0.015916	1217.4	1440.2	3.2265	1.0828	1.2887	523.83	0.12035	45.968	0.082714	supercritical
1143.3	14.000	62.736	0.015940	1219.2	1442.3	3.2284	1.0831	1.2889	524.19	0.11860	46.012	0.082820	supercritical
1145.0	14.000	62.644	0.015963	1221.0	1444.5	3.2303	1.0835	1.2892	524.55	0.11685	46.056	0.082926	supercritical
1146.7	14.000	62.552	0.015987	1222.8	1446.6	3.2321	1.0838	1.2895	524.91	0.11511	46.100	0.083033	supercritical
1148.3	14.000	62.460	0.016010	1224.6	1448.8	3.2340	1.0841	1.2898	525.27	0.11337	46.144	0.083139	supercritical
1150.0	14.000	62.369	0.016034	1226.5	1450.9	3.2359	1.0845	1.2901	525.63	0.11164	46.189	0.083245	supercritical
1151.7	14.000	62.278	0.016057	1228.3	1453.1	3.2378	1.0848	1.2904	525.99	0.10992	46.233	0.083351	supercritical
1153.3	14.000	62.187	0.016081	1230.1	1455.2	3.2396	1.0852	1.2906	526.35	0.10820	46.277	0.083457	supercritical
1155.0	14.000	62.097	0.016104	1231.9	1457.4	3.2415	1.0855	1.2909	526.71	0.10649	46.321	0.083563	supercritical
1156.7	14.000	62.006	0.016127	1233.8	1459.5	3.2433	1.0858	1.2912	527.07	0.10479	46.365	0.083669	supercritical
1158.3	14.000	61.916	0.016151	1235.6	1461.7	3.2452	1.0862	1.2915	527.43	0.10309	46.409	0.083775	supercritical
1160.0	14.000	61.827	0.016174	1237.4	1463.8	3.2471	1.0865	1.2918	527.79	0.10140	46.453	0.083880	supercritical
1161.7	14.000	61.737	0.016198	1239.2	1466.0	3.2489	1.0868	1.2920	528.15	0.099717	46.497	0.083986	supercritical
1163.3	14.000	61.648	0.016221	1241.1	1468.2	3.2508	1.0872	1.2923	528.51	0.098039	46.541	0.084092	supercritical
1165.0	14.000	61.559	0.016245	1242.9	1470.3	3.2526	1.0875	1.2926	528.86	0.096368	46.585	0.084197	supercritical
1166.7	14.000	61.471	0.016268	1244.7	1472.5	3.2545	1.0878	1.2929	529.22	0.094703	46.629	0.084303	supercritical
1168.3	14.000	61.382	0.016291	1246.5	1474.6	3.2563	1.0882	1.2932	529.58	0.093044	46.672	0.084408	supercritical
1170.0	14.000	61.294	0.016315	1248.4	1476.8	3.2582	1.0885	1.2934	529.93	0.091391	46.716	0.084514	supercritical
1171.7	14.000	61.206	0.016338	1250.2	1478.9	3.2600	1.0888	1.2937	530.29	0.089745	46.760	0.084619	supercritical
1173.3	14.000	61.119	0.016362	1252.0	1481.1	3.2618	1.0892	1.2940	530.65	0.088104	46.804	0.084724	supercritical
1175.0	14.000	61.032	0.016385	1253.9	1483.2	3.2637	1.0895	1.2943	531.00	0.086470	46.848	0.084829	supercritical
1176.7	14.000	60.945	0.016408	1255.7	1485.4	3.2655	1.0898	1.2945	531.36	0.084842	46.891	0.084935	supercritical
1178.3	14.000	60.858	0.016432	1257.5	1487.6	3.2673	1.0901	1.2948	531.71	0.083220	46.935	0.085040	supercritical
1180.0	14.000	60.771	0.016455	1259.3	1489.7	3.2692	1.0905	1.2951	532.07	0.081604	46.979	0.085145	supercritical
1181.7	14.000	60.685	0.016479	1261.2	1491.9	3.2710	1.0908	1.2953	532.42	0.079994	47.022	0.085250	supercritical
1183.3	14.000	60.599	0.016502	1263.0	1494.0	3.2728	1.0911	1.2956	532.78	0.078389	47.066	0.085355	supercritical
1185.0	14.000	60.513	0.016525	1264.8	1496.2	3.2747	1.0914	1.2959	533.13	0.076791	47.110	0.085459	supercritical
1186.7	14.000	60.428	0.016549	1266.7	1498.4	3.2765	1.0917	1.2962	533.49	0.075199	47.153	0.085564	supercritical
1188.3	14.000	60.342	0.016572	1268.5	1500.5	3.2783	1.0921	1.2964	533.84	0.073612	47.197	0.085669	supercritical
1190.0	14.000	60.257	0.016595	1270.3	1502.7	3.2801	1.0924	1.2967	534.19	0.072032	47.240	0.085774	supercritical
1191.7	14.000	60.173	0.016619	1272.2	1504.8	3.2819	1.0927	1.2970	534.55	0.070457	47.284	0.085878	supercritical
1193.3	14.000	60.088	0.016642	1274.0	1507.0	3.2837	1.0930	1.2972	534.90	0.068887	47.327	0.085983	supercritical
1195.0	14.000	60.004	0.016666	1275.8	1509.2	3.2855	1.0933	1.2975	535.25	0.067324	47.371	0.086087	supercritical
1196.7	14.000	59.920	0.016689	1277.7	1511.3	3.2874	1.0937	1.2978	535.60	0.065766	47.414	0.086192	supercritical
1198.3	14.000	59.836	0.016712	1279.5	1513.5	3.2892	1.0940	1.2980	535.96	0.064214	47.458	0.086296	supercritical
1200.0	14.000	59.753	0.016736	1281.4	1515.7	3.2910	1.0943	1.2983	536.31	0.062667	47.501	0.086401	supercritical
1201.7	14.000	59.669	0.016759	1283.2	1517.8	3.2928	1.0946	1.2985	536.66	0.061127	47.545	0.086505	supercritical
1203.3	14.000	59.586	0.016782	1285.0	1520.0	3.2946	1.0949	1.2988	537.01	0.059591	47.588	0.086609	supercritical
1205.0	14.000	59.504	0.016806	1286.9	1522.1	3.2964	1.0952	1.2991	537.36	0.058061	47.631	0.086713	supercritical
1206.7	14.000	59.421	0.016829	1288.7	1524.3	3.2982	1.0955	1.2993	537.71	0.056537	47.675	0.086817	supercritical
1208.3	14.000	59.339	0.016852	1290.5	1526.5	3.3000	1.0958	1.2996	538.06	0.055018	47.718	0.086921	supercritical
1210.0	14.000	59.257	0.016876	1292.4	1528.6	3.3017	1.0962	1.2999	538.41	0.053505	47.761	0.087025	supercritical
1211.7	14.000	59.175	0.016899	1294.2	1530.8	3.3035	1.0965	1.3001	538.76	0.051997	47.804	0.087129	supercritical
1213.3	14.000	59.093	0.016922	1296.1	1533.0	3.3053	1.0968	1.3004	539.11	0.050494	47.848	0.087233	supercritical
1215.0	14.000	59.012	0.016946	1297.9	1535.1	3.3071	1.0971	1.3006	539.46	0.048997	47.891	0.087337	supercritical
1216.7	14.000	58.931	0.016969	1299.7	1537.3	3.3089	1.0974	1.3009	539.81	0.047505	47.934	0.087441	supercritical
1218.3	14.000	58.850	0.016992	1301.6	1539.5	3.3107	1.0977	1.3012	540.16	0.046019	47.977	0.087544	supercritical
1220.0	14.000	58.769	0.017016	1303.4	1541.6	3.3125	1.0980	1.3014	540.51	0.044538	48.020	0.087648	supercritical
1221.7	14.000	58.689	0.017039	1305.3	1543.8	3.3142	1.0983	1.3017	540.85	0.043062	48.063	0.087751	supercritical
1223.3	14.000	58.609	0.017062	1307.1	1546.0	3.3160	1.0986	1.3019	541.20	0.041591	48.106	0.087855	supercritical
1225.0	14.000	58.529	0.017086	1309.0	1548.2	3.3178	1.0989	1.3022	541.55	0.040125	48.149	0.087958	supercritical
1226.7	14.000	58.449	0.017109	1310.8	1550.3	3.3195	1.0992	1.3024	541.90	0.038665	48.193	0.088062	supercritical
1228.3	14.000	58.369	0.017132	1312.6	1552.5	3.3213	1.0995	1.3027	542.24	0.037209	48.236	0.088165	supercritical
1230.0	14.000	58.290	0.017156	1314.5	1554.7	3.3231	1.0998	1.3029	542.59	0.035759	48.279	0.088268	supercritical
1231.7	14.000	58.211	0.017179	1316.3	1556.8	3.3248	1.1001	1.3032	542.94	0.034314	48.321	0.088372	supercritical
1233.3	14.000	58.132	0.017202	1318.2	1559.0	3.3266	1.1004	1.3034	543.28	0.032874	48.364	0.088475	supercritical
1235.0	14.000	58.053	0.017226	1320.0	1561.2	3.3284	1.1007	1.3037	543.63	0.031439	48.407	0.088578	supercritical
1236.7	14.000	57.975	0.017249	1321.9	1563.4	3.3301	1.1010	1.3040	543.97	0.030009	48.450	0.088681	supercritical
1238.3	14.000	57.897	0.017272	1323.7	1565.5	3.3319	1.1013	1.3042	544.32	0.028584	48.493	0.088784	supercritical
1240.0	14.000	57.819	0.017295	1325.6	1567.7	3.3336	1.1016	1.3045	544.66	0.027164	48.536	0.088887	supercritical
1241.7	14.000	57.741	0.017319	1327.4	1569.9	3.3354	1.1019	1.3047	545.01	0.025749	48.579	0.088990	supercritical
1243.3	14.000	57.663	0.017342	1329.3	1572.1	3.3371	1.1022	1.3050	545.35	0.024339	48.622	0.089092	supercritical
1245.0	14.000	57.586	0.017365	1331.1	1574.2	3.3389	1.1025	1.3052	545.70	0.022934	48.664	0.089195	supercritical
1246.7	14.000	57.509	0.017389	1333.0	1576.4	3.3406	1.1028	1.3054	546.04	0.021533	48.707	0.089298	supercritical
1248.3	14.000	57.432	0.017412	1334.8	1578.6	3.3424	1.1031	1.3057	546.39	0.020138	48.750	0.089401	supercritical
1250.0	14.000	57.355	0.017435	1336.7	1580.8	3.3441	1.1033	1.3059	546.73	0.018747	48.793	0.089503	supercritical
1251.7	14.000	57.279	0.017458	1338.5	1582.9	3.3459	1.1036	1.3062	547.07	0.017361	48.835	0.089606	supercritical
1253.3	14.000	57.203	0.017482	1340.4	1585.1	3.3476	1.1039	1.3064	547.42	0.015979	48.878	0.089708	supercritical
1255.0	14.000	57.127	0.017505	1342.2	1587.3	3.3493	1.1042	1.3067	547.76	0.014603	48.921	0.089811	supercritical
1256.7	14.000	57.051	0.017528	1344.1	1589.5	3.3511	1.1045	1.3069	548.10	0.013231	48.963	0.089913	supercritical
1258.3	14.000	56.975	0.017552	1345.9	1591.6	3.3528	1.1048	1.3072	548.44	0.011864	49.006	0.090015	supercritical
1260.0	14.000	56.900	0.017575	1347.8	1593.8	3.3545	1.1051	1.3074	548.78	0.010501	49.049	0.090117	supercritical
1261.7	14.000	56.824	0.017598	1349.6	1596.0	3.3563	1.1054	1.3077	549.13	0.0091436	49.091	0.090220	supercritical
1263.3	14.000	56.749	0.017621	1351.5	1598.2	3.3580	1.1056	1.3079	549.47	0.0077904	49.134	0.090322	supercritical
1265.0	14.000	56.675	0.017645	1353.3	1600.4	3.3597	1.1059	1.3081	549.81	0.0064418	49.176	0.090424	supercritical
1266.7	14.000	56.600	0.017668	1355.2	1602.5	3.3614	1.1062	1.3084	550.15	0.0050977	49.219	0.090526	supercritical
1268.3	14.000	56.526	0.017691	1357.0	1604.7	3.3632	1.1065	1.3086	550.49	0.0037582	49.261	0.090628	supercritical
1270.0	14.000	56.451	0.017714	1358.9	1606.9	3.3649	1.1068	1.3089	550.83	0.0024232	49.304	0.090730	supercritical
1271.7	14.000	56.377	0.017738	1360.8	1609.1	3.3666	1.1071	1.3091	551.17	0.0010927	49.346	0.090831	supercritical
1273.3	14.000	56.304	0.017761	1362.6	1611.3	3.3683	1.1073	1.3093	551.51	-0.00023333	49.389	0.090933	supercritical
1275.0	14.000	56.230	0.017784	1364.5	1613.5	3.3700	1.1076	1.3096	551.85	-0.0015549	49.431	0.091035	supercritical
1276.7	14.000	56.157	0.017807	1366.3	1615.6	3.3717	1.1079	1.3098	552.19	-0.0028720	49.473	0.091137	supercritical
1278.3	14.000	56.083	0.017831	1368.2	1617.8	3.3734	1.1082	1.3101	552.53	-0.0041847	49.516	0.091238	supercritical
1280.0	14.000	56.010	0.017854	1370.0	1620.0	3.3751	1.1084	1.3103	552.87	-0.0054931	49.558	0.091340	supercritical
1281.7	14.000	55.938	0.017877	1371.9	1622.2	3.3769	1.1087	1.3105	553.21	-0.0067970	49.600	0.091441	supercritical
1283.3	14.000	55.865	0.017900	1373.8	1624.4	3.3786	1.1090	1.3108	553.55	-0.0080966	49.643	0.091543	supercritical
1285.0	14.000	55.793	0.017924	1375.6	1626.6	3.3803	1.1093	1.3110	553.89	-0.0093919	49.685	0.091644	supercritical
1286.7	14.000	55.720	0.017947	1377.5	1628.7	3.3820	1.1095	1.3112	554.22	-0.010683	49.727	0.091745	supercritical
1288.3	14.000	55.648	0.017970	1379.3	1630.9	3.3837	1.1098	1.3115	554.56	-0.011970	49.769	0.091847	supercritical
1290.0	14.000	55.577	0.017993	1381.2	1633.1	3.3853	1.1101	1.3117	554.90	-0.013252	49.812	0.091948	supercritical
1291.7	14.000	55.505	0.018016	1383.1	1635.3	3.3870	1.1104	1.3119	555.24	-0.014530	49.854	0.092049	supercritical
1293.3	14.000	55.433	0.018040	1384.9	1637.5	3.3887	1.1106	1.3122	555.57	-0.015804	49.896	0.092150	supercritical
1295.0	14.000	55.362	0.018063	1386.8	1639.7	3.3904	1.1109	1.3124	555.91	-0.017074	49.938	0.092251	supercritical
1296.7	14.000	55.291	0.018086	1388.7	1641.9	3.3921	1.1112	1.3126	556.25	-0.018340	49.980	0.092352	supercritical
1298.3	14.000	55.220	0.018109	1390.5	1644.0	3.3938	1.1114	1.3129	556.58	-0.019601	50.022	0.092453	supercritical
1300.0	14.000	55.150	0.018133	1392.4	1646.2	3.3955	1.1117	1.3131	556.92	-0.020858	50.064	0.092554	supercritical