Temperature (K)	Pressure (MPa)	Density (kg/m3)	Volume (m3/kg)	Internal Energy (kJ/kg)	Enthalpy (kJ/kg)	Entropy (J/g*K)	Cv (J/g*K)	Cp (J/g*K)	Sound Spd. (m/s)	Joule-Thomson (K/MPa)	Viscosity (uPa*s)	Therm. Cond. (W/m*K)	Phase
300.00	15.000	865.82	0.0011550	235.26	252.58	1.1388	0.92380	2.3557	517.40	0.50150	84.652	0.098433	liquid
301.67	15.000	855.96	0.0011683	239.01	256.54	1.1520	0.92473	2.3876	505.97	0.54298	82.530	0.096766	liquid
303.33	15.000	845.86	0.0011822	242.81	260.54	1.1652	0.92575	2.4218	494.53	0.58739	80.432	0.095101	liquid
305.00	15.000	835.48	0.0011969	246.66	264.61	1.1786	0.92683	2.4583	483.07	0.63499	78.356	0.093437	supercritical
306.67	15.000	824.81	0.0012124	250.55	268.74	1.1921	0.92797	2.4973	471.61	0.68604	76.299	0.091776	supercritical
308.33	15.000	813.84	0.0012287	254.51	272.94	1.2057	0.92914	2.5388	460.17	0.74081	74.261	0.090116	supercritical
310.00	15.000	802.54	0.0012460	258.51	277.20	1.2195	0.93036	2.5830	448.77	0.79960	72.240	0.088459	supercritical
311.67	15.000	790.90	0.0012644	262.58	281.55	1.2335	0.93164	2.6301	437.42	0.86277	70.234	0.086804	supercritical
313.33	15.000	778.89	0.0012839	266.71	285.97	1.2477	0.93301	2.6804	426.15	0.93067	68.242	0.085154	supercritical
315.00	15.000	766.51	0.0013046	270.92	290.48	1.2620	0.93449	2.7343	414.97	1.0038	66.264	0.083508	supercritical
316.67	15.000	753.71	0.0013268	275.19	295.09	1.2766	0.93610	2.7920	403.91	1.0824	64.298	0.081868	supercritical
318.33	15.000	740.49	0.0013505	279.54	299.79	1.2914	0.93786	2.8536	392.99	1.1671	62.344	0.080236	supercritical
320.00	15.000	726.83	0.0013758	283.97	304.60	1.3065	0.93978	2.9188	382.22	1.2582	60.402	0.078613	supercritical
321.67	15.000	712.71	0.0014031	288.48	309.52	1.3218	0.94187	2.9871	371.66	1.3558	58.473	0.077001	supercritical
323.33	15.000	698.13	0.0014324	293.08	314.56	1.3375	0.94414	3.0573	361.35	1.4601	56.560	0.075402	supercritical
325.00	15.000	683.09	0.0014639	297.76	319.72	1.3534	0.94662	3.1280	351.34	1.5708	54.665	0.073818	supercritical
326.67	15.000	667.61	0.0014979	302.52	324.99	1.3695	0.94928	3.1981	341.71	1.6879	52.796	0.072252	supercritical
328.33	15.000	651.74	0.0015344	307.36	330.37	1.3860	0.95204	3.2662	332.54	1.8110	50.957	0.070708	supercritical
330.00	15.000	635.51	0.0015735	312.27	335.87	1.4027	0.95475	3.3309	323.89	1.9400	49.155	0.069188	supercritical
331.67	15.000	618.98	0.0016156	317.24	341.47	1.4196	0.95717	3.3897	315.83	2.0742	47.399	0.067695	supercritical
333.33	15.000	602.24	0.0016605	322.26	347.17	1.4367	0.95901	3.4390	308.42	2.2126	45.697	0.066227	supercritical
335.00	15.000	585.40	0.0017082	327.31	352.93	1.4540	0.96004	3.4748	301.72	2.3535	44.059	0.064782	supercritical
336.67	15.000	568.58	0.0017588	332.36	358.74	1.4713	0.96009	3.4935	295.77	2.4951	42.495	0.063358	supercritical
338.33	15.000	551.92	0.0018119	337.39	364.56	1.4885	0.95909	3.4932	290.58	2.6356	41.015	0.061955	supercritical
340.00	15.000	535.55	0.0018672	342.36	370.37	1.5057	0.95711	3.4738	286.11	2.7733	39.627	0.060576	supercritical
341.67	15.000	519.62	0.0019245	347.27	376.13	1.5226	0.95427	3.4364	282.34	2.9064	38.335	0.059224	supercritical
343.33	15.000	504.21	0.0019833	352.07	381.82	1.5392	0.95079	3.3830	279.20	3.0332	37.141	0.057904	supercritical
345.00	15.000	489.42	0.0020432	356.75	387.40	1.5554	0.94688	3.3164	276.63	3.1525	36.046	0.056623	supercritical
346.67	15.000	475.30	0.0021039	361.31	392.87	1.5712	0.94275	3.2397	274.57	3.2631	35.047	0.055384	supercritical
348.33	15.000	461.89	0.0021650	365.72	398.20	1.5865	0.93855	3.1561	272.97	3.3642	34.140	0.054194	supercritical
350.00	15.000	449.20	0.0022262	369.99	403.39	1.6014	0.93439	3.0688	271.76	3.4558	33.318	0.053057	supercritical
351.67	15.000	437.23	0.0022871	374.12	408.43	1.6158	0.93034	2.9801	270.88	3.5378	32.576	0.051977	supercritical
353.33	15.000	425.95	0.0023477	378.10	413.32	1.6296	0.92641	2.8921	270.29	3.6105	31.906	0.050955	supercritical
355.00	15.000	415.33	0.0024077	381.95	418.07	1.6430	0.92263	2.8060	269.95	3.6745	31.302	0.049992	supercritical
356.67	15.000	405.33	0.0024671	385.67	422.68	1.6560	0.91899	2.7228	269.82	3.7302	30.757	0.049087	supercritical
358.33	15.000	395.93	0.0025257	389.26	427.15	1.6685	0.91550	2.6431	269.86	3.7782	30.266	0.048239	supercritical
360.00	15.000	387.08	0.0025835	392.74	431.49	1.6806	0.91214	2.5672	270.06	3.8192	29.822	0.047445	supercritical
361.67	15.000	378.73	0.0026404	396.10	435.71	1.6923	0.90891	2.4954	270.38	3.8536	29.422	0.046704	supercritical
363.33	15.000	370.86	0.0026964	399.36	439.81	1.7036	0.90582	2.4276	270.82	3.8820	29.059	0.046013	supercritical
365.00	15.000	363.43	0.0027516	402.53	443.80	1.7146	0.90285	2.3639	271.34	3.9050	28.731	0.045369	supercritical
366.67	15.000	356.40	0.0028059	405.60	447.69	1.7252	0.90000	2.3039	271.95	3.9230	28.434	0.044769	supercritical
368.33	15.000	349.74	0.0028593	408.59	451.48	1.7355	0.89728	2.2477	272.62	3.9365	28.164	0.044211	supercritical
370.00	15.000	343.43	0.0029118	411.51	455.18	1.7455	0.89468	2.1949	273.34	3.9460	27.919	0.043692	supercritical
371.67	15.000	337.43	0.0029635	414.35	458.80	1.7553	0.89219	2.1454	274.11	3.9519	27.697	0.043209	supercritical
373.33	15.000	331.74	0.0030144	417.12	462.34	1.7648	0.88982	2.0990	274.93	3.9544	27.495	0.042760	supercritical
375.00	15.000	326.31	0.0030646	419.83	465.80	1.7740	0.88756	2.0555	275.77	3.9539	27.311	0.042344	supercritical
376.67	15.000	321.14	0.0031139	422.48	469.19	1.7831	0.88541	2.0146	276.65	3.9508	27.143	0.041957	supercritical
378.33	15.000	316.20	0.0031626	425.08	472.52	1.7919	0.88337	1.9763	277.55	3.9452	26.991	0.041597	supercritical
380.00	15.000	311.48	0.0032105	427.62	475.78	1.8005	0.88143	1.9402	278.46	3.9374	26.853	0.041263	supercritical
381.67	15.000	306.96	0.0032578	430.12	478.98	1.8089	0.87959	1.9063	279.40	3.9277	26.727	0.040953	supercritical
383.33	15.000	302.63	0.0033044	432.57	482.13	1.8171	0.87785	1.8743	280.34	3.9162	26.612	0.040665	supercritical
385.00	15.000	298.48	0.0033503	434.98	485.23	1.8252	0.87620	1.8443	281.30	3.9032	26.508	0.040399	supercritical
386.67	15.000	294.49	0.0033957	437.35	488.28	1.8331	0.87464	1.8159	282.27	3.8887	26.413	0.040151	supercritical
388.33	15.000	290.66	0.0034405	439.68	491.29	1.8409	0.87317	1.7891	283.24	3.8730	26.328	0.039922	supercritical
390.00	15.000	286.97	0.0034847	441.98	494.25	1.8485	0.87178	1.7638	284.22	3.8561	26.250	0.039709	supercritical
391.67	15.000	283.41	0.0035284	444.24	497.17	1.8559	0.87047	1.7398	285.20	3.8382	26.180	0.039513	supercritical
393.33	15.000	279.99	0.0035716	446.47	500.05	1.8633	0.86924	1.7172	286.18	3.8194	26.117	0.039331	supercritical
395.00	15.000	276.68	0.0036143	448.68	502.89	1.8705	0.86808	1.6957	287.17	3.7997	26.061	0.039163	supercritical
396.67	15.000	273.49	0.0036565	450.85	505.70	1.8776	0.86700	1.6753	288.15	3.7794	26.010	0.039009	supercritical
398.33	15.000	270.40	0.0036982	453.00	508.48	1.8846	0.86598	1.6560	289.14	3.7584	25.965	0.038866	supercritical
400.00	15.000	267.42	0.0037395	455.13	511.22	1.8914	0.86502	1.6376	290.12	3.7368	25.925	0.038735	supercritical
401.67	15.000	264.53	0.0037804	457.23	513.94	1.8982	0.86413	1.6201	291.10	3.7148	25.891	0.038614	supercritical
403.33	15.000	261.72	0.0038208	459.31	516.62	1.9049	0.86330	1.6035	292.08	3.6923	25.860	0.038504	supercritical
405.00	15.000	259.01	0.0038609	461.37	519.28	1.9115	0.86253	1.5877	293.06	3.6694	25.834	0.038403	supercritical
406.67	15.000	256.37	0.0039005	463.41	521.91	1.9180	0.86181	1.5726	294.03	3.6462	25.812	0.038312	supercritical
408.33	15.000	253.82	0.0039398	465.43	524.52	1.9244	0.86115	1.5582	295.00	3.6227	25.793	0.038228	supercritical
410.00	15.000	251.33	0.0039788	467.43	527.11	1.9307	0.86053	1.5445	295.97	3.5989	25.778	0.038153	supercritical
411.67	15.000	248.92	0.0040174	469.41	529.67	1.9369	0.85997	1.5314	296.93	3.5750	25.766	0.038085	supercritical
413.33	15.000	246.57	0.0040557	471.38	532.21	1.9431	0.85945	1.5189	297.89	3.5509	25.757	0.038025	supercritical
415.00	15.000	244.28	0.0040936	473.33	534.74	1.9492	0.85898	1.5069	298.84	3.5266	25.751	0.037971	supercritical
416.67	15.000	242.06	0.0041312	475.27	537.24	1.9552	0.85855	1.4954	299.79	3.5022	25.748	0.037923	supercritical
418.33	15.000	239.89	0.0041685	477.19	539.72	1.9611	0.85817	1.4844	300.74	3.4778	25.747	0.037881	supercritical
420.00	15.000	237.78	0.0042056	479.10	542.19	1.9670	0.85782	1.4739	301.68	3.4532	25.749	0.037845	supercritical
421.67	15.000	235.72	0.0042423	481.00	544.63	1.9728	0.85751	1.4638	302.62	3.4287	25.753	0.037815	supercritical
423.33	15.000	233.71	0.0042788	482.88	547.06	1.9786	0.85724	1.4542	303.55	3.4041	25.759	0.037790	supercritical
425.00	15.000	231.75	0.0043150	484.76	549.48	1.9843	0.85701	1.4449	304.47	3.3795	25.767	0.037769	supercritical
426.67	15.000	229.84	0.0043509	486.62	551.88	1.9899	0.85681	1.4360	305.40	3.3550	25.777	0.037753	supercritical
428.33	15.000	227.97	0.0043866	488.47	554.27	1.9955	0.85664	1.4274	306.31	3.3304	25.789	0.037741	supercritical
430.00	15.000	226.14	0.0044221	490.31	556.64	2.0010	0.85650	1.4192	307.22	3.3060	25.803	0.037734	supercritical
431.67	15.000	224.35	0.0044573	492.14	559.00	2.0065	0.85640	1.4113	308.13	3.2815	25.818	0.037730	supercritical
433.33	15.000	222.61	0.0044923	493.96	561.34	2.0119	0.85632	1.4037	309.03	3.2572	25.835	0.037730	supercritical
435.00	15.000	220.90	0.0045270	495.77	563.68	2.0173	0.85628	1.3964	309.93	3.2329	25.854	0.037734	supercritical
436.67	15.000	219.22	0.0045615	497.58	566.00	2.0226	0.85626	1.3894	310.82	3.2087	25.874	0.037740	supercritical
438.33	15.000	217.59	0.0045959	499.37	568.31	2.0279	0.85626	1.3826	311.71	3.1847	25.895	0.037750	supercritical
440.00	15.000	215.98	0.0046300	501.16	570.61	2.0331	0.85630	1.3761	312.59	3.1607	25.917	0.037762	supercritical
441.67	15.000	214.41	0.0046639	502.94	572.90	2.0383	0.85635	1.3698	313.47	3.1369	25.941	0.037777	supercritical
443.33	15.000	212.87	0.0046976	504.71	575.17	2.0435	0.85644	1.3637	314.35	3.1131	25.966	0.037795	supercritical
445.00	15.000	211.37	0.0047311	506.48	577.44	2.0486	0.85654	1.3579	315.21	3.0895	25.992	0.037814	supercritical
446.67	15.000	209.89	0.0047645	508.23	579.70	2.0536	0.85667	1.3523	316.08	3.0661	26.019	0.037835	supercritical
448.33	15.000	208.44	0.0047976	509.99	581.95	2.0587	0.85681	1.3468	316.94	3.0427	26.047	0.037858	supercritical
450.00	15.000	207.01	0.0048306	511.73	584.19	2.0637	0.85698	1.3416	317.79	3.0196	26.076	0.037881	supercritical
451.67	15.000	205.62	0.0048634	513.47	586.42	2.0686	0.85717	1.3366	318.64	2.9965	26.106	0.037903	supercritical
453.33	15.000	204.25	0.0048961	515.20	588.65	2.0735	0.85738	1.3317	319.49	2.9736	26.137	0.037923	supercritical
455.00	15.000	202.90	0.0049285	516.93	590.86	2.0784	0.85760	1.3270	320.33	2.9509	26.169	0.037934	supercritical
456.67	15.000	201.58	0.0049609	518.66	593.07	2.0832	0.85785	1.3224	321.17	2.9283	26.201	0.037913	supercritical
458.33	15.000	200.28	0.0049930	520.37	595.27	2.0881	0.85811	1.3180	322.00	2.9059	26.234	0.037974	supercritical
460.00	15.000	199.00	0.0050250	522.09	597.46	2.0928	0.85839	1.3138	322.83	2.8837	26.269	0.038037	supercritical
461.67	15.000	197.75	0.0050569	523.79	599.65	2.0976	0.85868	1.3096	323.65	2.8616	26.303	0.038101	supercritical
463.33	15.000	196.52	0.0050886	525.50	601.83	2.1023	0.85899	1.3057	324.47	2.8397	26.339	0.038167	supercritical
465.00	15.000	195.31	0.0051202	527.20	604.00	2.1070	0.85931	1.3018	325.28	2.8179	26.375	0.038234	supercritical
466.67	15.000	194.11	0.0051516	528.89	606.17	2.1116	0.85965	1.2981	326.09	2.7963	26.412	0.038303	supercritical
468.33	15.000	192.94	0.0051829	530.58	608.33	2.1162	0.86001	1.2945	326.90	2.7749	26.449	0.038372	supercritical
470.00	15.000	191.79	0.0052141	532.27	610.48	2.1208	0.86037	1.2911	327.70	2.7536	26.487	0.038443	supercritical
471.67	15.000	190.65	0.0052451	533.95	612.63	2.1254	0.86075	1.2877	328.50	2.7325	26.525	0.038515	supercritical
473.33	15.000	189.54	0.0052760	535.63	614.77	2.1299	0.86115	1.2845	329.30	2.7116	26.564	0.038589	supercritical
475.00	15.000	188.44	0.0053068	537.31	616.91	2.1344	0.86155	1.2813	330.09	2.6909	26.604	0.038663	supercritical
476.67	15.000	187.36	0.0053374	538.98	619.05	2.1389	0.86197	1.2783	330.87	2.6703	26.644	0.038739	supercritical
478.33	15.000	186.29	0.0053680	540.65	621.17	2.1434	0.86239	1.2753	331.66	2.6499	26.685	0.038815	supercritical
480.00	15.000	185.24	0.0053984	542.32	623.30	2.1478	0.86283	1.2725	332.43	2.6297	26.726	0.038893	supercritical
481.67	15.000	184.21	0.0054287	543.98	625.42	2.1522	0.86328	1.2697	333.21	2.6096	26.767	0.038972	supercritical
483.33	15.000	183.19	0.0054589	545.65	627.53	2.1566	0.86374	1.2670	333.98	2.5897	26.809	0.039051	supercritical
485.00	15.000	182.18	0.0054890	547.30	629.64	2.1610	0.86421	1.2644	334.75	2.5700	26.851	0.039132	supercritical
486.67	15.000	181.19	0.0055190	548.96	631.74	2.1653	0.86469	1.2619	335.51	2.5504	26.894	0.039214	supercritical
488.33	15.000	180.22	0.0055488	550.61	633.85	2.1696	0.86518	1.2595	336.27	2.5310	26.937	0.039296	supercritical
490.00	15.000	179.26	0.0055786	552.26	635.94	2.1739	0.86568	1.2572	337.03	2.5118	26.980	0.039379	supercritical
491.67	15.000	178.31	0.0056083	553.91	638.04	2.1782	0.86619	1.2549	337.78	2.4927	27.024	0.039463	supercritical
493.33	15.000	177.37	0.0056378	555.56	640.13	2.1824	0.86670	1.2527	338.53	2.4738	27.068	0.039548	supercritical
495.00	15.000	176.45	0.0056673	557.20	642.21	2.1866	0.86722	1.2505	339.28	2.4551	27.112	0.039634	supercritical
496.67	15.000	175.54	0.0056967	558.84	644.29	2.1908	0.86776	1.2485	340.02	2.4365	27.157	0.039721	supercritical
498.33	15.000	174.64	0.0057259	560.48	646.37	2.1950	0.86829	1.2465	340.76	2.4181	27.202	0.039808	supercritical
500.00	15.000	173.76	0.0057551	562.12	648.45	2.1992	0.86884	1.2445	341.50	2.3999	27.247	0.039896	supercritical
501.67	15.000	172.88	0.0057842	563.76	650.52	2.2033	0.86939	1.2427	342.23	2.3818	27.293	0.039985	supercritical
503.33	15.000	172.02	0.0058132	565.39	652.59	2.2074	0.86995	1.2408	342.96	2.3638	27.339	0.040075	supercritical
505.00	15.000	171.17	0.0058421	567.03	654.66	2.2115	0.87052	1.2391	343.69	2.3461	27.385	0.040165	supercritical
506.67	15.000	170.33	0.0058710	568.66	656.72	2.2156	0.87109	1.2374	344.42	2.3285	27.431	0.040256	supercritical
508.33	15.000	169.50	0.0058997	570.29	658.78	2.2197	0.87167	1.2357	345.14	2.3110	27.478	0.040347	supercritical
510.00	15.000	168.68	0.0059284	571.92	660.84	2.2237	0.87226	1.2341	345.85	2.2937	27.525	0.040440	supercritical
511.67	15.000	167.87	0.0059570	573.54	662.90	2.2277	0.87285	1.2326	346.57	2.2766	27.572	0.040532	supercritical
513.33	15.000	167.07	0.0059855	575.17	664.95	2.2317	0.87344	1.2311	347.28	2.2596	27.619	0.040626	supercritical
515.00	15.000	166.28	0.0060139	576.79	667.00	2.2357	0.87405	1.2296	347.99	2.2427	27.666	0.040720	supercritical
516.67	15.000	165.50	0.0060422	578.41	669.05	2.2397	0.87465	1.2282	348.69	2.2260	27.714	0.040814	supercritical
518.33	15.000	164.73	0.0060705	580.04	671.09	2.2436	0.87526	1.2269	349.40	2.2095	27.762	0.040909	supercritical
520.00	15.000	163.97	0.0060987	581.66	673.14	2.2476	0.87588	1.2255	350.10	2.1931	27.810	0.041005	supercritical
521.67	15.000	163.22	0.0061268	583.28	675.18	2.2515	0.87650	1.2243	350.79	2.1768	27.858	0.041101	supercritical
523.33	15.000	162.47	0.0061549	584.90	677.22	2.2554	0.87713	1.2230	351.49	2.1607	27.907	0.041198	supercritical
525.00	15.000	161.74	0.0061829	586.51	679.26	2.2593	0.87776	1.2218	352.18	2.1447	27.955	0.041295	supercritical
526.67	15.000	161.01	0.0062108	588.13	681.29	2.2632	0.87839	1.2207	352.87	2.1289	28.004	0.041393	supercritical
528.33	15.000	160.29	0.0062386	589.75	683.32	2.2670	0.87903	1.2196	353.55	2.1132	28.053	0.041491	supercritical
530.00	15.000	159.58	0.0062664	591.36	685.36	2.2709	0.87967	1.2185	354.24	2.0976	28.102	0.041590	supercritical
531.67	15.000	158.88	0.0062941	592.97	687.39	2.2747	0.88032	1.2174	354.92	2.0822	28.151	0.041689	supercritical
533.33	15.000	158.18	0.0063218	594.59	689.41	2.2785	0.88097	1.2164	355.60	2.0670	28.200	0.041788	supercritical
535.00	15.000	157.50	0.0063493	596.20	691.44	2.2823	0.88162	1.2154	356.27	2.0518	28.250	0.041888	supercritical
536.67	15.000	156.82	0.0063769	597.81	693.47	2.2861	0.88228	1.2145	356.94	2.0368	28.299	0.041989	supercritical
538.33	15.000	156.14	0.0064043	599.42	695.49	2.2898	0.88294	1.2136	357.61	2.0219	28.349	0.042090	supercritical
540.00	15.000	155.48	0.0064317	601.04	697.51	2.2936	0.88360	1.2127	358.28	2.0072	28.399	0.042191	supercritical
541.67	15.000	154.82	0.0064590	602.65	699.53	2.2973	0.88426	1.2119	358.95	1.9926	28.449	0.042293	supercritical
543.33	15.000	154.17	0.0064863	604.26	701.55	2.3010	0.88493	1.2110	359.61	1.9781	28.499	0.042395	supercritical
545.00	15.000	153.53	0.0065135	605.87	703.57	2.3047	0.88560	1.2102	360.27	1.9637	28.549	0.042497	supercritical
546.67	15.000	152.89	0.0065407	607.47	705.59	2.3084	0.88628	1.2095	360.93	1.9495	28.599	0.042600	supercritical
548.33	15.000	152.26	0.0065678	609.08	707.60	2.3121	0.88695	1.2088	361.59	1.9354	28.650	0.042703	supercritical
550.00	15.000	151.63	0.0065948	610.69	709.61	2.3158	0.88763	1.2080	362.24	1.9214	28.700	0.042806	supercritical
551.67	15.000	151.02	0.0066218	612.30	711.63	2.3194	0.88831	1.2074	362.89	1.9075	28.751	0.042910	supercritical
553.33	15.000	150.40	0.0066488	613.91	713.64	2.3231	0.88900	1.2067	363.54	1.8938	28.801	0.043014	supercritical
555.00	15.000	149.80	0.0066757	615.51	715.65	2.3267	0.88968	1.2061	364.18	1.8802	28.852	0.043119	supercritical
556.67	15.000	149.20	0.0067025	617.12	717.66	2.3303	0.89037	1.2055	364.83	1.8666	28.903	0.043224	supercritical
558.33	15.000	148.60	0.0067293	618.73	719.67	2.3339	0.89106	1.2049	365.47	1.8533	28.954	0.043329	supercritical
560.00	15.000	148.02	0.0067560	620.34	721.68	2.3375	0.89175	1.2043	366.11	1.8400	29.005	0.043434	supercritical
561.67	15.000	147.43	0.0067827	621.94	723.68	2.3411	0.89244	1.2038	366.75	1.8268	29.056	0.043540	supercritical
563.33	15.000	146.86	0.0068093	623.55	725.69	2.3447	0.89313	1.2032	367.38	1.8138	29.107	0.043646	supercritical
565.00	15.000	146.29	0.0068359	625.15	727.69	2.3482	0.89383	1.2027	368.02	1.8008	29.158	0.043753	supercritical
566.67	15.000	145.72	0.0068624	626.76	729.70	2.3518	0.89453	1.2023	368.65	1.7880	29.209	0.043859	supercritical
568.33	15.000	145.16	0.0068889	628.37	731.70	2.3553	0.89522	1.2018	369.28	1.7753	29.261	0.043966	supercritical
570.00	15.000	144.61	0.0069153	629.97	733.70	2.3588	0.89592	1.2014	369.90	1.7627	29.312	0.044073	supercritical
571.67	15.000	144.06	0.0069417	631.58	735.71	2.3623	0.89662	1.2010	370.53	1.7502	29.363	0.044181	supercritical
573.33	15.000	143.51	0.0069681	633.19	737.71	2.3658	0.89733	1.2005	371.15	1.7378	29.415	0.044288	supercritical
575.00	15.000	142.97	0.0069943	634.79	739.71	2.3693	0.89803	1.2002	371.77	1.7255	29.466	0.044396	supercritical
576.67	15.000	142.44	0.0070206	636.40	741.71	2.3728	0.89873	1.1998	372.39	1.7133	29.518	0.044505	supercritical
578.33	15.000	141.91	0.0070468	638.00	743.71	2.3762	0.89944	1.1995	373.01	1.7013	29.569	0.044613	supercritical
580.00	15.000	141.38	0.0070730	639.61	745.71	2.3797	0.90015	1.1991	373.62	1.6893	29.621	0.044722	supercritical
581.67	15.000	140.86	0.0070991	641.22	747.70	2.3831	0.90085	1.1988	374.24	1.6774	29.673	0.044831	supercritical
583.33	15.000	140.35	0.0071252	642.82	749.70	2.3865	0.90156	1.1985	374.85	1.6656	29.724	0.044940	supercritical
585.00	15.000	139.84	0.0071512	644.43	751.70	2.3900	0.90227	1.1982	375.46	1.6540	29.776	0.045049	supercritical
586.67	15.000	139.33	0.0071772	646.04	753.70	2.3934	0.90298	1.1980	376.06	1.6424	29.828	0.045158	supercritical
588.33	15.000	138.83	0.0072032	647.64	755.69	2.3968	0.90369	1.1977	376.67	1.6309	29.880	0.045268	supercritical
590.00	15.000	138.33	0.0072291	649.25	757.69	2.4002	0.90440	1.1975	377.27	1.6195	29.932	0.045378	supercritical
591.67	15.000	137.84	0.0072550	650.86	759.68	2.4035	0.90511	1.1972	377.87	1.6082	29.984	0.045488	supercritical
593.33	15.000	137.35	0.0072808	652.47	761.68	2.4069	0.90582	1.1970	378.47	1.5970	30.035	0.045599	supercritical
595.00	15.000	136.86	0.0073066	654.07	763.67	2.4103	0.90653	1.1968	379.07	1.5859	30.087	0.045709	supercritical
596.67	15.000	136.38	0.0073324	655.68	765.67	2.4136	0.90725	1.1967	379.67	1.5749	30.139	0.045820	supercritical
598.33	15.000	135.90	0.0073581	657.29	767.66	2.4169	0.90796	1.1965	380.26	1.5640	30.191	0.045931	supercritical
600.00	15.000	135.43	0.0073838	658.90	769.66	2.4203	0.90867	1.1963	380.86	1.5531	30.243	0.046042	supercritical
601.67	15.000	134.96	0.0074095	660.51	771.65	2.4236	0.90938	1.1962	381.45	1.5424	30.295	0.046153	supercritical
603.33	15.000	134.50	0.0074351	662.12	773.64	2.4269	0.91010	1.1961	382.04	1.5317	30.347	0.046265	supercritical
605.00	15.000	134.04	0.0074607	663.73	775.64	2.4302	0.91081	1.1959	382.63	1.5211	30.400	0.046376	supercritical
606.67	15.000	133.58	0.0074862	665.34	777.63	2.4335	0.91152	1.1958	383.21	1.5106	30.452	0.046488	supercritical
608.33	15.000	133.13	0.0075117	666.95	779.62	2.4368	0.91224	1.1957	383.80	1.5002	30.504	0.046600	supercritical
610.00	15.000	132.68	0.0075372	668.56	781.62	2.4400	0.91295	1.1956	384.38	1.4899	30.556	0.046712	supercritical
611.67	15.000	132.23	0.0075626	670.17	783.61	2.4433	0.91366	1.1956	384.96	1.4797	30.608	0.046824	supercritical
613.33	15.000	131.79	0.0075881	671.78	785.60	2.4466	0.91438	1.1955	385.54	1.4695	30.660	0.046937	supercritical
615.00	15.000	131.35	0.0076134	673.39	787.59	2.4498	0.91509	1.1954	386.12	1.4595	30.712	0.047049	supercritical
616.67	15.000	130.91	0.0076388	675.00	789.59	2.4530	0.91580	1.1954	386.69	1.4495	30.765	0.047162	supercritical
618.33	15.000	130.48	0.0076641	676.62	791.58	2.4563	0.91652	1.1954	387.27	1.4396	30.817	0.047275	supercritical
620.00	15.000	130.05	0.0076894	678.23	793.57	2.4595	0.91723	1.1953	387.84	1.4297	30.869	0.047387	supercritical
621.67	15.000	129.62	0.0077146	679.84	795.56	2.4627	0.91794	1.1953	388.41	1.4200	30.921	0.047501	supercritical
623.33	15.000	129.20	0.0077398	681.46	797.55	2.4659	0.91865	1.1953	388.98	1.4103	30.973	0.047614	supercritical
625.00	15.000	128.78	0.0077650	683.07	799.55	2.4691	0.91936	1.1953	389.55	1.4007	31.025	0.047727	supercritical
626.67	15.000	128.37	0.0077902	684.69	801.54	2.4723	0.92008	1.1953	390.12	1.3912	31.078	0.047840	supercritical
628.33	15.000	127.95	0.0078153	686.30	803.53	2.4754	0.92079	1.1954	390.68	1.3817	31.130	0.047954	supercritical
630.00	15.000	127.54	0.0078404	687.92	805.52	2.4786	0.92150	1.1954	391.25	1.3723	31.182	0.048068	supercritical
631.67	15.000	127.14	0.0078655	689.53	807.52	2.4818	0.92221	1.1954	391.81	1.3630	31.234	0.048181	supercritical
633.33	15.000	126.73	0.0078905	691.15	809.51	2.4849	0.92292	1.1955	392.37	1.3538	31.286	0.048295	supercritical
635.00	15.000	126.33	0.0079155	692.77	811.50	2.4881	0.92363	1.1955	392.93	1.3446	31.339	0.048409	supercritical
636.67	15.000	125.94	0.0079405	694.39	813.49	2.4912	0.92434	1.1956	393.49	1.3356	31.391	0.048523	supercritical
638.33	15.000	125.54	0.0079654	696.00	815.49	2.4943	0.92504	1.1956	394.05	1.3265	31.443	0.048638	supercritical
640.00	15.000	125.15	0.0079904	697.62	817.48	2.4974	0.92575	1.1957	394.60	1.3176	31.495	0.048752	supercritical
641.67	15.000	124.76	0.0080153	699.24	819.47	2.5005	0.92646	1.1958	395.16	1.3087	31.547	0.048866	supercritical
643.33	15.000	124.38	0.0080401	700.86	821.47	2.5036	0.92716	1.1959	395.71	1.2999	31.600	0.048981	supercritical
645.00	15.000	123.99	0.0080650	702.48	823.46	2.5067	0.92787	1.1960	396.26	1.2912	31.652	0.049095	supercritical
646.67	15.000	123.61	0.0080898	704.10	825.45	2.5098	0.92858	1.1961	396.81	1.2825	31.704	0.049210	supercritical
648.33	15.000	123.23	0.0081146	705.73	827.45	2.5129	0.92928	1.1962	397.36	1.2739	31.756	0.049325	supercritical
650.00	15.000	122.86	0.0081394	707.35	829.44	2.5160	0.92998	1.1963	397.91	1.2653	31.808	0.049440	supercritical
651.67	15.000	122.49	0.0081641	708.97	831.43	2.5190	0.93069	1.1964	398.45	1.2568	31.860	0.049555	supercritical
653.33	15.000	122.12	0.0081888	710.60	833.43	2.5221	0.93139	1.1966	399.00	1.2484	31.913	0.049670	supercritical
655.00	15.000	121.75	0.0082135	712.22	835.42	2.5251	0.93209	1.1967	399.54	1.2401	31.965	0.049785	supercritical
656.67	15.000	121.39	0.0082382	713.84	837.42	2.5282	0.93279	1.1968	400.08	1.2318	32.017	0.049900	supercritical
658.33	15.000	121.02	0.0082628	715.47	839.41	2.5312	0.93349	1.1970	400.62	1.2236	32.069	0.050015	supercritical
660.00	15.000	120.66	0.0082874	717.10	841.41	2.5342	0.93419	1.1971	401.16	1.2154	32.121	0.050130	supercritical
661.67	15.000	120.31	0.0083120	718.72	843.40	2.5373	0.93489	1.1973	401.70	1.2073	32.173	0.050246	supercritical
663.33	15.000	119.95	0.0083366	720.35	845.40	2.5403	0.93558	1.1975	402.24	1.1992	32.225	0.050361	supercritical
665.00	15.000	119.60	0.0083611	721.98	847.39	2.5433	0.93628	1.1976	402.77	1.1912	32.277	0.050477	supercritical
666.67	15.000	119.25	0.0083856	723.60	849.39	2.5463	0.93698	1.1978	403.30	1.1833	32.329	0.050592	supercritical
668.33	15.000	118.90	0.0084101	725.23	851.39	2.5493	0.93767	1.1980	403.84	1.1754	32.381	0.050708	supercritical
670.00	15.000	118.56	0.0084346	726.86	853.38	2.5523	0.93836	1.1982	404.37	1.1676	32.433	0.050824	supercritical
671.67	15.000	118.22	0.0084590	728.49	855.38	2.5552	0.93906	1.1983	404.90	1.1599	32.485	0.050939	supercritical
673.33	15.000	117.88	0.0084835	730.12	857.38	2.5582	0.93975	1.1985	405.43	1.1522	32.537	0.051055	supercritical
675.00	15.000	117.54	0.0085079	731.76	859.37	2.5612	0.94044	1.1987	405.96	1.1445	32.589	0.051171	supercritical
676.67	15.000	117.20	0.0085323	733.39	861.37	2.5641	0.94113	1.1989	406.49	1.1370	32.641	0.051287	supercritical
678.33	15.000	116.87	0.0085566	735.02	863.37	2.5671	0.94182	1.1991	407.01	1.1294	32.693	0.051403	supercritical
680.00	15.000	116.54	0.0085810	736.66	865.37	2.5700	0.94251	1.1994	407.54	1.1219	32.745	0.051519	supercritical
681.67	15.000	116.21	0.0086053	738.29	867.37	2.5730	0.94319	1.1996	408.06	1.1145	32.797	0.051635	supercritical
683.33	15.000	115.88	0.0086296	739.92	869.37	2.5759	0.94388	1.1998	408.58	1.1072	32.849	0.051751	supercritical
685.00	15.000	115.56	0.0086539	741.56	871.37	2.5788	0.94456	1.2000	409.10	1.0998	32.900	0.051867	supercritical
686.67	15.000	115.23	0.0086781	743.20	873.37	2.5817	0.94525	1.2002	409.62	1.0926	32.952	0.051983	supercritical
688.33	15.000	114.91	0.0087024	744.83	875.37	2.5846	0.94593	1.2005	410.14	1.0854	33.004	0.052100	supercritical
690.00	15.000	114.59	0.0087266	746.47	877.37	2.5875	0.94661	1.2007	410.66	1.0782	33.056	0.052216	supercritical
691.67	15.000	114.28	0.0087508	748.11	879.37	2.5904	0.94729	1.2009	411.18	1.0711	33.108	0.052332	supercritical
693.33	15.000	113.96	0.0087749	749.75	881.37	2.5933	0.94797	1.2012	411.69	1.0640	33.159	0.052448	supercritical
695.00	15.000	113.65	0.0087991	751.39	883.38	2.5962	0.94865	1.2014	412.21	1.0570	33.211	0.052565	supercritical
696.67	15.000	113.34	0.0088232	753.03	885.38	2.5991	0.94932	1.2017	412.72	1.0501	33.263	0.052681	supercritical
698.33	15.000	113.03	0.0088474	754.67	887.38	2.6020	0.95000	1.2019	413.23	1.0431	33.315	0.052798	supercritical
700.00	15.000	112.72	0.0088715	756.31	889.38	2.6048	0.95067	1.2022	413.74	1.0363	33.366	0.052914	supercritical
701.67	15.000	112.42	0.0088955	757.96	891.39	2.6077	0.95135	1.2024	414.25	1.0295	33.418	0.053031	supercritical
703.33	15.000	112.11	0.0089196	759.60	893.39	2.6105	0.95202	1.2027	414.76	1.0227	33.469	0.053147	supercritical
705.00	15.000	111.81	0.0089436	761.24	895.40	2.6134	0.95269	1.2030	415.27	1.0160	33.521	0.053264	supercritical
706.67	15.000	111.51	0.0089677	762.89	897.40	2.6162	0.95336	1.2032	415.78	1.0093	33.573	0.053380	supercritical
708.33	15.000	111.21	0.0089917	764.53	899.41	2.6191	0.95403	1.2035	416.28	1.0027	33.624	0.053497	supercritical
710.00	15.000	110.92	0.0090156	766.18	901.41	2.6219	0.95469	1.2038	416.79	0.99610	33.676	0.053614	supercritical
711.67	15.000	110.62	0.0090396	767.83	903.42	2.6247	0.95536	1.2041	417.29	0.98956	33.727	0.053730	supercritical
713.33	15.000	110.33	0.0090636	769.47	905.43	2.6275	0.95602	1.2043	417.80	0.98307	33.779	0.053847	supercritical
715.00	15.000	110.04	0.0090875	771.12	907.44	2.6303	0.95669	1.2046	418.30	0.97662	33.830	0.053964	supercritical
716.67	15.000	109.75	0.0091114	772.77	909.44	2.6331	0.95735	1.2049	418.80	0.97022	33.881	0.054080	supercritical
718.33	15.000	109.47	0.0091353	774.42	911.45	2.6359	0.95801	1.2052	419.30	0.96386	33.933	0.054197	supercritical
720.00	15.000	109.18	0.0091592	776.07	913.46	2.6387	0.95867	1.2055	419.80	0.95754	33.984	0.054314	supercritical
721.67	15.000	108.90	0.0091831	777.72	915.47	2.6415	0.95933	1.2058	420.30	0.95126	34.035	0.054431	supercritical
723.33	15.000	108.61	0.0092069	779.38	917.48	2.6443	0.95999	1.2061	420.79	0.94503	34.087	0.054547	supercritical
725.00	15.000	108.33	0.0092307	781.03	919.49	2.6471	0.96064	1.2064	421.29	0.93884	34.138	0.054664	supercritical
726.67	15.000	108.05	0.0092546	782.68	921.50	2.6499	0.96130	1.2067	421.78	0.93269	34.189	0.054781	supercritical
728.33	15.000	107.78	0.0092784	784.34	923.51	2.6526	0.96195	1.2070	422.28	0.92659	34.241	0.054898	supercritical
730.00	15.000	107.50	0.0093021	785.99	925.52	2.6554	0.96260	1.2073	422.77	0.92052	34.292	0.055015	supercritical
731.67	15.000	107.23	0.0093259	787.65	927.54	2.6581	0.96325	1.2076	423.26	0.91449	34.343	0.055131	supercritical
733.33	15.000	106.96	0.0093497	789.30	929.55	2.6609	0.96390	1.2079	423.76	0.90851	34.394	0.055248	supercritical
735.00	15.000	106.68	0.0093734	790.96	931.56	2.6636	0.96455	1.2082	424.25	0.90256	34.445	0.055365	supercritical
736.67	15.000	106.42	0.0093971	792.62	933.58	2.6664	0.96520	1.2085	424.74	0.89665	34.496	0.055482	supercritical
738.33	15.000	106.15	0.0094208	794.28	935.59	2.6691	0.96584	1.2088	425.22	0.89078	34.547	0.055599	supercritical
740.00	15.000	105.88	0.0094445	795.94	937.61	2.6718	0.96649	1.2091	425.71	0.88495	34.598	0.055716	supercritical
741.67	15.000	105.62	0.0094682	797.60	939.62	2.6745	0.96713	1.2094	426.20	0.87916	34.649	0.055832	supercritical
743.33	15.000	105.35	0.0094918	799.26	941.64	2.6772	0.96777	1.2098	426.68	0.87341	34.700	0.055949	supercritical
745.00	15.000	105.09	0.0095155	800.92	943.65	2.6800	0.96841	1.2101	427.17	0.86769	34.751	0.056066	supercritical
746.67	15.000	104.83	0.0095391	802.58	945.67	2.6827	0.96905	1.2104	427.65	0.86201	34.802	0.056183	supercritical
748.33	15.000	104.57	0.0095627	804.25	947.69	2.6854	0.96969	1.2107	428.14	0.85637	34.853	0.056300	supercritical
750.00	15.000	104.32	0.0095863	805.91	949.71	2.6881	0.97032	1.2110	428.62	0.85077	34.904	0.056417	supercritical
751.67	15.000	104.06	0.0096099	807.58	951.73	2.6907	0.97096	1.2114	429.10	0.84520	34.955	0.056533	supercritical
753.33	15.000	103.80	0.0096335	809.24	953.74	2.6934	0.97159	1.2117	429.58	0.83966	35.006	0.056650	supercritical
755.00	15.000	103.55	0.0096570	810.91	955.76	2.6961	0.97222	1.2120	430.06	0.83417	35.057	0.056767	supercritical
756.67	15.000	103.30	0.0096806	812.58	957.78	2.6988	0.97285	1.2124	430.54	0.82870	35.107	0.056884	supercritical
758.33	15.000	103.05	0.0097041	814.24	959.81	2.7014	0.97348	1.2127	431.02	0.82327	35.158	0.057001	supercritical
760.00	15.000	102.80	0.0097276	815.91	961.83	2.7041	0.97411	1.2130	431.50	0.81788	35.209	0.057118	supercritical
761.67	15.000	102.55	0.0097511	817.58	963.85	2.7068	0.97474	1.2134	431.97	0.81252	35.259	0.057234	supercritical
763.33	15.000	102.31	0.0097746	819.25	965.87	2.7094	0.97536	1.2137	432.45	0.80720	35.310	0.057351	supercritical
765.00	15.000	102.06	0.0097981	820.92	967.89	2.7121	0.97599	1.2140	432.92	0.80191	35.361	0.057468	supercritical
766.67	15.000	101.82	0.0098216	822.59	969.92	2.7147	0.97661	1.2144	433.40	0.79665	35.411	0.057585	supercritical
768.33	15.000	101.57	0.0098450	824.27	971.94	2.7173	0.97723	1.2147	433.87	0.79142	35.462	0.057701	supercritical
770.00	15.000	101.33	0.0098684	825.94	973.97	2.7200	0.97785	1.2150	434.34	0.78623	35.512	0.057818	supercritical
771.67	15.000	101.09	0.0098919	827.61	975.99	2.7226	0.97847	1.2154	434.81	0.78107	35.563	0.057935	supercritical
773.33	15.000	100.85	0.0099153	829.29	978.02	2.7252	0.97908	1.2157	435.28	0.77594	35.613	0.058052	supercritical
775.00	15.000	100.62	0.0099387	830.97	980.05	2.7278	0.97970	1.2161	435.75	0.77085	35.664	0.058168	supercritical
776.67	15.000	100.38	0.0099620	832.64	982.07	2.7305	0.98031	1.2164	436.22	0.76578	35.714	0.058285	supercritical
778.33	15.000	100.15	0.0099854	834.32	984.10	2.7331	0.98092	1.2168	436.69	0.76075	35.764	0.058402	supercritical
780.00	15.000	99.912	0.010009	836.00	986.13	2.7357	0.98154	1.2171	437.16	0.75575	35.815	0.058518	supercritical
781.67	15.000	99.680	0.010032	837.67	988.16	2.7383	0.98215	1.2175	437.62	0.75078	35.865	0.058635	supercritical
783.33	15.000	99.448	0.010055	839.35	990.19	2.7409	0.98275	1.2178	438.09	0.74584	35.915	0.058752	supercritical
785.00	15.000	99.218	0.010079	841.03	992.22	2.7435	0.98336	1.2182	438.56	0.74093	35.966	0.058868	supercritical
786.67	15.000	98.989	0.010102	842.72	994.25	2.7460	0.98397	1.2185	439.02	0.73605	36.016	0.058985	supercritical
788.33	15.000	98.762	0.010125	844.40	996.28	2.7486	0.98457	1.2189	439.48	0.73120	36.066	0.059101	supercritical
790.00	15.000	98.535	0.010149	846.08	998.31	2.7512	0.98517	1.2192	439.95	0.72638	36.116	0.059218	supercritical
791.67	15.000	98.310	0.010172	847.76	1000.3	2.7538	0.98577	1.2196	440.41	0.72159	36.166	0.059334	supercritical
793.33	15.000	98.085	0.010195	849.45	1002.4	2.7563	0.98637	1.2199	440.87	0.71683	36.216	0.059451	supercritical
795.00	15.000	97.862	0.010218	851.13	1004.4	2.7589	0.98697	1.2203	441.33	0.71209	36.266	0.059567	supercritical
796.67	15.000	97.640	0.010242	852.82	1006.4	2.7614	0.98757	1.2206	441.79	0.70739	36.316	0.059684	supercritical
798.33	15.000	97.419	0.010265	854.50	1008.5	2.7640	0.98816	1.2210	442.25	0.70271	36.366	0.059800	supercritical
800.00	15.000	97.199	0.010288	856.19	1010.5	2.7665	0.98876	1.2213	442.71	0.69806	36.416	0.059917	supercritical
801.67	15.000	96.981	0.010311	857.88	1012.5	2.7691	0.98935	1.2217	443.17	0.69344	36.466	0.060033	supercritical
803.33	15.000	96.763	0.010335	859.57	1014.6	2.7716	0.98994	1.2220	443.62	0.68885	36.516	0.060149	supercritical
805.00	15.000	96.546	0.010358	861.26	1016.6	2.7742	0.99053	1.2224	444.08	0.68428	36.566	0.060266	supercritical
806.67	15.000	96.331	0.010381	862.95	1018.7	2.7767	0.99112	1.2228	444.53	0.67974	36.616	0.060382	supercritical
808.33	15.000	96.116	0.010404	864.64	1020.7	2.7792	0.99171	1.2231	444.99	0.67523	36.666	0.060498	supercritical
810.00	15.000	95.903	0.010427	866.33	1022.7	2.7817	0.99229	1.2235	445.44	0.67075	36.716	0.060615	supercritical
811.67	15.000	95.691	0.010450	868.02	1024.8	2.7842	0.99288	1.2238	445.90	0.66629	36.765	0.060731	supercritical
813.33	15.000	95.479	0.010473	869.71	1026.8	2.7867	0.99346	1.2242	446.35	0.66185	36.815	0.060847	supercritical
815.00	15.000	95.269	0.010497	871.41	1028.9	2.7893	0.99404	1.2246	446.80	0.65745	36.865	0.060963	supercritical
816.67	15.000	95.060	0.010520	873.10	1030.9	2.7918	0.99462	1.2249	447.25	0.65307	36.914	0.061079	supercritical
818.33	15.000	94.852	0.010543	874.80	1032.9	2.7943	0.99520	1.2253	447.70	0.64871	36.964	0.061196	supercritical
820.00	15.000	94.644	0.010566	876.49	1035.0	2.7967	0.99578	1.2256	448.15	0.64438	37.014	0.061312	supercritical
821.67	15.000	94.438	0.010589	878.19	1037.0	2.7992	0.99635	1.2260	448.60	0.64008	37.063	0.061428	supercritical
823.33	15.000	94.233	0.010612	879.89	1039.1	2.8017	0.99693	1.2264	449.05	0.63580	37.113	0.061544	supercritical
825.00	15.000	94.029	0.010635	881.59	1041.1	2.8042	0.99750	1.2267	449.50	0.63154	37.162	0.061660	supercritical
826.67	15.000	93.825	0.010658	883.29	1043.2	2.8067	0.99807	1.2271	449.95	0.62731	37.212	0.061776	supercritical
828.33	15.000	93.623	0.010681	884.99	1045.2	2.8091	0.99864	1.2274	450.39	0.62310	37.261	0.061892	supercritical
830.00	15.000	93.422	0.010704	886.69	1047.2	2.8116	0.99921	1.2278	450.84	0.61892	37.310	0.062007	supercritical
831.67	15.000	93.221	0.010727	888.39	1049.3	2.8141	0.99978	1.2282	451.28	0.61476	37.360	0.062123	supercritical
833.33	15.000	93.022	0.010750	890.09	1051.3	2.8165	1.0003	1.2285	451.73	0.61063	37.409	0.062239	supercritical
835.00	15.000	92.823	0.010773	891.79	1053.4	2.8190	1.0009	1.2289	452.17	0.60652	37.459	0.062355	supercritical
836.67	15.000	92.625	0.010796	893.50	1055.4	2.8214	1.0015	1.2293	452.62	0.60243	37.508	0.062471	supercritical
838.33	15.000	92.429	0.010819	895.20	1057.5	2.8239	1.0020	1.2296	453.06	0.59837	37.557	0.062586	supercritical
840.00	15.000	92.233	0.010842	896.91	1059.5	2.8263	1.0026	1.2300	453.50	0.59432	37.606	0.062702	supercritical
841.67	15.000	92.038	0.010865	898.61	1061.6	2.8288	1.0031	1.2303	453.94	0.59031	37.655	0.062818	supercritical
843.33	15.000	91.844	0.010888	900.32	1063.6	2.8312	1.0037	1.2307	454.38	0.58631	37.705	0.062933	supercritical
845.00	15.000	91.651	0.010911	902.03	1065.7	2.8336	1.0043	1.2311	454.82	0.58234	37.754	0.063049	supercritical
846.67	15.000	91.459	0.010934	903.73	1067.7	2.8361	1.0048	1.2314	455.26	0.57838	37.803	0.063164	supercritical
848.33	15.000	91.267	0.010957	905.44	1069.8	2.8385	1.0054	1.2318	455.70	0.57445	37.852	0.063280	supercritical
850.00	15.000	91.077	0.010980	907.15	1071.8	2.8409	1.0059	1.2322	456.14	0.57055	37.901	0.063395	supercritical
851.67	15.000	90.887	0.011003	908.86	1073.9	2.8433	1.0065	1.2325	456.58	0.56666	37.950	0.063511	supercritical
853.33	15.000	90.699	0.011026	910.57	1076.0	2.8457	1.0070	1.2329	457.02	0.56280	37.999	0.063626	supercritical
855.00	15.000	90.511	0.011048	912.29	1078.0	2.8481	1.0076	1.2333	457.45	0.55895	38.048	0.063742	supercritical
856.67	15.000	90.324	0.011071	914.00	1080.1	2.8505	1.0081	1.2336	457.89	0.55513	38.097	0.063857	supercritical
858.33	15.000	90.138	0.011094	915.71	1082.1	2.8529	1.0087	1.2340	458.32	0.55133	38.146	0.063972	supercritical
860.00	15.000	89.952	0.011117	917.43	1084.2	2.8553	1.0092	1.2344	458.76	0.54755	38.194	0.064087	supercritical
861.67	15.000	89.768	0.011140	919.14	1086.2	2.8577	1.0097	1.2347	459.19	0.54379	38.243	0.064203	supercritical
863.33	15.000	89.584	0.011163	920.86	1088.3	2.8601	1.0103	1.2351	459.62	0.54005	38.292	0.064318	supercritical
865.00	15.000	89.401	0.011186	922.57	1090.4	2.8625	1.0108	1.2354	460.06	0.53633	38.341	0.064433	supercritical
866.67	15.000	89.219	0.011208	924.29	1092.4	2.8649	1.0114	1.2358	460.49	0.53264	38.389	0.064548	supercritical
868.33	15.000	89.038	0.011231	926.01	1094.5	2.8672	1.0119	1.2362	460.92	0.52896	38.438	0.064663	supercritical
870.00	15.000	88.857	0.011254	927.73	1096.5	2.8696	1.0124	1.2365	461.35	0.52530	38.487	0.064778	supercritical
871.67	15.000	88.678	0.011277	929.45	1098.6	2.8720	1.0130	1.2369	461.78	0.52166	38.535	0.064893	supercritical
873.33	15.000	88.499	0.011300	931.17	1100.7	2.8743	1.0135	1.2373	462.21	0.51804	38.584	0.065008	supercritical
875.00	15.000	88.321	0.011322	932.89	1102.7	2.8767	1.0140	1.2376	462.64	0.51444	38.633	0.065123	supercritical
876.67	15.000	88.144	0.011345	934.61	1104.8	2.8791	1.0146	1.2380	463.07	0.51086	38.681	0.065238	supercritical
878.33	15.000	87.967	0.011368	936.33	1106.8	2.8814	1.0151	1.2383	463.50	0.50730	38.730	0.065352	supercritical
880.00	15.000	87.791	0.011391	938.05	1108.9	2.8838	1.0156	1.2387	463.93	0.50376	38.778	0.065467	supercritical
881.67	15.000	87.616	0.011413	939.78	1111.0	2.8861	1.0161	1.2391	464.35	0.50024	38.827	0.065582	supercritical
883.33	15.000	87.442	0.011436	941.50	1113.0	2.8884	1.0167	1.2394	464.78	0.49673	38.875	0.065696	supercritical
885.00	15.000	87.269	0.011459	943.22	1115.1	2.8908	1.0172	1.2398	465.21	0.49325	38.923	0.065811	supercritical
886.67	15.000	87.096	0.011482	944.95	1117.2	2.8931	1.0177	1.2402	465.63	0.48978	38.972	0.065926	supercritical
888.33	15.000	86.924	0.011504	946.68	1119.2	2.8954	1.0182	1.2405	466.06	0.48633	39.020	0.066040	supercritical
890.00	15.000	86.753	0.011527	948.40	1121.3	2.8978	1.0187	1.2409	466.48	0.48290	39.068	0.066155	supercritical
891.67	15.000	86.582	0.011550	950.13	1123.4	2.9001	1.0193	1.2412	466.90	0.47949	39.116	0.066269	supercritical
893.33	15.000	86.412	0.011572	951.86	1125.4	2.9024	1.0198	1.2416	467.33	0.47609	39.165	0.066383	supercritical
895.00	15.000	86.243	0.011595	953.59	1127.5	2.9047	1.0203	1.2420	467.75	0.47272	39.213	0.066498	supercritical
896.67	15.000	86.075	0.011618	955.32	1129.6	2.9070	1.0208	1.2423	468.17	0.46936	39.261	0.066612	supercritical
898.33	15.000	85.907	0.011640	957.05	1131.7	2.9093	1.0213	1.2427	468.59	0.46602	39.309	0.066726	supercritical
900.00	15.000	85.740	0.011663	958.78	1133.7	2.9116	1.0218	1.2430	469.01	0.46269	39.357	0.066840	supercritical
901.67	15.000	85.574	0.011686	960.51	1135.8	2.9139	1.0223	1.2434	469.43	0.45938	39.405	0.066955	supercritical
903.33	15.000	85.408	0.011708	962.25	1137.9	2.9162	1.0228	1.2438	469.85	0.45609	39.453	0.067069	supercritical
905.00	15.000	85.243	0.011731	963.98	1139.9	2.9185	1.0233	1.2441	470.27	0.45282	39.501	0.067183	supercritical
906.67	15.000	85.079	0.011754	965.71	1142.0	2.9208	1.0239	1.2445	470.69	0.44956	39.549	0.067297	supercritical
908.33	15.000	84.916	0.011776	967.45	1144.1	2.9231	1.0244	1.2448	471.11	0.44632	39.597	0.067411	supercritical
910.00	15.000	84.753	0.011799	969.19	1146.2	2.9254	1.0249	1.2452	471.53	0.44310	39.645	0.067525	supercritical
911.67	15.000	84.591	0.011822	970.92	1148.2	2.9277	1.0254	1.2456	471.94	0.43989	39.693	0.067638	supercritical
913.33	15.000	84.429	0.011844	972.66	1150.3	2.9299	1.0259	1.2459	472.36	0.43670	39.741	0.067752	supercritical
915.00	15.000	84.268	0.011867	974.40	1152.4	2.9322	1.0264	1.2463	472.78	0.43353	39.789	0.067866	supercritical
916.67	15.000	84.108	0.011889	976.14	1154.5	2.9345	1.0269	1.2466	473.19	0.43037	39.836	0.067980	supercritical
918.33	15.000	83.949	0.011912	977.87	1156.6	2.9367	1.0274	1.2470	473.61	0.42723	39.884	0.068093	supercritical
920.00	15.000	83.790	0.011935	979.61	1158.6	2.9390	1.0278	1.2473	474.02	0.42410	39.932	0.068207	supercritical
921.67	15.000	83.632	0.011957	981.35	1160.7	2.9413	1.0283	1.2477	474.44	0.42099	39.980	0.068321	supercritical
923.33	15.000	83.474	0.011980	983.10	1162.8	2.9435	1.0288	1.2481	474.85	0.41790	40.027	0.068434	supercritical
925.00	15.000	83.317	0.012002	984.84	1164.9	2.9458	1.0293	1.2484	475.26	0.41482	40.075	0.068548	supercritical
926.67	15.000	83.161	0.012025	986.58	1167.0	2.9480	1.0298	1.2488	475.68	0.41175	40.123	0.068661	supercritical
928.33	15.000	83.005	0.012047	988.32	1169.0	2.9503	1.0303	1.2491	476.09	0.40870	40.170	0.068774	supercritical
930.00	15.000	82.850	0.012070	990.07	1171.1	2.9525	1.0308	1.2495	476.50	0.40567	40.218	0.068888	supercritical
931.67	15.000	82.696	0.012092	991.81	1173.2	2.9547	1.0313	1.2498	476.91	0.40265	40.265	0.069001	supercritical
933.33	15.000	82.542	0.012115	993.56	1175.3	2.9570	1.0318	1.2502	477.32	0.39965	40.313	0.069114	supercritical
935.00	15.000	82.389	0.012138	995.30	1177.4	2.9592	1.0322	1.2505	477.73	0.39666	40.360	0.069227	supercritical
936.67	15.000	82.236	0.012160	997.05	1179.5	2.9614	1.0327	1.2509	478.14	0.39369	40.408	0.069340	supercritical
938.33	15.000	82.084	0.012183	998.80	1181.5	2.9637	1.0332	1.2512	478.55	0.39073	40.455	0.069454	supercritical
940.00	15.000	81.933	0.012205	1000.5	1183.6	2.9659	1.0337	1.2516	478.96	0.38778	40.502	0.069567	supercritical
941.67	15.000	81.782	0.012228	1002.3	1185.7	2.9681	1.0342	1.2519	479.37	0.38485	40.550	0.069680	supercritical
943.33	15.000	81.632	0.012250	1004.0	1187.8	2.9703	1.0346	1.2523	479.78	0.38194	40.597	0.069792	supercritical
945.00	15.000	81.483	0.012273	1005.8	1189.9	2.9725	1.0351	1.2526	480.18	0.37904	40.644	0.069905	supercritical
946.67	15.000	81.334	0.012295	1007.5	1192.0	2.9747	1.0356	1.2530	480.59	0.37615	40.691	0.070018	supercritical
948.33	15.000	81.185	0.012318	1009.3	1194.1	2.9769	1.0361	1.2533	481.00	0.37328	40.739	0.070131	supercritical
950.00	15.000	81.037	0.012340	1011.0	1196.1	2.9791	1.0365	1.2537	481.40	0.37042	40.786	0.070244	supercritical
951.67	15.000	80.890	0.012362	1012.8	1198.2	2.9813	1.0370	1.2540	481.81	0.36757	40.833	0.070356	supercritical
953.33	15.000	80.744	0.012385	1014.6	1200.3	2.9835	1.0375	1.2544	482.21	0.36474	40.880	0.070469	supercritical
955.00	15.000	80.597	0.012407	1016.3	1202.4	2.9857	1.0379	1.2547	482.62	0.36192	40.927	0.070581	supercritical
956.67	15.000	80.452	0.012430	1018.1	1204.5	2.9879	1.0384	1.2551	483.02	0.35912	40.974	0.070694	supercritical
958.33	15.000	80.307	0.012452	1019.8	1206.6	2.9901	1.0389	1.2554	483.42	0.35633	41.021	0.070806	supercritical
960.00	15.000	80.163	0.012475	1021.6	1208.7	2.9923	1.0393	1.2558	483.83	0.35355	41.068	0.070919	supercritical
961.67	15.000	80.019	0.012497	1023.3	1210.8	2.9945	1.0398	1.2561	484.23	0.35078	41.115	0.071031	supercritical
963.33	15.000	79.875	0.012519	1025.1	1212.9	2.9966	1.0402	1.2564	484.63	0.34803	41.162	0.071143	supercritical
965.00	15.000	79.733	0.012542	1026.8	1215.0	2.9988	1.0407	1.2568	485.03	0.34529	41.209	0.071256	supercritical
966.67	15.000	79.591	0.012564	1028.6	1217.1	3.0010	1.0412	1.2571	485.43	0.34257	41.256	0.071368	supercritical
968.33	15.000	79.449	0.012587	1030.4	1219.2	3.0031	1.0416	1.2575	485.84	0.33986	41.303	0.071480	supercritical
970.00	15.000	79.308	0.012609	1032.1	1221.3	3.0053	1.0421	1.2578	486.24	0.33716	41.350	0.071592	supercritical
971.67	15.000	79.167	0.012632	1033.9	1223.4	3.0075	1.0425	1.2582	486.64	0.33447	41.397	0.071704	supercritical
973.33	15.000	79.027	0.012654	1035.6	1225.5	3.0096	1.0430	1.2585	487.04	0.33180	41.443	0.071816	supercritical
975.00	15.000	78.888	0.012676	1037.4	1227.6	3.0118	1.0434	1.2588	487.43	0.32914	41.490	0.071928	supercritical
976.67	15.000	78.749	0.012699	1039.2	1229.7	3.0139	1.0439	1.2592	487.83	0.32649	41.537	0.072040	supercritical
978.33	15.000	78.610	0.012721	1040.9	1231.8	3.0161	1.0443	1.2595	488.23	0.32385	41.584	0.072151	supercritical
980.00	15.000	78.472	0.012743	1042.7	1233.9	3.0182	1.0448	1.2599	488.63	0.32123	41.630	0.072263	supercritical
981.67	15.000	78.335	0.012766	1044.5	1236.0	3.0204	1.0452	1.2602	489.03	0.31861	41.677	0.072375	supercritical
983.33	15.000	78.198	0.012788	1046.2	1238.1	3.0225	1.0457	1.2605	489.42	0.31601	41.723	0.072487	supercritical
985.00	15.000	78.061	0.012810	1048.0	1240.2	3.0246	1.0461	1.2609	489.82	0.31343	41.770	0.072598	supercritical
986.67	15.000	77.925	0.012833	1049.8	1242.3	3.0268	1.0466	1.2612	490.22	0.31085	41.817	0.072710	supercritical
988.33	15.000	77.790	0.012855	1051.5	1244.4	3.0289	1.0470	1.2616	490.61	0.30829	41.863	0.072821	supercritical
990.00	15.000	77.655	0.012877	1053.3	1246.5	3.0310	1.0475	1.2619	491.01	0.30573	41.910	0.072933	supercritical
991.67	15.000	77.521	0.012900	1055.1	1248.6	3.0331	1.0479	1.2622	491.40	0.30319	41.956	0.073044	supercritical
993.33	15.000	77.387	0.012922	1056.8	1250.7	3.0353	1.0483	1.2626	491.79	0.30066	42.002	0.073155	supercritical
995.00	15.000	77.253	0.012944	1058.6	1252.8	3.0374	1.0488	1.2629	492.19	0.29815	42.049	0.073266	supercritical
996.67	15.000	77.121	0.012967	1060.4	1254.9	3.0395	1.0492	1.2632	492.58	0.29564	42.095	0.073378	supercritical
998.33	15.000	76.988	0.012989	1062.1	1257.0	3.0416	1.0496	1.2636	492.97	0.29315	42.142	0.073489	supercritical
1000.0	15.000	76.856	0.013011	1063.9	1259.1	3.0437	1.0501	1.2639	493.37	0.29066	42.188	0.073600	supercritical
1001.7	15.000	76.725	0.013034	1065.7	1261.2	3.0458	1.0505	1.2642	493.76	0.28819	42.234	0.073711	supercritical
1003.3	15.000	76.594	0.013056	1067.5	1263.3	3.0479	1.0509	1.2646	494.15	0.28573	42.280	0.073822	supercritical
1005.0	15.000	76.463	0.013078	1069.2	1265.4	3.0500	1.0514	1.2649	494.54	0.28328	42.327	0.073933	supercritical
1006.7	15.000	76.333	0.013100	1071.0	1267.5	3.0521	1.0518	1.2652	494.93	0.28084	42.373	0.074044	supercritical
1008.3	15.000	76.204	0.013123	1072.8	1269.6	3.0542	1.0522	1.2655	495.32	0.27842	42.419	0.074154	supercritical
1010.0	15.000	76.074	0.013145	1074.6	1271.7	3.0563	1.0527	1.2659	495.71	0.27600	42.465	0.074265	supercritical
1011.7	15.000	75.946	0.013167	1076.3	1273.8	3.0584	1.0531	1.2662	496.10	0.27359	42.511	0.074376	supercritical
1013.3	15.000	75.818	0.013190	1078.1	1276.0	3.0605	1.0535	1.2665	496.49	0.27120	42.557	0.074487	supercritical
1015.0	15.000	75.690	0.013212	1079.9	1278.1	3.0625	1.0539	1.2669	496.88	0.26882	42.603	0.074597	supercritical
1016.7	15.000	75.563	0.013234	1081.7	1280.2	3.0646	1.0544	1.2672	497.27	0.26644	42.649	0.074708	supercritical
1018.3	15.000	75.436	0.013256	1083.5	1282.3	3.0667	1.0548	1.2675	497.66	0.26408	42.695	0.074818	supercritical
1020.0	15.000	75.310	0.013279	1085.2	1284.4	3.0688	1.0552	1.2678	498.05	0.26173	42.741	0.074929	supercritical
1021.7	15.000	75.184	0.013301	1087.0	1286.5	3.0708	1.0556	1.2682	498.43	0.25938	42.787	0.075039	supercritical
1023.3	15.000	75.058	0.013323	1088.8	1288.6	3.0729	1.0560	1.2685	498.82	0.25705	42.833	0.075149	supercritical
1025.0	15.000	74.933	0.013345	1090.6	1290.7	3.0750	1.0565	1.2688	499.21	0.25473	42.879	0.075259	supercritical
1026.7	15.000	74.809	0.013367	1092.4	1292.9	3.0770	1.0569	1.2691	499.59	0.25242	42.925	0.075370	supercritical
1028.3	15.000	74.684	0.013390	1094.1	1295.0	3.0791	1.0573	1.2695	499.98	0.25012	42.971	0.075480	supercritical
1030.0	15.000	74.561	0.013412	1095.9	1297.1	3.0811	1.0577	1.2698	500.36	0.24783	43.017	0.075590	supercritical
1031.7	15.000	74.437	0.013434	1097.7	1299.2	3.0832	1.0581	1.2701	500.75	0.24555	43.063	0.075700	supercritical
1033.3	15.000	74.315	0.013456	1099.5	1301.3	3.0853	1.0585	1.2704	501.13	0.24328	43.108	0.075810	supercritical
1035.0	15.000	74.192	0.013479	1101.3	1303.4	3.0873	1.0589	1.2707	501.52	0.24102	43.154	0.075920	supercritical
1036.7	15.000	74.070	0.013501	1103.1	1305.6	3.0893	1.0593	1.2711	501.90	0.23876	43.200	0.076030	supercritical
1038.3	15.000	73.949	0.013523	1104.8	1307.7	3.0914	1.0598	1.2714	502.28	0.23652	43.245	0.076139	supercritical
1040.0	15.000	73.828	0.013545	1106.6	1309.8	3.0934	1.0602	1.2717	502.67	0.23429	43.291	0.076249	supercritical
1041.7	15.000	73.707	0.013567	1108.4	1311.9	3.0955	1.0606	1.2720	503.05	0.23207	43.337	0.076359	supercritical
1043.3	15.000	73.587	0.013589	1110.2	1314.0	3.0975	1.0610	1.2723	503.43	0.22986	43.382	0.076468	supercritical
1045.0	15.000	73.467	0.013612	1112.0	1316.2	3.0995	1.0614	1.2727	503.81	0.22765	43.428	0.076578	supercritical
1046.7	15.000	73.347	0.013634	1113.8	1318.3	3.1016	1.0618	1.2730	504.19	0.22546	43.473	0.076687	supercritical
1048.3	15.000	73.228	0.013656	1115.6	1320.4	3.1036	1.0622	1.2733	504.58	0.22328	43.519	0.076797	supercritical
1050.0	15.000	73.110	0.013678	1117.4	1322.5	3.1056	1.0626	1.2736	504.96	0.22110	43.564	0.076906	supercritical
1051.7	15.000	72.991	0.013700	1119.1	1324.7	3.1076	1.0630	1.2739	505.34	0.21894	43.610	0.077016	supercritical
1053.3	15.000	72.873	0.013722	1120.9	1326.8	3.1096	1.0634	1.2742	505.72	0.21678	43.655	0.077125	supercritical
1055.0	15.000	72.756	0.013745	1122.7	1328.9	3.1117	1.0638	1.2745	506.10	0.21463	43.701	0.077234	supercritical
1056.7	15.000	72.639	0.013767	1124.5	1331.0	3.1137	1.0642	1.2749	506.48	0.21249	43.746	0.077343	supercritical
1058.3	15.000	72.522	0.013789	1126.3	1333.1	3.1157	1.0646	1.2752	506.85	0.21037	43.791	0.077452	supercritical
1060.0	15.000	72.406	0.013811	1128.1	1335.3	3.1177	1.0650	1.2755	507.23	0.20825	43.837	0.077561	supercritical
1061.7	15.000	72.290	0.013833	1129.9	1337.4	3.1197	1.0653	1.2758	507.61	0.20613	43.882	0.077670	supercritical
1063.3	15.000	72.175	0.013855	1131.7	1339.5	3.1217	1.0657	1.2761	507.99	0.20403	43.927	0.077779	supercritical
1065.0	15.000	72.060	0.013877	1133.5	1341.7	3.1237	1.0661	1.2764	508.37	0.20194	43.973	0.077888	supercritical
1066.7	15.000	71.945	0.013899	1135.3	1343.8	3.1257	1.0665	1.2767	508.74	0.19985	44.018	0.077997	supercritical
1068.3	15.000	71.831	0.013922	1137.1	1345.9	3.1277	1.0669	1.2770	509.12	0.19778	44.063	0.078106	supercritical
1070.0	15.000	71.717	0.013944	1138.9	1348.0	3.1297	1.0673	1.2773	509.50	0.19571	44.108	0.078214	supercritical
1071.7	15.000	71.603	0.013966	1140.7	1350.2	3.1317	1.0677	1.2776	509.87	0.19365	44.153	0.078323	supercritical
1073.3	15.000	71.490	0.013988	1142.5	1352.3	3.1336	1.0681	1.2780	510.25	0.19160	44.198	0.078432	supercritical
1075.0	15.000	71.378	0.014010	1144.3	1354.4	3.1356	1.0685	1.2783	510.62	0.18956	44.244	0.078540	supercritical
1076.7	15.000	71.265	0.014032	1146.1	1356.6	3.1376	1.0688	1.2786	511.00	0.18753	44.289	0.078649	supercritical
1078.3	15.000	71.153	0.014054	1147.9	1358.7	3.1396	1.0692	1.2789	511.37	0.18550	44.334	0.078757	supercritical
1080.0	15.000	71.042	0.014076	1149.7	1360.8	3.1416	1.0696	1.2792	511.75	0.18349	44.379	0.078865	supercritical
1081.7	15.000	70.930	0.014098	1151.5	1363.0	3.1435	1.0700	1.2795	512.12	0.18148	44.424	0.078974	supercritical
1083.3	15.000	70.819	0.014120	1153.3	1365.1	3.1455	1.0704	1.2798	512.49	0.17948	44.469	0.079082	supercritical
1085.0	15.000	70.709	0.014143	1155.1	1367.2	3.1475	1.0707	1.2801	512.87	0.17749	44.514	0.079190	supercritical
1086.7	15.000	70.599	0.014165	1156.9	1369.4	3.1494	1.0711	1.2804	513.24	0.17551	44.558	0.079298	supercritical
1088.3	15.000	70.489	0.014187	1158.7	1371.5	3.1514	1.0715	1.2807	513.61	0.17353	44.603	0.079406	supercritical
1090.0	15.000	70.379	0.014209	1160.5	1373.6	3.1534	1.0719	1.2810	513.98	0.17156	44.648	0.079514	supercritical
1091.7	15.000	70.270	0.014231	1162.3	1375.8	3.1553	1.0722	1.2813	514.36	0.16961	44.693	0.079622	supercritical
1093.3	15.000	70.161	0.014253	1164.1	1377.9	3.1573	1.0726	1.2816	514.73	0.16765	44.738	0.079730	supercritical
1095.0	15.000	70.053	0.014275	1165.9	1380.0	3.1592	1.0730	1.2819	515.10	0.16571	44.783	0.079838	supercritical
1096.7	15.000	69.945	0.014297	1167.7	1382.2	3.1612	1.0734	1.2822	515.47	0.16378	44.827	0.079946	supercritical
1098.3	15.000	69.837	0.014319	1169.5	1384.3	3.1631	1.0737	1.2825	515.84	0.16185	44.872	0.080053	supercritical
1100.0	15.000	69.730	0.014341	1171.3	1386.4	3.1651	1.0741	1.2828	516.21	0.15993	44.917	0.080161	supercritical
1101.7	15.000	69.623	0.014363	1173.1	1388.6	3.1670	1.0745	1.2831	516.58	0.15802	44.961	0.080269	supercritical
1103.3	15.000	69.516	0.014385	1174.9	1390.7	3.1689	1.0748	1.2834	516.95	0.15611	45.006	0.080376	supercritical
1105.0	15.000	69.410	0.014407	1176.8	1392.9	3.1709	1.0752	1.2837	517.32	0.15422	45.051	0.080484	supercritical
1106.7	15.000	69.304	0.014429	1178.6	1395.0	3.1728	1.0756	1.2840	517.69	0.15233	45.095	0.080591	supercritical
1108.3	15.000	69.199	0.014451	1180.4	1397.1	3.1748	1.0759	1.2843	518.05	0.15045	45.140	0.080698	supercritical
1110.0	15.000	69.093	0.014473	1182.2	1399.3	3.1767	1.0763	1.2845	518.42	0.14857	45.184	0.080806	supercritical
1111.7	15.000	68.988	0.014495	1184.0	1401.4	3.1786	1.0766	1.2848	518.79	0.14671	45.229	0.080913	supercritical
1113.3	15.000	68.884	0.014517	1185.8	1403.6	3.1805	1.0770	1.2851	519.16	0.14485	45.273	0.081020	supercritical
1115.0	15.000	68.779	0.014539	1187.6	1405.7	3.1825	1.0774	1.2854	519.52	0.14299	45.318	0.081127	supercritical
1116.7	15.000	68.675	0.014561	1189.4	1407.8	3.1844	1.0777	1.2857	519.89	0.14115	45.362	0.081234	supercritical
1118.3	15.000	68.572	0.014583	1191.2	1410.0	3.1863	1.0781	1.2860	520.26	0.13931	45.407	0.081341	supercritical
1120.0	15.000	68.469	0.014605	1193.1	1412.1	3.1882	1.0784	1.2863	520.62	0.13748	45.451	0.081448	supercritical
1121.7	15.000	68.366	0.014627	1194.9	1414.3	3.1901	1.0788	1.2866	520.99	0.13566	45.496	0.081555	supercritical
1123.3	15.000	68.263	0.014649	1196.7	1416.4	3.1920	1.0792	1.2869	521.36	0.13384	45.540	0.081662	supercritical
1125.0	15.000	68.161	0.014671	1198.5	1418.6	3.1939	1.0795	1.2872	521.72	0.13204	45.584	0.081769	supercritical
1126.7	15.000	68.059	0.014693	1200.3	1420.7	3.1959	1.0799	1.2874	522.09	0.13023	45.629	0.081875	supercritical
1128.3	15.000	67.957	0.014715	1202.1	1422.9	3.1978	1.0802	1.2877	522.45	0.12844	45.673	0.081982	supercritical
1130.0	15.000	67.856	0.014737	1203.9	1425.0	3.1997	1.0806	1.2880	522.81	0.12665	45.717	0.082089	supercritical
1131.7	15.000	67.755	0.014759	1205.8	1427.2	3.2016	1.0809	1.2883	523.18	0.12487	45.761	0.082195	supercritical
1133.3	15.000	67.654	0.014781	1207.6	1429.3	3.2034	1.0813	1.2886	523.54	0.12310	45.806	0.082302	supercritical
1135.0	15.000	67.554	0.014803	1209.4	1431.4	3.2053	1.0816	1.2889	523.90	0.12133	45.850	0.082408	supercritical
1136.7	15.000	67.453	0.014825	1211.2	1433.6	3.2072	1.0820	1.2891	524.27	0.11957	45.894	0.082514	supercritical
1138.3	15.000	67.354	0.014847	1213.0	1435.7	3.2091	1.0823	1.2894	524.63	0.11782	45.938	0.082621	supercritical
1140.0	15.000	67.254	0.014869	1214.9	1437.9	3.2110	1.0827	1.2897	524.99	0.11607	45.982	0.082727	supercritical
1141.7	15.000	67.155	0.014891	1216.7	1440.0	3.2129	1.0830	1.2900	525.35	0.11433	46.026	0.082833	supercritical
1143.3	15.000	67.056	0.014913	1218.5	1442.2	3.2148	1.0833	1.2903	525.72	0.11260	46.070	0.082939	supercritical
1145.0	15.000	66.958	0.014935	1220.3	1444.3	3.2167	1.0837	1.2906	526.08	0.11088	46.114	0.083045	supercritical
1146.7	15.000	66.859	0.014957	1222.1	1446.5	3.2185	1.0840	1.2908	526.44	0.10916	46.158	0.083151	supercritical
1148.3	15.000	66.761	0.014979	1224.0	1448.6	3.2204	1.0844	1.2911	526.80	0.10744	46.202	0.083257	supercritical
1150.0	15.000	66.664	0.015001	1225.8	1450.8	3.2223	1.0847	1.2914	527.16	0.10574	46.246	0.083363	supercritical
1151.7	15.000	66.566	0.015023	1227.6	1453.0	3.2242	1.0850	1.2917	527.52	0.10404	46.290	0.083469	supercritical
1153.3	15.000	66.469	0.015045	1229.4	1455.1	3.2260	1.0854	1.2919	527.88	0.10234	46.334	0.083575	supercritical
1155.0	15.000	66.373	0.015066	1231.3	1457.3	3.2279	1.0857	1.2922	528.24	0.10066	46.378	0.083681	supercritical
1156.7	15.000	66.276	0.015088	1233.1	1459.4	3.2297	1.0861	1.2925	528.60	0.098976	46.422	0.083786	supercritical
1158.3	15.000	66.180	0.015110	1234.9	1461.6	3.2316	1.0864	1.2928	528.96	0.097302	46.466	0.083892	supercritical
1160.0	15.000	66.084	0.015132	1236.7	1463.7	3.2335	1.0867	1.2931	529.31	0.095634	46.509	0.083997	supercritical
1161.7	15.000	65.989	0.015154	1238.6	1465.9	3.2353	1.0871	1.2933	529.67	0.093973	46.553	0.084103	supercritical
1163.3	15.000	65.893	0.015176	1240.4	1468.0	3.2372	1.0874	1.2936	530.03	0.092317	46.597	0.084208	supercritical
1165.0	15.000	65.798	0.015198	1242.2	1470.2	3.2390	1.0877	1.2939	530.39	0.090668	46.641	0.084314	supercritical
1166.7	15.000	65.704	0.015220	1244.0	1472.3	3.2409	1.0881	1.2941	530.75	0.089025	46.684	0.084419	supercritical
1168.3	15.000	65.609	0.015242	1245.9	1474.5	3.2427	1.0884	1.2944	531.10	0.087388	46.728	0.084524	supercritical
1170.0	15.000	65.515	0.015264	1247.7	1476.7	3.2446	1.0887	1.2947	531.46	0.085757	46.772	0.084630	supercritical
1171.7	15.000	65.421	0.015286	1249.5	1478.8	3.2464	1.0890	1.2950	531.82	0.084133	46.815	0.084735	supercritical
1173.3	15.000	65.328	0.015307	1251.4	1481.0	3.2483	1.0894	1.2952	532.17	0.082514	46.859	0.084840	supercritical
1175.0	15.000	65.234	0.015329	1253.2	1483.1	3.2501	1.0897	1.2955	532.53	0.080901	46.903	0.084945	supercritical
1176.7	15.000	65.141	0.015351	1255.0	1485.3	3.2519	1.0900	1.2958	532.88	0.079295	46.946	0.085050	supercritical
1178.3	15.000	65.048	0.015373	1256.9	1487.5	3.2538	1.0904	1.2960	533.24	0.077694	46.990	0.085155	supercritical
1180.0	15.000	64.956	0.015395	1258.7	1489.6	3.2556	1.0907	1.2963	533.59	0.076099	47.033	0.085260	supercritical
1181.7	15.000	64.864	0.015417	1260.5	1491.8	3.2574	1.0910	1.2966	533.95	0.074510	47.077	0.085364	supercritical
1183.3	15.000	64.772	0.015439	1262.4	1493.9	3.2593	1.0913	1.2968	534.30	0.072927	47.120	0.085469	supercritical
1185.0	15.000	64.680	0.015461	1264.2	1496.1	3.2611	1.0916	1.2971	534.66	0.071350	47.164	0.085574	supercritical
1186.7	15.000	64.589	0.015483	1266.0	1498.3	3.2629	1.0920	1.2974	535.01	0.069778	47.207	0.085678	supercritical
1188.3	15.000	64.498	0.015504	1267.9	1500.4	3.2647	1.0923	1.2976	535.36	0.068212	47.251	0.085783	supercritical
1190.0	15.000	64.407	0.015526	1269.7	1502.6	3.2665	1.0926	1.2979	535.72	0.066652	47.294	0.085887	supercritical
1191.7	15.000	64.316	0.015548	1271.5	1504.7	3.2684	1.0929	1.2982	536.07	0.065098	47.337	0.085992	supercritical
1193.3	15.000	64.226	0.015570	1273.4	1506.9	3.2702	1.0932	1.2984	536.42	0.063549	47.381	0.086096	supercritical
1195.0	15.000	64.136	0.015592	1275.2	1509.1	3.2720	1.0936	1.2987	536.78	0.062006	47.424	0.086201	supercritical
1196.7	15.000	64.046	0.015614	1277.0	1511.2	3.2738	1.0939	1.2989	537.13	0.060469	47.467	0.086305	supercritical
1198.3	15.000	63.957	0.015636	1278.9	1513.4	3.2756	1.0942	1.2992	537.48	0.058937	47.511	0.086409	supercritical
1200.0	15.000	63.867	0.015657	1280.7	1515.6	3.2774	1.0945	1.2995	537.83	0.057410	47.554	0.086513	supercritical
1201.7	15.000	63.778	0.015679	1282.5	1517.7	3.2792	1.0948	1.2997	538.18	0.055890	47.597	0.086617	supercritical
1203.3	15.000	63.690	0.015701	1284.4	1519.9	3.2810	1.0951	1.3000	538.53	0.054374	47.640	0.086721	supercritical
1205.0	15.000	63.601	0.015723	1286.2	1522.1	3.2828	1.0954	1.3002	538.88	0.052864	47.684	0.086825	supercritical
1206.7	15.000	63.513	0.015745	1288.1	1524.2	3.2846	1.0957	1.3005	539.24	0.051360	47.727	0.086929	supercritical
1208.3	15.000	63.425	0.015767	1289.9	1526.4	3.2864	1.0961	1.3008	539.59	0.049861	47.770	0.087033	supercritical
1210.0	15.000	63.337	0.015788	1291.7	1528.6	3.2882	1.0964	1.3010	539.94	0.048367	47.813	0.087137	supercritical
1211.7	15.000	63.250	0.015810	1293.6	1530.7	3.2900	1.0967	1.3013	540.28	0.046878	47.856	0.087241	supercritical
1213.3	15.000	63.163	0.015832	1295.4	1532.9	3.2918	1.0970	1.3015	540.63	0.045395	47.899	0.087344	supercritical
1215.0	15.000	63.076	0.015854	1297.3	1535.1	3.2936	1.0973	1.3018	540.98	0.043917	47.942	0.087448	supercritical
1216.7	15.000	62.989	0.015876	1299.1	1537.3	3.2954	1.0976	1.3020	541.33	0.042445	47.985	0.087552	supercritical
1218.3	15.000	62.902	0.015898	1301.0	1539.4	3.2971	1.0979	1.3023	541.68	0.040977	48.028	0.087655	supercritical
1220.0	15.000	62.816	0.015919	1302.8	1541.6	3.2989	1.0982	1.3026	542.03	0.039515	48.071	0.087759	supercritical
1221.7	15.000	62.730	0.015941	1304.6	1543.8	3.3007	1.0985	1.3028	542.38	0.038058	48.114	0.087862	supercritical
1223.3	15.000	62.645	0.015963	1306.5	1545.9	3.3025	1.0988	1.3031	542.72	0.036606	48.157	0.087965	supercritical
1225.0	15.000	62.559	0.015985	1308.3	1548.1	3.3042	1.0991	1.3033	543.07	0.035160	48.200	0.088069	supercritical
1226.7	15.000	62.474	0.016007	1310.2	1550.3	3.3060	1.0994	1.3036	543.42	0.033718	48.243	0.088172	supercritical
1228.3	15.000	62.389	0.016029	1312.0	1552.5	3.3078	1.0997	1.3038	543.77	0.032281	48.286	0.088275	supercritical
1230.0	15.000	62.304	0.016050	1313.9	1554.6	3.3096	1.1000	1.3041	544.11	0.030850	48.329	0.088378	supercritical
1231.7	15.000	62.220	0.016072	1315.7	1556.8	3.3113	1.1003	1.3043	544.46	0.029423	48.371	0.088481	supercritical
1233.3	15.000	62.135	0.016094	1317.6	1559.0	3.3131	1.1006	1.3046	544.80	0.028002	48.414	0.088584	supercritical
1235.0	15.000	62.051	0.016116	1319.4	1561.1	3.3149	1.1009	1.3048	545.15	0.026585	48.457	0.088687	supercritical
1236.7	15.000	61.967	0.016138	1321.3	1563.3	3.3166	1.1012	1.3051	545.50	0.025173	48.500	0.088790	supercritical
1238.3	15.000	61.884	0.016159	1323.1	1565.5	3.3184	1.1015	1.3053	545.84	0.023766	48.543	0.088893	supercritical
1240.0	15.000	61.801	0.016181	1325.0	1567.7	3.3201	1.1018	1.3056	546.19	0.022364	48.585	0.088996	supercritical
1241.7	15.000	61.717	0.016203	1326.8	1569.8	3.3219	1.1021	1.3058	546.53	0.020967	48.628	0.089098	supercritical
1243.3	15.000	61.635	0.016225	1328.7	1572.0	3.3236	1.1024	1.3060	546.88	0.019575	48.671	0.089201	supercritical
1245.0	15.000	61.552	0.016246	1330.5	1574.2	3.3254	1.1027	1.3063	547.22	0.018188	48.713	0.089304	supercritical
1246.7	15.000	61.470	0.016268	1332.4	1576.4	3.3271	1.1030	1.3065	547.56	0.016805	48.756	0.089406	supercritical
1248.3	15.000	61.387	0.016290	1334.2	1578.6	3.3289	1.1032	1.3068	547.91	0.015427	48.799	0.089509	supercritical
1250.0	15.000	61.305	0.016312	1336.1	1580.7	3.3306	1.1035	1.3070	548.25	0.014054	48.841	0.089611	supercritical
1251.7	15.000	61.224	0.016334	1337.9	1582.9	3.3324	1.1038	1.3073	548.59	0.012685	48.884	0.089713	supercritical
1253.3	15.000	61.142	0.016355	1339.8	1585.1	3.3341	1.1041	1.3075	548.94	0.011322	48.926	0.089816	supercritical
1255.0	15.000	61.061	0.016377	1341.6	1587.3	3.3358	1.1044	1.3078	549.28	0.0099625	48.969	0.089918	supercritical
1256.7	15.000	60.980	0.016399	1343.5	1589.5	3.3376	1.1047	1.3080	549.62	0.0086080	49.011	0.090020	supercritical
1258.3	15.000	60.899	0.016421	1345.3	1591.6	3.3393	1.1050	1.3082	549.96	0.0072582	49.054	0.090122	supercritical
1260.0	15.000	60.818	0.016442	1347.2	1593.8	3.3410	1.1053	1.3085	550.31	0.0059129	49.096	0.090224	supercritical
1261.7	15.000	60.738	0.016464	1349.0	1596.0	3.3428	1.1055	1.3087	550.65	0.0045722	49.139	0.090327	supercritical
1263.3	15.000	60.658	0.016486	1350.9	1598.2	3.3445	1.1058	1.3090	550.99	0.0032360	49.181	0.090428	supercritical
1265.0	15.000	60.578	0.016508	1352.7	1600.4	3.3462	1.1061	1.3092	551.33	0.0019043	49.224	0.090530	supercritical
1266.7	15.000	60.498	0.016529	1354.6	1602.5	3.3479	1.1064	1.3094	551.67	0.00057715	49.266	0.090632	supercritical
1268.3	15.000	60.419	0.016551	1356.5	1604.7	3.3497	1.1067	1.3097	552.01	-0.00074555	49.308	0.090734	supercritical
1270.0	15.000	60.340	0.016573	1358.3	1606.9	3.3514	1.1070	1.3099	552.35	-0.0020638	49.351	0.090836	supercritical
1271.7	15.000	60.260	0.016595	1360.2	1609.1	3.3531	1.1072	1.3101	552.69	-0.0033776	49.393	0.090938	supercritical
1273.3	15.000	60.182	0.016616	1362.0	1611.3	3.3548	1.1075	1.3104	553.03	-0.0046870	49.435	0.091039	supercritical
1275.0	15.000	60.103	0.016638	1363.9	1613.5	3.3565	1.1078	1.3106	553.37	-0.0059920	49.477	0.091141	supercritical
1276.7	15.000	60.025	0.016660	1365.7	1615.6	3.3582	1.1081	1.3108	553.71	-0.0072927	49.520	0.091242	supercritical
1278.3	15.000	59.946	0.016682	1367.6	1617.8	3.3600	1.1084	1.3111	554.05	-0.0085890	49.562	0.091344	supercritical
1280.0	15.000	59.868	0.016703	1369.5	1620.0	3.3617	1.1086	1.3113	554.39	-0.0098810	49.604	0.091445	supercritical
1281.7	15.000	59.791	0.016725	1371.3	1622.2	3.3634	1.1089	1.3115	554.73	-0.011169	49.646	0.091547	supercritical
1283.3	15.000	59.713	0.016747	1373.2	1624.4	3.3651	1.1092	1.3118	555.07	-0.012452	49.688	0.091648	supercritical
1285.0	15.000	59.636	0.016769	1375.0	1626.6	3.3668	1.1095	1.3120	555.41	-0.013731	49.731	0.091749	supercritical
1286.7	15.000	59.558	0.016790	1376.9	1628.8	3.3685	1.1097	1.3122	555.74	-0.015006	49.773	0.091850	supercritical
1288.3	15.000	59.482	0.016812	1378.8	1630.9	3.3702	1.1100	1.3125	556.08	-0.016277	49.815	0.091951	supercritical
1290.0	15.000	59.405	0.016834	1380.6	1633.1	3.3719	1.1103	1.3127	556.42	-0.017543	49.857	0.092052	supercritical
1291.7	15.000	59.328	0.016855	1382.5	1635.3	3.3736	1.1105	1.3129	556.76	-0.018806	49.899	0.092153	supercritical
1293.3	15.000	59.252	0.016877	1384.4	1637.5	3.3753	1.1108	1.3132	557.09	-0.020064	49.941	0.092254	supercritical
1295.0	15.000	59.176	0.016899	1386.2	1639.7	3.3770	1.1111	1.3134	557.43	-0.021318	49.983	0.092355	supercritical
1296.7	15.000	59.100	0.016921	1388.1	1641.9	3.3786	1.1114	1.3136	557.77	-0.022568	50.025	0.092456	supercritical
1298.3	15.000	59.024	0.016942	1389.9	1644.1	3.3803	1.1116	1.3139	558.10	-0.023814	50.067	0.092557	supercritical
1300.0	15.000	58.949	0.016964	1391.8	1646.3	3.3820	1.1119	1.3141	558.44	-0.025055	50.109	0.092658	supercritical