Temperature (K)	Pressure (MPa)	Density (kg/m3)	Volume (m3/kg)	Internal Energy (kJ/kg)	Enthalpy (kJ/kg)	Entropy (J/g*K)	Cv (J/g*K)	Cp (J/g*K)	Sound Spd. (m/s)	Joule-Thomson (K/MPa)	Viscosity (uPa*s)	Therm. Cond. (W/m*K)	Phase
300.00	16.000	874.95	0.0011429	233.19	251.48	1.1313	0.92186	2.2953	532.88	0.44851	86.701	0.10009	liquid
301.67	16.000	865.61	0.0011553	236.84	255.33	1.1441	0.92250	2.3217	521.97	0.48493	84.622	0.098468	liquid
303.33	16.000	856.06	0.0011681	240.53	259.22	1.1570	0.92323	2.3498	511.06	0.52372	82.571	0.096851	liquid
305.00	16.000	846.29	0.0011816	244.26	263.16	1.1699	0.92400	2.3796	500.15	0.56504	80.547	0.095238	supercritical
306.67	16.000	836.28	0.0011958	248.02	267.15	1.1830	0.92481	2.4111	489.25	0.60907	78.546	0.093630	supercritical
308.33	16.000	826.03	0.0012106	251.83	271.20	1.1961	0.92565	2.4444	478.38	0.65602	76.569	0.092026	supercritical
310.00	16.000	815.52	0.0012262	255.68	275.30	1.2094	0.92650	2.4795	467.55	0.70607	74.613	0.090427	supercritical
311.67	16.000	804.74	0.0012426	259.58	279.47	1.2228	0.92740	2.5165	456.77	0.75944	72.678	0.088832	supercritical
313.33	16.000	793.67	0.0012600	263.53	283.69	1.2363	0.92835	2.5555	446.07	0.81637	70.762	0.087244	supercritical
315.00	16.000	782.31	0.0012783	267.53	287.99	1.2500	0.92938	2.5967	435.46	0.87712	68.865	0.085662	supercritical
316.67	16.000	770.64	0.0012976	271.59	292.35	1.2638	0.93052	2.6402	424.96	0.94197	66.985	0.084088	supercritical
318.33	16.000	758.65	0.0013181	275.70	296.79	1.2778	0.93178	2.6862	414.58	1.0112	65.124	0.082523	supercritical
320.00	16.000	746.32	0.0013399	279.87	301.30	1.2919	0.93317	2.7347	404.35	1.0850	63.279	0.080967	supercritical
321.67	16.000	733.65	0.0013630	284.10	305.90	1.3063	0.93471	2.7853	394.30	1.1636	61.452	0.079423	supercritical
323.33	16.000	720.64	0.0013877	288.39	310.59	1.3208	0.93638	2.8377	384.44	1.2472	59.644	0.077891	supercritical
325.00	16.000	707.28	0.0014139	292.74	315.36	1.3355	0.93818	2.8910	374.83	1.3356	57.856	0.076373	supercritical
326.67	16.000	693.58	0.0014418	297.16	320.23	1.3505	0.94011	2.9443	365.50	1.4288	56.091	0.074870	supercritical
328.33	16.000	679.56	0.0014715	301.63	325.18	1.3656	0.94211	2.9967	356.51	1.5266	54.353	0.073386	supercritical
330.00	16.000	665.24	0.0015032	306.16	330.21	1.3809	0.94413	3.0473	347.91	1.6289	52.645	0.071922	supercritical
331.67	16.000	650.66	0.0015369	310.74	335.33	1.3964	0.94604	3.0952	339.75	1.7353	50.973	0.070481	supercritical
333.33	16.000	635.86	0.0015727	315.37	340.53	1.4120	0.94769	3.1391	332.07	1.8458	49.341	0.069064	supercritical
335.00	16.000	620.90	0.0016106	320.03	345.79	1.4277	0.94890	3.1772	324.91	1.9597	47.755	0.067673	supercritical
336.67	16.000	605.83	0.0016506	324.71	351.12	1.4436	0.94953	3.2075	318.30	2.0762	46.221	0.066307	supercritical
338.33	16.000	590.73	0.0016928	329.40	356.48	1.4595	0.94948	3.2277	312.28	2.1941	44.745	0.064966	supercritical
340.00	16.000	575.69	0.0017371	334.08	361.87	1.4754	0.94871	3.2360	306.85	2.3123	43.333	0.063650	supercritical
341.67	16.000	560.80	0.0017832	338.73	367.26	1.4912	0.94726	3.2316	302.02	2.4294	41.993	0.062359	supercritical
343.33	16.000	546.16	0.0018310	343.34	372.63	1.5069	0.94524	3.2147	297.76	2.5443	40.727	0.061097	supercritical
345.00	16.000	531.84	0.0018803	347.88	377.97	1.5224	0.94275	3.1862	294.04	2.6558	39.539	0.059865	supercritical
346.67	16.000	517.92	0.0019308	352.36	383.25	1.5376	0.93995	3.1471	290.84	2.7629	38.430	0.058666	supercritical
348.33	16.000	504.45	0.0019824	356.74	388.45	1.5526	0.93696	3.0992	288.10	2.8646	37.400	0.057504	supercritical
350.00	16.000	491.48	0.0020347	361.02	393.57	1.5673	0.93388	3.0439	285.80	2.9602	36.448	0.056382	supercritical
351.67	16.000	479.05	0.0020875	365.20	398.60	1.5816	0.93079	2.9832	283.89	3.0491	35.572	0.055301	supercritical
353.33	16.000	467.16	0.0021406	369.27	403.52	1.5956	0.92774	2.9187	282.33	3.1310	34.767	0.054264	supercritical
355.00	16.000	455.83	0.0021938	373.22	408.33	1.6091	0.92474	2.8519	281.10	3.2058	34.029	0.053273	supercritical
356.67	16.000	445.04	0.0022470	377.07	413.02	1.6223	0.92181	2.7841	280.14	3.2735	33.354	0.052328	supercritical
358.33	16.000	434.79	0.0023000	380.81	417.61	1.6352	0.91895	2.7164	279.43	3.3343	32.737	0.051430	supercritical
360.00	16.000	425.06	0.0023526	384.44	422.08	1.6476	0.91615	2.6496	278.94	3.3885	32.174	0.050579	supercritical
361.67	16.000	415.83	0.0024048	387.96	426.44	1.6597	0.91341	2.5844	278.64	3.4364	31.661	0.049775	supercritical
363.33	16.000	407.07	0.0024566	391.39	430.69	1.6714	0.91073	2.5212	278.50	3.4785	31.192	0.049015	supercritical
365.00	16.000	398.75	0.0025078	394.72	434.84	1.6828	0.90812	2.4603	278.51	3.5149	30.763	0.048300	supercritical
366.67	16.000	390.86	0.0025585	397.96	438.90	1.6939	0.90558	2.4019	278.65	3.5462	30.372	0.047627	supercritical
368.33	16.000	383.36	0.0026085	401.12	442.85	1.7047	0.90310	2.3462	278.89	3.5727	30.015	0.046994	supercritical
370.00	16.000	376.23	0.0026579	404.19	446.72	1.7151	0.90070	2.2931	279.24	3.5948	29.688	0.046400	supercritical
371.67	16.000	369.45	0.0027067	407.19	450.50	1.7253	0.89837	2.2426	279.66	3.6128	29.389	0.045843	supercritical
373.33	16.000	362.99	0.0027549	410.12	454.19	1.7353	0.89612	2.1948	280.16	3.6270	29.116	0.045321	supercritical
375.00	16.000	356.84	0.0028024	412.98	457.81	1.7449	0.89395	2.1494	280.71	3.6378	28.865	0.044833	supercritical
376.67	16.000	350.97	0.0028493	415.77	461.36	1.7544	0.89187	2.1065	281.33	3.6454	28.635	0.044375	supercritical
378.33	16.000	345.36	0.0028956	418.51	464.84	1.7636	0.88986	2.0659	281.98	3.6501	28.425	0.043947	supercritical
380.00	16.000	339.99	0.0029412	421.19	468.25	1.7726	0.88794	2.0274	282.68	3.6522	28.232	0.043546	supercritical
381.67	16.000	334.86	0.0029863	423.82	471.60	1.7814	0.88610	1.9911	283.41	3.6519	28.055	0.043172	supercritical
383.33	16.000	329.94	0.0030308	426.39	474.89	1.7900	0.88435	1.9567	284.18	3.6493	27.892	0.042822	supercritical
385.00	16.000	325.23	0.0030748	428.92	478.12	1.7984	0.88267	1.9242	284.96	3.6448	27.744	0.042495	supercritical
386.67	16.000	320.70	0.0031182	431.41	481.30	1.8066	0.88107	1.8934	285.77	3.6385	27.607	0.042190	supercritical
388.33	16.000	316.35	0.0031610	433.86	484.43	1.8147	0.87956	1.8642	286.60	3.6305	27.482	0.041905	supercritical
390.00	16.000	312.17	0.0032034	436.26	487.52	1.8226	0.87811	1.8365	287.45	3.6210	27.367	0.041639	supercritical
391.67	16.000	308.14	0.0032453	438.63	490.55	1.8304	0.87675	1.8103	288.31	3.6101	27.262	0.041391	supercritical
393.33	16.000	304.26	0.0032867	440.96	493.55	1.8380	0.87545	1.7855	289.18	3.5981	27.166	0.041160	supercritical
395.00	16.000	300.52	0.0033276	443.27	496.51	1.8455	0.87422	1.7619	290.06	3.5849	27.078	0.040945	supercritical
396.67	16.000	296.91	0.0033680	445.54	499.42	1.8529	0.87307	1.7394	290.94	3.5706	26.998	0.040745	supercritical
398.33	16.000	293.42	0.0034081	447.78	502.31	1.8602	0.87197	1.7181	291.84	3.5555	26.925	0.040558	supercritical
400.00	16.000	290.05	0.0034477	449.99	505.15	1.8673	0.87094	1.6979	292.74	3.5395	26.858	0.040385	supercritical
401.67	16.000	286.79	0.0034869	452.18	507.97	1.8743	0.86997	1.6786	293.64	3.5228	26.798	0.040224	supercritical
403.33	16.000	283.63	0.0035257	454.34	510.75	1.8812	0.86907	1.6602	294.55	3.5055	26.744	0.040075	supercritical
405.00	16.000	280.57	0.0035641	456.47	513.50	1.8880	0.86821	1.6427	295.46	3.4875	26.695	0.039937	supercritical
406.67	16.000	277.61	0.0036022	458.59	516.22	1.8947	0.86742	1.6260	296.37	3.4690	26.651	0.039810	supercritical
408.33	16.000	274.73	0.0036399	460.68	518.92	1.9014	0.86667	1.6100	297.28	3.4500	26.611	0.039692	supercritical
410.00	16.000	271.94	0.0036772	462.76	521.59	1.9079	0.86598	1.5948	298.19	3.4306	26.577	0.039584	supercritical
411.67	16.000	269.23	0.0037143	464.81	524.24	1.9143	0.86534	1.5803	299.10	3.4108	26.546	0.039484	supercritical
413.33	16.000	266.60	0.0037510	466.84	526.86	1.9207	0.86474	1.5664	300.01	3.3906	26.519	0.039392	supercritical
415.00	16.000	264.04	0.0037874	468.86	529.46	1.9270	0.86419	1.5531	300.92	3.3702	26.496	0.039309	supercritical
416.67	16.000	261.55	0.0038234	470.86	532.04	1.9332	0.86369	1.5404	301.82	3.3495	26.476	0.039233	supercritical
418.33	16.000	259.12	0.0038592	472.85	534.59	1.9393	0.86322	1.5282	302.73	3.3286	26.460	0.039164	supercritical
420.00	16.000	256.76	0.0038947	474.82	537.13	1.9453	0.86280	1.5165	303.63	3.3074	26.447	0.039101	supercritical
421.67	16.000	254.46	0.0039299	476.77	539.65	1.9513	0.86242	1.5053	304.53	3.2862	26.436	0.039045	supercritical
423.33	16.000	252.21	0.0039649	478.71	542.15	1.9572	0.86207	1.4945	305.43	3.2647	26.428	0.038995	supercritical
425.00	16.000	250.03	0.0039996	480.64	544.63	1.9631	0.86177	1.4842	306.33	3.2432	26.423	0.038950	supercritical
426.67	16.000	247.89	0.0040340	482.55	547.10	1.9689	0.86149	1.4743	307.22	3.2216	26.421	0.038911	supercritical
428.33	16.000	245.81	0.0040682	484.45	549.55	1.9746	0.86126	1.4648	308.11	3.1999	26.420	0.038877	supercritical
430.00	16.000	243.77	0.0041022	486.34	551.98	1.9803	0.86105	1.4557	309.00	3.1781	26.422	0.038848	supercritical
431.67	16.000	241.79	0.0041359	488.22	554.40	1.9859	0.86088	1.4469	309.88	3.1564	26.426	0.038823	supercritical
433.33	16.000	239.85	0.0041694	490.09	556.80	1.9915	0.86074	1.4385	310.76	3.1346	26.432	0.038803	supercritical
435.00	16.000	237.95	0.0042026	491.95	559.19	1.9970	0.86062	1.4303	311.63	3.1128	26.440	0.038787	supercritical
436.67	16.000	236.09	0.0042357	493.80	561.57	2.0024	0.86054	1.4225	312.50	3.0910	26.449	0.038774	supercritical
438.33	16.000	234.27	0.0042685	495.64	563.93	2.0078	0.86049	1.4150	313.37	3.0692	26.461	0.038765	supercritical
440.00	16.000	232.49	0.0043012	497.47	566.29	2.0132	0.86046	1.4077	314.24	3.0475	26.473	0.038759	supercritical
441.67	16.000	230.75	0.0043336	499.29	568.63	2.0185	0.86045	1.4007	315.10	3.0258	26.488	0.038756	supercritical
443.33	16.000	229.05	0.0043659	501.10	570.96	2.0237	0.86047	1.3940	315.95	3.0042	26.504	0.038756	supercritical
445.00	16.000	227.38	0.0043979	502.91	573.27	2.0290	0.86052	1.3875	316.81	2.9826	26.521	0.038759	supercritical
446.67	16.000	225.74	0.0044298	504.70	575.58	2.0341	0.86059	1.3812	317.66	2.9611	26.540	0.038763	supercritical
448.33	16.000	224.14	0.0044615	506.49	577.88	2.0393	0.86068	1.3752	318.50	2.9397	26.560	0.038769	supercritical
450.00	16.000	222.57	0.0044930	508.28	580.17	2.0444	0.86079	1.3694	319.34	2.9184	26.581	0.038775	supercritical
451.67	16.000	221.02	0.0045244	510.05	582.44	2.0494	0.86092	1.3637	320.18	2.8971	26.603	0.038781	supercritical
453.33	16.000	219.51	0.0045556	511.82	584.71	2.0544	0.86108	1.3583	321.01	2.8760	26.627	0.038784	supercritical
455.00	16.000	218.03	0.0045866	513.58	586.97	2.0594	0.86125	1.3530	321.84	2.8550	26.651	0.038777	supercritical
456.67	16.000	216.57	0.0046175	515.34	589.22	2.0643	0.86144	1.3480	322.67	2.8340	26.677	0.038733	supercritical
458.33	16.000	215.14	0.0046482	517.09	591.46	2.0692	0.86165	1.3431	323.49	2.8132	26.704	0.038784	supercritical
460.00	16.000	213.73	0.0046788	518.84	593.70	2.0741	0.86188	1.3383	324.31	2.7925	26.731	0.038836	supercritical
461.67	16.000	212.35	0.0047092	520.58	595.93	2.0789	0.86213	1.3337	325.12	2.7719	26.759	0.038891	supercritical
463.33	16.000	210.99	0.0047395	522.31	598.14	2.0837	0.86239	1.3293	325.93	2.7515	26.789	0.038947	supercritical
465.00	16.000	209.66	0.0047696	524.04	600.36	2.0885	0.86266	1.3250	326.74	2.7312	26.819	0.039005	supercritical
466.67	16.000	208.35	0.0047996	525.77	602.56	2.0932	0.86296	1.3209	327.54	2.7110	26.850	0.039064	supercritical
468.33	16.000	207.06	0.0048295	527.49	604.76	2.0979	0.86326	1.3169	328.34	2.6909	26.881	0.039124	supercritical
470.00	16.000	205.80	0.0048592	529.20	606.95	2.1026	0.86359	1.3130	329.14	2.6710	26.914	0.039187	supercritical
471.67	16.000	204.55	0.0048888	530.92	609.14	2.1073	0.86392	1.3092	329.93	2.6512	26.947	0.039250	supercritical
473.33	16.000	203.32	0.0049183	532.62	611.31	2.1119	0.86427	1.3056	330.72	2.6315	26.981	0.039315	supercritical
475.00	16.000	202.12	0.0049476	534.33	613.49	2.1165	0.86463	1.3021	331.50	2.6120	27.015	0.039381	supercritical
476.67	16.000	200.93	0.0049769	536.03	615.66	2.1210	0.86501	1.2987	332.29	2.5926	27.050	0.039449	supercritical
478.33	16.000	199.76	0.0050060	537.72	617.82	2.1255	0.86540	1.2954	333.06	2.5734	27.086	0.039518	supercritical
480.00	16.000	198.61	0.0050350	539.41	619.97	2.1300	0.86580	1.2922	333.84	2.5542	27.122	0.039588	supercritical
481.67	16.000	197.48	0.0050639	541.10	622.12	2.1345	0.86621	1.2891	334.61	2.5353	27.159	0.039659	supercritical
483.33	16.000	196.36	0.0050926	542.79	624.27	2.1390	0.86663	1.2861	335.38	2.5165	27.196	0.039731	supercritical
485.00	16.000	195.26	0.0051213	544.47	626.41	2.1434	0.86706	1.2832	336.14	2.4978	27.234	0.039805	supercritical
486.67	16.000	194.18	0.0051499	546.15	628.55	2.1478	0.86750	1.2804	336.90	2.4793	27.272	0.039879	supercritical
488.33	16.000	193.11	0.0051783	547.83	630.68	2.1521	0.86796	1.2776	337.66	2.4609	27.311	0.039955	supercritical
490.00	16.000	192.06	0.0052067	549.50	632.81	2.1565	0.86842	1.2750	338.41	2.4426	27.350	0.040031	supercritical
491.67	16.000	191.02	0.0052349	551.17	634.93	2.1608	0.86889	1.2724	339.16	2.4245	27.390	0.040109	supercritical
493.33	16.000	190.00	0.0052631	552.84	637.05	2.1651	0.86937	1.2700	339.91	2.4065	27.430	0.040187	supercritical
495.00	16.000	188.99	0.0052911	554.50	639.16	2.1694	0.86986	1.2675	340.65	2.3887	27.470	0.040266	supercritical
496.67	16.000	188.00	0.0053191	556.17	641.27	2.1737	0.87036	1.2652	341.39	2.3711	27.511	0.040347	supercritical
498.33	16.000	187.02	0.0053470	557.83	643.38	2.1779	0.87086	1.2630	342.13	2.3535	27.552	0.040428	supercritical
500.00	16.000	186.05	0.0053748	559.49	645.48	2.1821	0.87138	1.2608	342.86	2.3361	27.594	0.040510	supercritical
501.67	16.000	185.10	0.0054024	561.14	647.58	2.1863	0.87190	1.2586	343.60	2.3189	27.636	0.040593	supercritical
503.33	16.000	184.16	0.0054300	562.80	649.68	2.1905	0.87243	1.2566	344.32	2.3018	27.678	0.040677	supercritical
505.00	16.000	183.23	0.0054576	564.45	651.77	2.1946	0.87296	1.2546	345.05	2.2848	27.721	0.040761	supercritical
506.67	16.000	182.32	0.0054850	566.10	653.86	2.1987	0.87351	1.2527	345.77	2.2680	27.764	0.040846	supercritical
508.33	16.000	181.41	0.0055123	567.75	655.95	2.2029	0.87406	1.2508	346.49	2.2513	27.807	0.040932	supercritical
510.00	16.000	180.52	0.0055396	569.40	658.03	2.2070	0.87461	1.2490	347.21	2.2347	27.851	0.041019	supercritical
511.67	16.000	179.64	0.0055668	571.04	660.11	2.2110	0.87518	1.2472	347.92	2.2183	27.895	0.041107	supercritical
513.33	16.000	178.77	0.0055939	572.68	662.19	2.2151	0.87575	1.2455	348.63	2.2020	27.939	0.041195	supercritical
515.00	16.000	177.91	0.0056209	574.33	664.26	2.2191	0.87632	1.2438	349.34	2.1859	27.984	0.041284	supercritical
516.67	16.000	177.06	0.0056479	575.97	666.33	2.2231	0.87690	1.2422	350.04	2.1699	28.028	0.041373	supercritical
518.33	16.000	176.22	0.0056748	577.61	668.40	2.2271	0.87748	1.2407	350.74	2.1540	28.073	0.041463	supercritical
520.00	16.000	175.39	0.0057016	579.24	670.47	2.2311	0.87808	1.2392	351.44	2.1383	28.118	0.041554	supercritical
521.67	16.000	174.57	0.0057283	580.88	672.53	2.2351	0.87867	1.2377	352.14	2.1227	28.164	0.041645	supercritical
523.33	16.000	173.76	0.0057549	582.52	674.59	2.2390	0.87927	1.2363	352.83	2.1072	28.210	0.041737	supercritical
525.00	16.000	172.96	0.0057815	584.15	676.65	2.2429	0.87988	1.2349	353.52	2.0918	28.255	0.041830	supercritical
526.67	16.000	172.17	0.0058081	585.78	678.71	2.2469	0.88049	1.2336	354.21	2.0766	28.301	0.041923	supercritical
528.33	16.000	171.39	0.0058345	587.41	680.77	2.2508	0.88110	1.2323	354.90	2.0615	28.348	0.042017	supercritical
530.00	16.000	170.62	0.0058609	589.04	682.82	2.2546	0.88172	1.2311	355.58	2.0466	28.394	0.042111	supercritical
531.67	16.000	169.86	0.0058872	590.67	684.87	2.2585	0.88234	1.2299	356.26	2.0317	28.441	0.042205	supercritical
533.33	16.000	169.11	0.0059135	592.30	686.92	2.2623	0.88297	1.2287	356.94	2.0170	28.488	0.042301	supercritical
535.00	16.000	168.36	0.0059397	593.93	688.97	2.2662	0.88360	1.2276	357.62	2.0024	28.535	0.042396	supercritical
536.67	16.000	167.62	0.0059658	595.56	691.01	2.2700	0.88424	1.2265	358.29	1.9880	28.582	0.042493	supercritical
538.33	16.000	166.89	0.0059919	597.18	693.05	2.2738	0.88487	1.2254	358.96	1.9736	28.629	0.042589	supercritical
540.00	16.000	166.17	0.0060179	598.81	695.09	2.2776	0.88551	1.2244	359.63	1.9594	28.677	0.042687	supercritical
541.67	16.000	165.46	0.0060438	600.43	697.13	2.2813	0.88616	1.2234	360.29	1.9453	28.724	0.042784	supercritical
543.33	16.000	164.75	0.0060697	602.06	699.17	2.2851	0.88681	1.2224	360.96	1.9313	28.772	0.042882	supercritical
545.00	16.000	164.05	0.0060955	603.68	701.21	2.2888	0.88746	1.2215	361.62	1.9175	28.820	0.042981	supercritical
546.67	16.000	163.36	0.0061213	605.30	703.24	2.2926	0.88811	1.2206	362.27	1.9037	28.868	0.043080	supercritical
548.33	16.000	162.68	0.0061470	606.93	705.28	2.2963	0.88877	1.2197	362.93	1.8901	28.917	0.043179	supercritical
550.00	16.000	162.00	0.0061727	608.55	707.31	2.3000	0.88943	1.2189	363.58	1.8766	28.965	0.043279	supercritical
551.67	16.000	161.33	0.0061983	610.17	709.34	2.3037	0.89009	1.2181	364.24	1.8632	29.013	0.043379	supercritical
553.33	16.000	160.67	0.0062239	611.79	711.37	2.3074	0.89075	1.2173	364.88	1.8499	29.062	0.043480	supercritical
555.00	16.000	160.02	0.0062494	613.41	713.40	2.3110	0.89142	1.2165	365.53	1.8367	29.111	0.043581	supercritical
556.67	16.000	159.37	0.0062748	615.03	715.43	2.3147	0.89209	1.2158	366.18	1.8237	29.160	0.043682	supercritical
558.33	16.000	158.72	0.0063002	616.65	717.45	2.3183	0.89276	1.2151	366.82	1.8107	29.208	0.043784	supercritical
560.00	16.000	158.09	0.0063256	618.27	719.48	2.3219	0.89343	1.2144	367.46	1.7979	29.257	0.043886	supercritical
561.67	16.000	157.46	0.0063509	619.89	721.50	2.3255	0.89411	1.2138	368.10	1.7851	29.307	0.043988	supercritical
563.33	16.000	156.84	0.0063761	621.50	723.52	2.3291	0.89478	1.2131	368.73	1.7725	29.356	0.044091	supercritical
565.00	16.000	156.22	0.0064013	623.12	725.54	2.3327	0.89546	1.2125	369.37	1.7600	29.405	0.044194	supercritical
566.67	16.000	155.61	0.0064265	624.74	727.56	2.3363	0.89614	1.2119	370.00	1.7475	29.455	0.044298	supercritical
568.33	16.000	155.00	0.0064516	626.36	729.58	2.3398	0.89682	1.2114	370.63	1.7352	29.504	0.044401	supercritical
570.00	16.000	154.40	0.0064766	627.97	731.60	2.3434	0.89751	1.2108	371.26	1.7230	29.554	0.044505	supercritical
571.67	16.000	153.81	0.0065017	629.59	733.62	2.3469	0.89819	1.2103	371.88	1.7109	29.603	0.044610	supercritical
573.33	16.000	153.22	0.0065266	631.21	735.64	2.3504	0.89888	1.2098	372.51	1.6989	29.653	0.044714	supercritical
575.00	16.000	152.64	0.0065515	632.83	737.65	2.3539	0.89957	1.2093	373.13	1.6869	29.703	0.044819	supercritical
576.67	16.000	152.06	0.0065764	634.44	739.67	2.3574	0.90026	1.2088	373.75	1.6751	29.753	0.044924	supercritical
578.33	16.000	151.49	0.0066013	636.06	741.68	2.3609	0.90095	1.2084	374.37	1.6634	29.803	0.045030	supercritical
580.00	16.000	150.92	0.0066261	637.68	743.69	2.3644	0.90164	1.2080	374.98	1.6518	29.853	0.045136	supercritical
581.67	16.000	150.36	0.0066508	639.29	745.71	2.3679	0.90233	1.2076	375.60	1.6402	29.903	0.045242	supercritical
583.33	16.000	149.80	0.0066755	640.91	747.72	2.3713	0.90302	1.2072	376.21	1.6288	29.953	0.045348	supercritical
585.00	16.000	149.25	0.0067002	642.53	749.73	2.3748	0.90372	1.2068	376.82	1.6175	30.003	0.045454	supercritical
586.67	16.000	148.70	0.0067248	644.15	751.74	2.3782	0.90441	1.2065	377.43	1.6062	30.054	0.045561	supercritical
588.33	16.000	148.16	0.0067494	645.76	753.75	2.3816	0.90511	1.2061	378.03	1.5951	30.104	0.045668	supercritical
590.00	16.000	147.62	0.0067740	647.38	755.76	2.3850	0.90581	1.2058	378.64	1.5840	30.154	0.045775	supercritical
591.67	16.000	147.09	0.0067985	649.00	757.77	2.3884	0.90650	1.2055	379.24	1.5730	30.205	0.045883	supercritical
593.33	16.000	146.56	0.0068230	650.61	759.78	2.3918	0.90720	1.2052	379.84	1.5621	30.255	0.045991	supercritical
595.00	16.000	146.04	0.0068474	652.23	761.79	2.3952	0.90790	1.2049	380.44	1.5513	30.306	0.046098	supercritical
596.67	16.000	145.52	0.0068718	653.85	763.80	2.3986	0.90860	1.2047	381.04	1.5406	30.356	0.046207	supercritical
598.33	16.000	145.01	0.0068961	655.47	765.81	2.4019	0.90930	1.2044	381.63	1.5300	30.407	0.046315	supercritical
600.00	16.000	144.50	0.0069205	657.08	767.81	2.4053	0.91000	1.2042	382.23	1.5194	30.457	0.046424	supercritical
601.67	16.000	143.99	0.0069448	658.70	769.82	2.4086	0.91070	1.2040	382.82	1.5090	30.508	0.046532	supercritical
603.33	16.000	143.49	0.0069690	660.32	771.83	2.4120	0.91140	1.2037	383.41	1.4986	30.559	0.046641	supercritical
605.00	16.000	143.00	0.0069932	661.94	773.83	2.4153	0.91210	1.2036	384.00	1.4883	30.610	0.046750	supercritical
606.67	16.000	142.50	0.0070174	663.56	775.84	2.4186	0.91281	1.2034	384.59	1.4781	30.660	0.046860	supercritical
608.33	16.000	142.01	0.0070416	665.18	777.84	2.4219	0.91351	1.2032	385.17	1.4680	30.711	0.046969	supercritical
610.00	16.000	141.53	0.0070657	666.80	779.85	2.4252	0.91421	1.2030	385.76	1.4579	30.762	0.047079	supercritical
611.67	16.000	141.05	0.0070898	668.42	781.85	2.4285	0.91491	1.2029	386.34	1.4480	30.813	0.047189	supercritical
613.33	16.000	140.57	0.0071138	670.04	783.86	2.4317	0.91561	1.2028	386.92	1.4381	30.864	0.047299	supercritical
615.00	16.000	140.10	0.0071378	671.66	785.86	2.4350	0.91632	1.2026	387.50	1.4283	30.915	0.047409	supercritical
616.67	16.000	139.63	0.0071618	673.28	787.87	2.4383	0.91702	1.2025	388.08	1.4185	30.966	0.047520	supercritical
618.33	16.000	139.16	0.0071857	674.90	789.87	2.4415	0.91772	1.2024	388.65	1.4089	31.017	0.047630	supercritical
620.00	16.000	138.70	0.0072097	676.52	791.87	2.4447	0.91842	1.2023	389.23	1.3993	31.068	0.047741	supercritical
621.67	16.000	138.24	0.0072336	678.14	793.88	2.4480	0.91912	1.2023	389.80	1.3898	31.119	0.047852	supercritical
623.33	16.000	137.79	0.0072574	679.76	795.88	2.4512	0.91983	1.2022	390.37	1.3803	31.170	0.047963	supercritical
625.00	16.000	137.34	0.0072812	681.39	797.89	2.4544	0.92053	1.2021	390.94	1.3710	31.221	0.048074	supercritical
626.67	16.000	136.89	0.0073050	683.01	799.89	2.4576	0.92123	1.2021	391.51	1.3617	31.272	0.048185	supercritical
628.33	16.000	136.45	0.0073288	684.63	801.89	2.4608	0.92193	1.2020	392.07	1.3525	31.323	0.048297	supercritical
630.00	16.000	136.01	0.0073525	686.26	803.90	2.4640	0.92263	1.2020	392.64	1.3433	31.374	0.048409	supercritical
631.67	16.000	135.57	0.0073762	687.88	805.90	2.4671	0.92333	1.2020	393.20	1.3342	31.425	0.048520	supercritical
633.33	16.000	135.14	0.0073999	689.50	807.90	2.4703	0.92403	1.2020	393.76	1.3252	31.476	0.048632	supercritical
635.00	16.000	134.71	0.0074236	691.13	809.91	2.4735	0.92473	1.2020	394.33	1.3163	31.527	0.048744	supercritical
636.67	16.000	134.28	0.0074472	692.75	811.91	2.4766	0.92543	1.2020	394.88	1.3074	31.578	0.048856	supercritical
638.33	16.000	133.85	0.0074708	694.38	813.91	2.4798	0.92613	1.2020	395.44	1.2986	31.630	0.048969	supercritical
640.00	16.000	133.43	0.0074944	696.01	815.92	2.4829	0.92683	1.2020	396.00	1.2899	31.681	0.049081	supercritical
641.67	16.000	133.02	0.0075179	697.63	817.92	2.4860	0.92753	1.2020	396.55	1.2812	31.732	0.049193	supercritical
643.33	16.000	132.60	0.0075414	699.26	819.92	2.4891	0.92822	1.2021	397.11	1.2726	31.783	0.049306	supercritical
645.00	16.000	132.19	0.0075649	700.89	821.93	2.4923	0.92892	1.2021	397.66	1.2641	31.834	0.049419	supercritical
646.67	16.000	131.78	0.0075884	702.52	823.93	2.4954	0.92962	1.2022	398.21	1.2556	31.885	0.049531	supercritical
648.33	16.000	131.37	0.0076118	704.14	825.93	2.4985	0.93031	1.2022	398.76	1.2472	31.936	0.049644	supercritical
650.00	16.000	130.97	0.0076352	705.77	827.94	2.5015	0.93101	1.2023	399.31	1.2389	31.988	0.049757	supercritical
651.67	16.000	130.57	0.0076586	707.40	829.94	2.5046	0.93170	1.2024	399.86	1.2306	32.039	0.049871	supercritical
653.33	16.000	130.18	0.0076820	709.03	831.95	2.5077	0.93240	1.2025	400.40	1.2223	32.090	0.049984	supercritical
655.00	16.000	129.78	0.0077053	710.66	833.95	2.5108	0.93309	1.2025	400.95	1.2142	32.141	0.050097	supercritical
656.67	16.000	129.39	0.0077286	712.30	835.95	2.5138	0.93378	1.2026	401.49	1.2061	32.192	0.050211	supercritical
658.33	16.000	129.00	0.0077519	713.93	837.96	2.5169	0.93447	1.2027	402.03	1.1980	32.243	0.050324	supercritical
660.00	16.000	128.61	0.0077751	715.56	839.96	2.5199	0.93517	1.2028	402.57	1.1901	32.295	0.050438	supercritical
661.67	16.000	128.23	0.0077984	717.19	841.97	2.5229	0.93586	1.2029	403.11	1.1821	32.346	0.050551	supercritical
663.33	16.000	127.85	0.0078216	718.83	843.97	2.5260	0.93655	1.2031	403.65	1.1743	32.397	0.050665	supercritical
665.00	16.000	127.47	0.0078448	720.46	845.98	2.5290	0.93723	1.2032	404.18	1.1665	32.448	0.050779	supercritical
666.67	16.000	127.10	0.0078680	722.10	847.98	2.5320	0.93792	1.2033	404.72	1.1587	32.499	0.050893	supercritical
668.33	16.000	126.73	0.0078911	723.73	849.99	2.5350	0.93861	1.2035	405.25	1.1510	32.550	0.051007	supercritical
670.00	16.000	126.35	0.0079142	725.37	851.99	2.5380	0.93930	1.2036	405.79	1.1434	32.601	0.051121	supercritical
671.67	16.000	125.99	0.0079373	727.00	854.00	2.5410	0.93998	1.2037	406.32	1.1358	32.653	0.051235	supercritical
673.33	16.000	125.62	0.0079604	728.64	856.01	2.5440	0.94067	1.2039	406.85	1.1283	32.704	0.051349	supercritical
675.00	16.000	125.26	0.0079835	730.28	858.01	2.5469	0.94135	1.2040	407.38	1.1208	32.755	0.051464	supercritical
676.67	16.000	124.90	0.0080065	731.92	860.02	2.5499	0.94203	1.2042	407.91	1.1134	32.806	0.051578	supercritical
678.33	16.000	124.54	0.0080295	733.56	862.03	2.5529	0.94271	1.2044	408.43	1.1060	32.857	0.051692	supercritical
680.00	16.000	124.19	0.0080525	735.20	864.04	2.5558	0.94340	1.2045	408.96	1.0987	32.908	0.051807	supercritical
681.67	16.000	123.83	0.0080755	736.84	866.04	2.5588	0.94408	1.2047	409.48	1.0914	32.959	0.051921	supercritical
683.33	16.000	123.48	0.0080984	738.48	868.05	2.5617	0.94475	1.2049	410.01	1.0842	33.010	0.052036	supercritical
685.00	16.000	123.13	0.0081213	740.12	870.06	2.5647	0.94543	1.2051	410.53	1.0770	33.061	0.052151	supercritical
686.67	16.000	122.79	0.0081442	741.76	872.07	2.5676	0.94611	1.2053	411.05	1.0699	33.112	0.052265	supercritical
688.33	16.000	122.44	0.0081671	743.40	874.08	2.5705	0.94679	1.2055	411.57	1.0629	33.163	0.052380	supercritical
690.00	16.000	122.10	0.0081900	745.05	876.09	2.5734	0.94746	1.2057	412.09	1.0559	33.214	0.052495	supercritical
691.67	16.000	121.76	0.0082128	746.69	878.10	2.5763	0.94813	1.2059	412.61	1.0489	33.265	0.052610	supercritical
693.33	16.000	121.42	0.0082357	748.34	880.11	2.5792	0.94881	1.2061	413.12	1.0420	33.316	0.052725	supercritical
695.00	16.000	121.09	0.0082585	749.98	882.12	2.5821	0.94948	1.2063	413.64	1.0351	33.367	0.052840	supercritical
696.67	16.000	120.75	0.0082813	751.63	884.13	2.5850	0.95015	1.2065	414.15	1.0283	33.418	0.052955	supercritical
698.33	16.000	120.42	0.0083040	753.27	886.14	2.5879	0.95082	1.2067	414.67	1.0215	33.469	0.053070	supercritical
700.00	16.000	120.09	0.0083268	754.92	888.15	2.5908	0.95149	1.2069	415.18	1.0148	33.520	0.053185	supercritical
701.67	16.000	119.77	0.0083495	756.57	890.16	2.5937	0.95216	1.2072	415.69	1.0081	33.571	0.053300	supercritical
703.33	16.000	119.44	0.0083722	758.22	892.17	2.5965	0.95282	1.2074	416.20	1.0015	33.622	0.053415	supercritical
705.00	16.000	119.12	0.0083949	759.87	894.19	2.5994	0.95349	1.2076	416.71	0.99493	33.673	0.053531	supercritical
706.67	16.000	118.80	0.0084176	761.52	896.20	2.6022	0.95415	1.2078	417.22	0.98839	33.723	0.053646	supercritical
708.33	16.000	118.48	0.0084403	763.17	898.21	2.6051	0.95481	1.2081	417.73	0.98190	33.774	0.053761	supercritical
710.00	16.000	118.16	0.0084629	764.82	900.23	2.6079	0.95548	1.2083	418.23	0.97545	33.825	0.053877	supercritical
711.67	16.000	117.85	0.0084855	766.47	902.24	2.6107	0.95614	1.2086	418.74	0.96905	33.876	0.053992	supercritical
713.33	16.000	117.53	0.0085081	768.12	904.25	2.6136	0.95680	1.2088	419.24	0.96269	33.927	0.054107	supercritical
715.00	16.000	117.22	0.0085307	769.78	906.27	2.6164	0.95745	1.2091	419.74	0.95637	33.977	0.054223	supercritical
716.67	16.000	116.91	0.0085533	771.43	908.28	2.6192	0.95811	1.2093	420.24	0.95009	34.028	0.054338	supercritical
718.33	16.000	116.61	0.0085759	773.09	910.30	2.6220	0.95877	1.2096	420.75	0.94386	34.079	0.054454	supercritical
720.00	16.000	116.30	0.0085984	774.74	912.32	2.6248	0.95942	1.2098	421.25	0.93767	34.129	0.054569	supercritical
721.67	16.000	116.00	0.0086209	776.40	914.33	2.6276	0.96007	1.2101	421.74	0.93152	34.180	0.054685	supercritical
723.33	16.000	115.69	0.0086434	778.06	916.35	2.6304	0.96073	1.2104	422.24	0.92541	34.231	0.054800	supercritical
725.00	16.000	115.39	0.0086659	779.71	918.37	2.6332	0.96138	1.2106	422.74	0.91934	34.281	0.054916	supercritical
726.67	16.000	115.10	0.0086884	781.37	920.39	2.6360	0.96203	1.2109	423.24	0.91331	34.332	0.055032	supercritical
728.33	16.000	114.80	0.0087108	783.03	922.40	2.6388	0.96268	1.2112	423.73	0.90732	34.383	0.055147	supercritical
730.00	16.000	114.50	0.0087333	784.69	924.42	2.6415	0.96332	1.2114	424.22	0.90138	34.433	0.055263	supercritical
731.67	16.000	114.21	0.0087557	786.35	926.44	2.6443	0.96397	1.2117	424.72	0.89547	34.484	0.055379	supercritical
733.33	16.000	113.92	0.0087781	788.01	928.46	2.6470	0.96461	1.2120	425.21	0.88960	34.534	0.055494	supercritical
735.00	16.000	113.63	0.0088005	789.67	930.48	2.6498	0.96526	1.2123	425.70	0.88377	34.585	0.055610	supercritical
736.67	16.000	113.34	0.0088229	791.34	932.50	2.6525	0.96590	1.2126	426.19	0.87797	34.635	0.055726	supercritical
738.33	16.000	113.06	0.0088452	793.00	934.52	2.6553	0.96654	1.2129	426.68	0.87222	34.686	0.055841	supercritical
740.00	16.000	112.77	0.0088676	794.66	936.55	2.6580	0.96718	1.2131	427.17	0.86650	34.736	0.055957	supercritical
741.67	16.000	112.49	0.0088899	796.33	938.57	2.6607	0.96782	1.2134	427.66	0.86082	34.786	0.056073	supercritical
743.33	16.000	112.21	0.0089122	797.99	940.59	2.6635	0.96845	1.2137	428.14	0.85518	34.837	0.056189	supercritical
745.00	16.000	111.93	0.0089345	799.66	942.61	2.6662	0.96909	1.2140	428.63	0.84957	34.887	0.056304	supercritical
746.67	16.000	111.65	0.0089568	801.33	944.64	2.6689	0.96972	1.2143	429.12	0.84400	34.938	0.056420	supercritical
748.33	16.000	111.37	0.0089791	803.00	946.66	2.6716	0.97036	1.2146	429.60	0.83846	34.988	0.056536	supercritical
750.00	16.000	111.09	0.0090014	804.66	948.69	2.6743	0.97099	1.2149	430.08	0.83296	35.038	0.056652	supercritical
751.67	16.000	110.82	0.0090236	806.33	950.71	2.6770	0.97162	1.2152	430.56	0.82750	35.088	0.056768	supercritical
753.33	16.000	110.55	0.0090458	808.00	952.74	2.6797	0.97225	1.2155	431.05	0.82207	35.139	0.056883	supercritical
755.00	16.000	110.28	0.0090681	809.67	954.76	2.6824	0.97288	1.2158	431.53	0.81668	35.189	0.056999	supercritical
756.67	16.000	110.01	0.0090903	811.34	956.79	2.6851	0.97350	1.2161	432.01	0.81132	35.239	0.057115	supercritical
758.33	16.000	109.74	0.0091124	813.02	958.82	2.6877	0.97413	1.2164	432.49	0.80599	35.289	0.057231	supercritical
760.00	16.000	109.47	0.0091346	814.69	960.84	2.6904	0.97475	1.2167	432.96	0.80070	35.339	0.057347	supercritical
761.67	16.000	109.21	0.0091568	816.36	962.87	2.6931	0.97537	1.2171	433.44	0.79544	35.389	0.057462	supercritical
763.33	16.000	108.95	0.0091789	818.04	964.90	2.6957	0.97599	1.2174	433.92	0.79021	35.440	0.057578	supercritical
765.00	16.000	108.68	0.0092011	819.71	966.93	2.6984	0.97661	1.2177	434.39	0.78502	35.490	0.057694	supercritical
766.67	16.000	108.42	0.0092232	821.39	968.96	2.7010	0.97723	1.2180	434.87	0.77986	35.540	0.057810	supercritical
768.33	16.000	108.16	0.0092453	823.07	970.99	2.7037	0.97785	1.2183	435.34	0.77473	35.590	0.057926	supercritical
770.00	16.000	107.91	0.0092674	824.74	973.02	2.7063	0.97847	1.2186	435.81	0.76963	35.640	0.058041	supercritical
771.67	16.000	107.65	0.0092895	826.42	975.05	2.7090	0.97908	1.2190	436.29	0.76457	35.690	0.058157	supercritical
773.33	16.000	107.39	0.0093115	828.10	977.08	2.7116	0.97969	1.2193	436.76	0.75953	35.739	0.058273	supercritical
775.00	16.000	107.14	0.0093336	829.78	979.12	2.7142	0.98030	1.2196	437.23	0.75453	35.789	0.058389	supercritical
776.67	16.000	106.89	0.0093557	831.46	981.15	2.7168	0.98091	1.2199	437.70	0.74956	35.839	0.058504	supercritical
778.33	16.000	106.64	0.0093777	833.14	983.18	2.7195	0.98152	1.2202	438.17	0.74462	35.889	0.058620	supercritical
780.00	16.000	106.39	0.0093997	834.82	985.22	2.7221	0.98213	1.2206	438.63	0.73971	35.939	0.058736	supercritical
781.67	16.000	106.14	0.0094217	836.50	987.25	2.7247	0.98274	1.2209	439.10	0.73482	35.989	0.058852	supercritical
783.33	16.000	105.89	0.0094437	838.19	989.29	2.7273	0.98334	1.2212	439.57	0.72997	36.038	0.058967	supercritical
785.00	16.000	105.64	0.0094657	839.87	991.32	2.7299	0.98394	1.2216	440.03	0.72515	36.088	0.059083	supercritical
786.67	16.000	105.40	0.0094877	841.56	993.36	2.7325	0.98455	1.2219	440.50	0.72036	36.138	0.059199	supercritical
788.33	16.000	105.16	0.0095096	843.24	995.39	2.7350	0.98515	1.2222	440.96	0.71560	36.188	0.059314	supercritical
790.00	16.000	104.91	0.0095316	844.93	997.43	2.7376	0.98575	1.2225	441.43	0.71086	36.237	0.059430	supercritical
791.67	16.000	104.67	0.0095535	846.61	999.47	2.7402	0.98634	1.2229	441.89	0.70616	36.287	0.059546	supercritical
793.33	16.000	104.43	0.0095754	848.30	1001.5	2.7428	0.98694	1.2232	442.35	0.70148	36.337	0.059661	supercritical
795.00	16.000	104.20	0.0095973	849.99	1003.5	2.7453	0.98754	1.2235	442.81	0.69683	36.386	0.059777	supercritical
796.67	16.000	103.96	0.0096192	851.68	1005.6	2.7479	0.98813	1.2239	443.27	0.69221	36.436	0.059893	supercritical
798.33	16.000	103.72	0.0096411	853.37	1007.6	2.7505	0.98872	1.2242	443.73	0.68761	36.485	0.060008	supercritical
800.00	16.000	103.49	0.0096630	855.06	1009.7	2.7530	0.98931	1.2246	444.19	0.68305	36.535	0.060124	supercritical
801.67	16.000	103.25	0.0096849	856.75	1011.7	2.7556	0.98990	1.2249	444.65	0.67851	36.584	0.060239	supercritical
803.33	16.000	103.02	0.0097067	858.44	1013.8	2.7581	0.99049	1.2252	445.11	0.67400	36.634	0.060355	supercritical
805.00	16.000	102.79	0.0097286	860.14	1015.8	2.7607	0.99108	1.2256	445.57	0.66951	36.683	0.060471	supercritical
806.67	16.000	102.56	0.0097504	861.83	1017.8	2.7632	0.99166	1.2259	446.02	0.66505	36.732	0.060586	supercritical
808.33	16.000	102.33	0.0097723	863.52	1019.9	2.7657	0.99225	1.2263	446.48	0.66062	36.782	0.060701	supercritical
810.00	16.000	102.10	0.0097941	865.22	1021.9	2.7682	0.99283	1.2266	446.93	0.65621	36.831	0.060817	supercritical
811.67	16.000	101.88	0.0098159	866.91	1024.0	2.7708	0.99341	1.2269	447.39	0.65183	36.880	0.060932	supercritical
813.33	16.000	101.65	0.0098377	868.61	1026.0	2.7733	0.99399	1.2273	447.84	0.64747	36.930	0.061048	supercritical
815.00	16.000	101.43	0.0098594	870.31	1028.1	2.7758	0.99457	1.2276	448.29	0.64314	36.979	0.061163	supercritical
816.67	16.000	101.20	0.0098812	872.01	1030.1	2.7783	0.99514	1.2280	448.74	0.63884	37.028	0.061279	supercritical
818.33	16.000	100.98	0.0099030	873.70	1032.2	2.7808	0.99572	1.2283	449.20	0.63456	37.077	0.061394	supercritical
820.00	16.000	100.76	0.0099247	875.40	1034.2	2.7833	0.99629	1.2286	449.65	0.63030	37.126	0.061509	supercritical
821.67	16.000	100.54	0.0099465	877.10	1036.2	2.7858	0.99687	1.2290	450.10	0.62607	37.175	0.061625	supercritical
823.33	16.000	100.32	0.0099682	878.81	1038.3	2.7883	0.99744	1.2293	450.55	0.62187	37.225	0.061740	supercritical
825.00	16.000	100.10	0.0099899	880.51	1040.3	2.7908	0.99801	1.2297	450.99	0.61768	37.274	0.061855	supercritical
826.67	16.000	99.884	0.010012	882.21	1042.4	2.7933	0.99858	1.2300	451.44	0.61353	37.323	0.061970	supercritical
828.33	16.000	99.668	0.010033	883.91	1044.4	2.7957	0.99914	1.2304	451.89	0.60939	37.372	0.062085	supercritical
830.00	16.000	99.453	0.010055	885.62	1046.5	2.7982	0.99971	1.2307	452.34	0.60528	37.421	0.062201	supercritical
831.67	16.000	99.239	0.010077	887.32	1048.5	2.8007	1.0003	1.2311	452.78	0.60119	37.470	0.062316	supercritical
833.33	16.000	99.026	0.010098	889.03	1050.6	2.8031	1.0008	1.2314	453.23	0.59713	37.519	0.062431	supercritical
835.00	16.000	98.814	0.010120	890.73	1052.7	2.8056	1.0014	1.2318	453.67	0.59309	37.567	0.062546	supercritical
836.67	16.000	98.603	0.010142	892.44	1054.7	2.8081	1.0020	1.2321	454.11	0.58907	37.616	0.062661	supercritical
838.33	16.000	98.393	0.010163	894.15	1056.8	2.8105	1.0025	1.2325	454.56	0.58507	37.665	0.062776	supercritical
840.00	16.000	98.184	0.010185	895.85	1058.8	2.8130	1.0031	1.2328	455.00	0.58110	37.714	0.062891	supercritical
841.67	16.000	97.976	0.010207	897.56	1060.9	2.8154	1.0036	1.2332	455.44	0.57715	37.763	0.063006	supercritical
843.33	16.000	97.769	0.010228	899.27	1062.9	2.8178	1.0042	1.2335	455.88	0.57322	37.812	0.063121	supercritical
845.00	16.000	97.563	0.010250	900.98	1065.0	2.8203	1.0047	1.2339	456.32	0.56931	37.860	0.063236	supercritical
846.67	16.000	97.358	0.010271	902.69	1067.0	2.8227	1.0053	1.2342	456.76	0.56543	37.909	0.063351	supercritical
848.33	16.000	97.153	0.010293	904.41	1069.1	2.8251	1.0058	1.2346	457.20	0.56156	37.958	0.063465	supercritical
850.00	16.000	96.950	0.010315	906.12	1071.2	2.8276	1.0064	1.2349	457.64	0.55772	38.006	0.063580	supercritical
851.67	16.000	96.748	0.010336	907.83	1073.2	2.8300	1.0069	1.2353	458.08	0.55390	38.055	0.063695	supercritical
853.33	16.000	96.546	0.010358	909.55	1075.3	2.8324	1.0075	1.2356	458.52	0.55010	38.103	0.063810	supercritical
855.00	16.000	96.346	0.010379	911.26	1077.3	2.8348	1.0080	1.2360	458.95	0.54632	38.152	0.063924	supercritical
856.67	16.000	96.146	0.010401	912.98	1079.4	2.8372	1.0086	1.2363	459.39	0.54256	38.200	0.064039	supercritical
858.33	16.000	95.948	0.010422	914.69	1081.5	2.8396	1.0091	1.2367	459.83	0.53882	38.249	0.064154	supercritical
860.00	16.000	95.750	0.010444	916.41	1083.5	2.8420	1.0097	1.2370	460.26	0.53511	38.297	0.064268	supercritical
861.67	16.000	95.553	0.010465	918.13	1085.6	2.8444	1.0102	1.2374	460.70	0.53141	38.346	0.064383	supercritical
863.33	16.000	95.357	0.010487	919.85	1087.6	2.8468	1.0107	1.2377	461.13	0.52773	38.394	0.064497	supercritical
865.00	16.000	95.162	0.010508	921.57	1089.7	2.8492	1.0113	1.2381	461.56	0.52407	38.443	0.064612	supercritical
866.67	16.000	94.968	0.010530	923.29	1091.8	2.8516	1.0118	1.2384	462.00	0.52044	38.491	0.064726	supercritical
868.33	16.000	94.774	0.010551	925.01	1093.8	2.8540	1.0123	1.2388	462.43	0.51682	38.539	0.064841	supercritical
870.00	16.000	94.582	0.010573	926.73	1095.9	2.8563	1.0129	1.2391	462.86	0.51322	38.588	0.064955	supercritical
871.67	16.000	94.390	0.010594	928.45	1098.0	2.8587	1.0134	1.2395	463.29	0.50964	38.636	0.065070	supercritical
873.33	16.000	94.199	0.010616	930.17	1100.0	2.8611	1.0139	1.2398	463.72	0.50608	38.684	0.065184	supercritical
875.00	16.000	94.009	0.010637	931.90	1102.1	2.8634	1.0145	1.2402	464.15	0.50254	38.732	0.065298	supercritical
876.67	16.000	93.820	0.010659	933.62	1104.2	2.8658	1.0150	1.2405	464.58	0.49902	38.780	0.065412	supercritical
878.33	16.000	93.632	0.010680	935.34	1106.2	2.8682	1.0155	1.2409	465.01	0.49552	38.829	0.065526	supercritical
880.00	16.000	93.444	0.010702	937.07	1108.3	2.8705	1.0160	1.2412	465.44	0.49203	38.877	0.065641	supercritical
881.67	16.000	93.258	0.010723	938.80	1110.4	2.8729	1.0166	1.2416	465.86	0.48857	38.925	0.065755	supercritical
883.33	16.000	93.072	0.010744	940.52	1112.4	2.8752	1.0171	1.2419	466.29	0.48512	38.973	0.065869	supercritical
885.00	16.000	92.887	0.010766	942.25	1114.5	2.8775	1.0176	1.2423	466.72	0.48169	39.021	0.065983	supercritical
886.67	16.000	92.703	0.010787	943.98	1116.6	2.8799	1.0181	1.2426	467.14	0.47828	39.069	0.066097	supercritical
888.33	16.000	92.519	0.010809	945.71	1118.6	2.8822	1.0186	1.2430	467.57	0.47488	39.117	0.066211	supercritical
890.00	16.000	92.336	0.010830	947.44	1120.7	2.8845	1.0192	1.2433	467.99	0.47151	39.165	0.066325	supercritical
891.67	16.000	92.155	0.010851	949.17	1122.8	2.8869	1.0197	1.2437	468.42	0.46815	39.213	0.066439	supercritical
893.33	16.000	91.973	0.010873	950.90	1124.9	2.8892	1.0202	1.2440	468.84	0.46481	39.260	0.066552	supercritical
895.00	16.000	91.793	0.010894	952.63	1126.9	2.8915	1.0207	1.2444	469.26	0.46149	39.308	0.066666	supercritical
896.67	16.000	91.614	0.010915	954.36	1129.0	2.8938	1.0212	1.2447	469.68	0.45818	39.356	0.066780	supercritical
898.33	16.000	91.435	0.010937	956.10	1131.1	2.8961	1.0217	1.2451	470.11	0.45489	39.404	0.066894	supercritical
900.00	16.000	91.257	0.010958	957.83	1133.2	2.8985	1.0222	1.2454	470.53	0.45162	39.452	0.067007	supercritical
901.67	16.000	91.079	0.010979	959.57	1135.2	2.9008	1.0227	1.2458	470.95	0.44837	39.499	0.067121	supercritical
903.33	16.000	90.903	0.011001	961.30	1137.3	2.9031	1.0232	1.2461	471.37	0.44513	39.547	0.067234	supercritical
905.00	16.000	90.727	0.011022	963.04	1139.4	2.9054	1.0238	1.2465	471.79	0.44191	39.595	0.067348	supercritical
906.67	16.000	90.552	0.011043	964.77	1141.5	2.9076	1.0243	1.2468	472.21	0.43870	39.642	0.067461	supercritical
908.33	16.000	90.378	0.011065	966.51	1143.5	2.9099	1.0248	1.2471	472.63	0.43551	39.690	0.067575	supercritical
910.00	16.000	90.204	0.011086	968.25	1145.6	2.9122	1.0253	1.2475	473.04	0.43234	39.738	0.067688	supercritical
911.67	16.000	90.031	0.011107	969.99	1147.7	2.9145	1.0258	1.2478	473.46	0.42918	39.785	0.067802	supercritical
913.33	16.000	89.859	0.011129	971.73	1149.8	2.9168	1.0263	1.2482	473.88	0.42604	39.833	0.067915	supercritical
915.00	16.000	89.688	0.011150	973.47	1151.9	2.9191	1.0267	1.2485	474.30	0.42292	39.880	0.068028	supercritical
916.67	16.000	89.517	0.011171	975.21	1153.9	2.9213	1.0272	1.2489	474.71	0.41981	39.928	0.068141	supercritical
918.33	16.000	89.347	0.011192	976.95	1156.0	2.9236	1.0277	1.2492	475.13	0.41672	39.975	0.068254	supercritical
920.00	16.000	89.177	0.011214	978.69	1158.1	2.9259	1.0282	1.2496	475.54	0.41364	40.023	0.068368	supercritical
921.67	16.000	89.009	0.011235	980.44	1160.2	2.9281	1.0287	1.2499	475.96	0.41058	40.070	0.068481	supercritical
923.33	16.000	88.841	0.011256	982.18	1162.3	2.9304	1.0292	1.2503	476.37	0.40753	40.117	0.068594	supercritical
925.00	16.000	88.673	0.011277	983.92	1164.4	2.9326	1.0297	1.2506	476.78	0.40450	40.165	0.068707	supercritical
926.67	16.000	88.507	0.011299	985.67	1166.4	2.9349	1.0302	1.2510	477.20	0.40148	40.212	0.068820	supercritical
928.33	16.000	88.341	0.011320	987.41	1168.5	2.9371	1.0307	1.2513	477.61	0.39848	40.259	0.068932	supercritical
930.00	16.000	88.176	0.011341	989.16	1170.6	2.9394	1.0312	1.2516	478.02	0.39550	40.306	0.069045	supercritical
931.67	16.000	88.011	0.011362	990.91	1172.7	2.9416	1.0316	1.2520	478.43	0.39253	40.354	0.069158	supercritical
933.33	16.000	87.847	0.011383	992.66	1174.8	2.9439	1.0321	1.2523	478.84	0.38957	40.401	0.069271	supercritical
935.00	16.000	87.684	0.011405	994.40	1176.9	2.9461	1.0326	1.2527	479.25	0.38663	40.448	0.069384	supercritical
936.67	16.000	87.521	0.011426	996.15	1179.0	2.9483	1.0331	1.2530	479.66	0.38370	40.495	0.069496	supercritical
938.33	16.000	87.359	0.011447	997.90	1181.1	2.9506	1.0336	1.2534	480.07	0.38078	40.542	0.069609	supercritical
940.00	16.000	87.198	0.011468	999.65	1183.1	2.9528	1.0340	1.2537	480.48	0.37789	40.589	0.069721	supercritical
941.67	16.000	87.037	0.011489	1001.4	1185.2	2.9550	1.0345	1.2540	480.89	0.37500	40.636	0.069834	supercritical
943.33	16.000	86.877	0.011510	1003.2	1187.3	2.9572	1.0350	1.2544	481.30	0.37213	40.683	0.069946	supercritical
945.00	16.000	86.718	0.011532	1004.9	1189.4	2.9594	1.0355	1.2547	481.71	0.36927	40.730	0.070059	supercritical
946.67	16.000	86.559	0.011553	1006.7	1191.5	2.9617	1.0359	1.2551	482.11	0.36643	40.777	0.070171	supercritical
948.33	16.000	86.401	0.011574	1008.4	1193.6	2.9639	1.0364	1.2554	482.52	0.36360	40.824	0.070283	supercritical
950.00	16.000	86.243	0.011595	1010.2	1195.7	2.9661	1.0369	1.2557	482.93	0.36078	40.871	0.070396	supercritical
951.67	16.000	86.087	0.011616	1011.9	1197.8	2.9683	1.0373	1.2561	483.33	0.35798	40.918	0.070508	supercritical
953.33	16.000	85.930	0.011637	1013.7	1199.9	2.9705	1.0378	1.2564	483.74	0.35519	40.965	0.070620	supercritical
955.00	16.000	85.775	0.011658	1015.4	1202.0	2.9727	1.0383	1.2567	484.14	0.35242	41.012	0.070732	supercritical
956.67	16.000	85.620	0.011680	1017.2	1204.1	2.9749	1.0387	1.2571	484.55	0.34966	41.058	0.070844	supercritical
958.33	16.000	85.465	0.011701	1019.0	1206.2	2.9770	1.0392	1.2574	484.95	0.34691	41.105	0.070956	supercritical
960.00	16.000	85.311	0.011722	1020.7	1208.3	2.9792	1.0397	1.2578	485.35	0.34417	41.152	0.071068	supercritical
961.67	16.000	85.158	0.011743	1022.5	1210.4	2.9814	1.0401	1.2581	485.75	0.34145	41.199	0.071180	supercritical
963.33	16.000	85.005	0.011764	1024.2	1212.5	2.9836	1.0406	1.2584	486.16	0.33874	41.245	0.071292	supercritical
965.00	16.000	84.853	0.011785	1026.0	1214.5	2.9858	1.0410	1.2588	486.56	0.33604	41.292	0.071404	supercritical
966.67	16.000	84.702	0.011806	1027.7	1216.6	2.9879	1.0415	1.2591	486.96	0.33336	41.339	0.071515	supercritical
968.33	16.000	84.551	0.011827	1029.5	1218.7	2.9901	1.0420	1.2594	487.36	0.33069	41.385	0.071627	supercritical
970.00	16.000	84.400	0.011848	1031.3	1220.8	2.9923	1.0424	1.2598	487.76	0.32803	41.432	0.071739	supercritical
971.67	16.000	84.250	0.011869	1033.0	1222.9	2.9944	1.0429	1.2601	488.16	0.32538	41.478	0.071850	supercritical
973.33	16.000	84.101	0.011890	1034.8	1225.0	2.9966	1.0433	1.2604	488.56	0.32275	41.525	0.071962	supercritical
975.00	16.000	83.953	0.011911	1036.6	1227.1	2.9987	1.0438	1.2608	488.96	0.32013	41.571	0.072074	supercritical
976.67	16.000	83.805	0.011933	1038.3	1229.2	3.0009	1.0442	1.2611	489.36	0.31752	41.618	0.072185	supercritical
978.33	16.000	83.657	0.011954	1040.1	1231.4	3.0031	1.0447	1.2614	489.76	0.31492	41.664	0.072296	supercritical
980.00	16.000	83.510	0.011975	1041.9	1233.5	3.0052	1.0451	1.2618	490.16	0.31234	41.710	0.072408	supercritical
981.67	16.000	83.364	0.011996	1043.6	1235.6	3.0073	1.0456	1.2621	490.55	0.30976	41.757	0.072519	supercritical
983.33	16.000	83.218	0.012017	1045.4	1237.7	3.0095	1.0460	1.2624	490.95	0.30720	41.803	0.072630	supercritical
985.00	16.000	83.072	0.012038	1047.2	1239.8	3.0116	1.0465	1.2628	491.35	0.30465	41.849	0.072741	supercritical
986.67	16.000	82.928	0.012059	1048.9	1241.9	3.0138	1.0469	1.2631	491.74	0.30211	41.896	0.072853	supercritical
988.33	16.000	82.783	0.012080	1050.7	1244.0	3.0159	1.0473	1.2634	492.14	0.29959	41.942	0.072964	supercritical
990.00	16.000	82.640	0.012101	1052.5	1246.1	3.0180	1.0478	1.2637	492.53	0.29707	41.988	0.073075	supercritical
991.67	16.000	82.496	0.012122	1054.2	1248.2	3.0201	1.0482	1.2641	492.93	0.29457	42.034	0.073186	supercritical
993.33	16.000	82.354	0.012143	1056.0	1250.3	3.0223	1.0487	1.2644	493.32	0.29208	42.081	0.073297	supercritical
995.00	16.000	82.212	0.012164	1057.8	1252.4	3.0244	1.0491	1.2647	493.72	0.28960	42.127	0.073407	supercritical
996.67	16.000	82.070	0.012185	1059.6	1254.5	3.0265	1.0495	1.2651	494.11	0.28713	42.173	0.073518	supercritical
998.33	16.000	81.929	0.012206	1061.3	1256.6	3.0286	1.0500	1.2654	494.50	0.28467	42.219	0.073629	supercritical
1000.0	16.000	81.788	0.012227	1063.1	1258.7	3.0307	1.0504	1.2657	494.90	0.28223	42.265	0.073740	supercritical
1001.7	16.000	81.648	0.012248	1064.9	1260.8	3.0328	1.0508	1.2660	495.29	0.27979	42.311	0.073850	supercritical
1003.3	16.000	81.509	0.012269	1066.7	1262.9	3.0349	1.0513	1.2664	495.68	0.27737	42.357	0.073961	supercritical
1005.0	16.000	81.370	0.012290	1068.4	1265.1	3.0370	1.0517	1.2667	496.07	0.27495	42.403	0.074072	supercritical
1006.7	16.000	81.231	0.012311	1070.2	1267.2	3.0391	1.0521	1.2670	496.46	0.27255	42.449	0.074182	supercritical
1008.3	16.000	81.093	0.012331	1072.0	1269.3	3.0412	1.0525	1.2673	496.85	0.27016	42.495	0.074293	supercritical
1010.0	16.000	80.956	0.012352	1073.8	1271.4	3.0433	1.0530	1.2676	497.24	0.26778	42.541	0.074403	supercritical
1011.7	16.000	80.819	0.012373	1075.5	1273.5	3.0454	1.0534	1.2680	497.63	0.26541	42.587	0.074513	supercritical
1013.3	16.000	80.682	0.012394	1077.3	1275.6	3.0475	1.0538	1.2683	498.02	0.26305	42.633	0.074624	supercritical
1015.0	16.000	80.546	0.012415	1079.1	1277.7	3.0496	1.0542	1.2686	498.41	0.26070	42.678	0.074734	supercritical
1016.7	16.000	80.411	0.012436	1080.9	1279.9	3.0517	1.0547	1.2689	498.80	0.25836	42.724	0.074844	supercritical
1018.3	16.000	80.276	0.012457	1082.7	1282.0	3.0538	1.0551	1.2692	499.19	0.25603	42.770	0.074954	supercritical
1020.0	16.000	80.141	0.012478	1084.4	1284.1	3.0558	1.0555	1.2696	499.58	0.25371	42.816	0.075064	supercritical
1021.7	16.000	80.007	0.012499	1086.2	1286.2	3.0579	1.0559	1.2699	499.96	0.25141	42.861	0.075174	supercritical
1023.3	16.000	79.873	0.012520	1088.0	1288.3	3.0600	1.0563	1.2702	500.35	0.24911	42.907	0.075284	supercritical
1025.0	16.000	79.740	0.012541	1089.8	1290.4	3.0620	1.0568	1.2705	500.74	0.24682	42.953	0.075394	supercritical
1026.7	16.000	79.608	0.012562	1091.6	1292.5	3.0641	1.0572	1.2708	501.12	0.24454	42.998	0.075504	supercritical
1028.3	16.000	79.475	0.012583	1093.3	1294.7	3.0662	1.0576	1.2712	501.51	0.24227	43.044	0.075614	supercritical
1030.0	16.000	79.344	0.012603	1095.1	1296.8	3.0682	1.0580	1.2715	501.89	0.24002	43.090	0.075723	supercritical
1031.7	16.000	79.212	0.012624	1096.9	1298.9	3.0703	1.0584	1.2718	502.28	0.23777	43.135	0.075833	supercritical
1033.3	16.000	79.082	0.012645	1098.7	1301.0	3.0723	1.0588	1.2721	502.66	0.23553	43.181	0.075943	supercritical
1035.0	16.000	78.951	0.012666	1100.5	1303.1	3.0744	1.0592	1.2724	503.05	0.23330	43.226	0.076052	supercritical
1036.7	16.000	78.821	0.012687	1102.3	1305.3	3.0764	1.0596	1.2727	503.43	0.23108	43.272	0.076162	supercritical
1038.3	16.000	78.692	0.012708	1104.1	1307.4	3.0785	1.0600	1.2730	503.82	0.22887	43.317	0.076271	supercritical
1040.0	16.000	78.563	0.012729	1105.9	1309.5	3.0805	1.0604	1.2734	504.20	0.22667	43.363	0.076381	supercritical
1041.7	16.000	78.434	0.012749	1107.6	1311.6	3.0826	1.0609	1.2737	504.58	0.22448	43.408	0.076490	supercritical
1043.3	16.000	78.306	0.012770	1109.4	1313.8	3.0846	1.0613	1.2740	504.96	0.22230	43.453	0.076599	supercritical
1045.0	16.000	78.179	0.012791	1111.2	1315.9	3.0866	1.0617	1.2743	505.35	0.22013	43.499	0.076709	supercritical
1046.7	16.000	78.052	0.012812	1113.0	1318.0	3.0887	1.0621	1.2746	505.73	0.21797	43.544	0.076818	supercritical
1048.3	16.000	77.925	0.012833	1114.8	1320.1	3.0907	1.0625	1.2749	506.11	0.21582	43.589	0.076927	supercritical
1050.0	16.000	77.798	0.012854	1116.6	1322.3	3.0927	1.0629	1.2752	506.49	0.21367	43.635	0.077036	supercritical
1051.7	16.000	77.673	0.012875	1118.4	1324.4	3.0947	1.0633	1.2755	506.87	0.21154	43.680	0.077145	supercritical
1053.3	16.000	77.547	0.012895	1120.2	1326.5	3.0968	1.0637	1.2758	507.25	0.20941	43.725	0.077254	supercritical
1055.0	16.000	77.422	0.012916	1122.0	1328.6	3.0988	1.0640	1.2761	507.63	0.20730	43.770	0.077363	supercritical
1056.7	16.000	77.297	0.012937	1123.8	1330.8	3.1008	1.0644	1.2764	508.01	0.20519	43.815	0.077472	supercritical
1058.3	16.000	77.173	0.012958	1125.6	1332.9	3.1028	1.0648	1.2767	508.39	0.20309	43.861	0.077581	supercritical
1060.0	16.000	77.050	0.012979	1127.4	1335.0	3.1048	1.0652	1.2771	508.77	0.20100	43.906	0.077689	supercritical
1061.7	16.000	76.926	0.012999	1129.2	1337.1	3.1068	1.0656	1.2774	509.14	0.19892	43.951	0.077798	supercritical
1063.3	16.000	76.803	0.013020	1130.9	1339.3	3.1088	1.0660	1.2777	509.52	0.19685	43.996	0.077907	supercritical
1065.0	16.000	76.681	0.013041	1132.7	1341.4	3.1108	1.0664	1.2780	509.90	0.19478	44.041	0.078015	supercritical
1066.7	16.000	76.559	0.013062	1134.5	1343.5	3.1128	1.0668	1.2783	510.28	0.19273	44.086	0.078124	supercritical
1068.3	16.000	76.437	0.013083	1136.3	1345.7	3.1148	1.0672	1.2786	510.65	0.19068	44.131	0.078232	supercritical
1070.0	16.000	76.316	0.013103	1138.1	1347.8	3.1168	1.0676	1.2789	511.03	0.18864	44.176	0.078341	supercritical
1071.7	16.000	76.195	0.013124	1139.9	1349.9	3.1188	1.0680	1.2792	511.41	0.18661	44.221	0.078449	supercritical
1073.3	16.000	76.074	0.013145	1141.7	1352.1	3.1208	1.0683	1.2795	511.78	0.18459	44.266	0.078557	supercritical
1075.0	16.000	75.954	0.013166	1143.5	1354.2	3.1228	1.0687	1.2798	512.16	0.18258	44.311	0.078666	supercritical
1076.7	16.000	75.835	0.013187	1145.3	1356.3	3.1248	1.0691	1.2801	512.53	0.18057	44.355	0.078774	supercritical
1078.3	16.000	75.716	0.013207	1147.1	1358.5	3.1267	1.0695	1.2804	512.91	0.17858	44.400	0.078882	supercritical
1080.0	16.000	75.597	0.013228	1148.9	1360.6	3.1287	1.0699	1.2807	513.28	0.17659	44.445	0.078990	supercritical
1081.7	16.000	75.478	0.013249	1150.7	1362.7	3.1307	1.0702	1.2810	513.65	0.17461	44.490	0.079098	supercritical
1083.3	16.000	75.360	0.013270	1152.5	1364.9	3.1327	1.0706	1.2813	514.03	0.17264	44.535	0.079206	supercritical
1085.0	16.000	75.242	0.013290	1154.4	1367.0	3.1346	1.0710	1.2816	514.40	0.17068	44.579	0.079314	supercritical
1086.7	16.000	75.125	0.013311	1156.2	1369.1	3.1366	1.0714	1.2819	514.77	0.16872	44.624	0.079422	supercritical
1088.3	16.000	75.008	0.013332	1158.0	1371.3	3.1386	1.0717	1.2822	515.15	0.16677	44.669	0.079529	supercritical
1090.0	16.000	74.892	0.013353	1159.8	1373.4	3.1405	1.0721	1.2825	515.52	0.16483	44.713	0.079637	supercritical
1091.7	16.000	74.776	0.013373	1161.6	1375.5	3.1425	1.0725	1.2827	515.89	0.16290	44.758	0.079745	supercritical
1093.3	16.000	74.660	0.013394	1163.4	1377.7	3.1444	1.0729	1.2830	516.26	0.16098	44.803	0.079852	supercritical
1095.0	16.000	74.544	0.013415	1165.2	1379.8	3.1464	1.0732	1.2833	516.63	0.15906	44.847	0.079960	supercritical
1096.7	16.000	74.429	0.013436	1167.0	1382.0	3.1484	1.0736	1.2836	517.00	0.15715	44.892	0.080067	supercritical
1098.3	16.000	74.315	0.013456	1168.8	1384.1	3.1503	1.0740	1.2839	517.37	0.15525	44.936	0.080175	supercritical
1100.0	16.000	74.201	0.013477	1170.6	1386.2	3.1522	1.0743	1.2842	517.74	0.15336	44.981	0.080282	supercritical
1101.7	16.000	74.087	0.013498	1172.4	1388.4	3.1542	1.0747	1.2845	518.11	0.15147	45.025	0.080390	supercritical
1103.3	16.000	73.973	0.013518	1174.2	1390.5	3.1561	1.0751	1.2848	518.48	0.14959	45.070	0.080497	supercritical
1105.0	16.000	73.860	0.013539	1176.0	1392.7	3.1581	1.0754	1.2851	518.85	0.14772	45.114	0.080604	supercritical
1106.7	16.000	73.747	0.013560	1177.8	1394.8	3.1600	1.0758	1.2854	519.22	0.14586	45.159	0.080711	supercritical
1108.3	16.000	73.635	0.013581	1179.7	1396.9	3.1619	1.0762	1.2857	519.59	0.14401	45.203	0.080818	supercritical
1110.0	16.000	73.523	0.013601	1181.5	1399.1	3.1639	1.0765	1.2860	519.96	0.14216	45.247	0.080925	supercritical
1111.7	16.000	73.411	0.013622	1183.3	1401.2	3.1658	1.0769	1.2862	520.32	0.14032	45.292	0.081032	supercritical
1113.3	16.000	73.300	0.013643	1185.1	1403.4	3.1677	1.0773	1.2865	520.69	0.13848	45.336	0.081139	supercritical
1115.0	16.000	73.189	0.013663	1186.9	1405.5	3.1697	1.0776	1.2868	521.06	0.13666	45.380	0.081246	supercritical
1116.7	16.000	73.078	0.013684	1188.7	1407.7	3.1716	1.0780	1.2871	521.43	0.13484	45.425	0.081353	supercritical
1118.3	16.000	72.968	0.013705	1190.5	1409.8	3.1735	1.0783	1.2874	521.79	0.13303	45.469	0.081460	supercritical
1120.0	16.000	72.858	0.013725	1192.4	1412.0	3.1754	1.0787	1.2877	522.16	0.13122	45.513	0.081567	supercritical
1121.7	16.000	72.748	0.013746	1194.2	1414.1	3.1773	1.0790	1.2880	522.52	0.12942	45.557	0.081673	supercritical
1123.3	16.000	72.639	0.013767	1196.0	1416.3	3.1792	1.0794	1.2882	522.89	0.12763	45.601	0.081780	supercritical
1125.0	16.000	72.530	0.013787	1197.8	1418.4	3.1812	1.0797	1.2885	523.25	0.12585	45.645	0.081886	supercritical
1126.7	16.000	72.422	0.013808	1199.6	1420.5	3.1831	1.0801	1.2888	523.62	0.12407	45.690	0.081993	supercritical
1128.3	16.000	72.313	0.013829	1201.4	1422.7	3.1850	1.0805	1.2891	523.98	0.12230	45.734	0.082099	supercritical
1130.0	16.000	72.206	0.013849	1203.3	1424.8	3.1869	1.0808	1.2894	524.35	0.12054	45.778	0.082206	supercritical
1131.7	16.000	72.098	0.013870	1205.1	1427.0	3.1888	1.0812	1.2896	524.71	0.11878	45.822	0.082312	supercritical
1133.3	16.000	71.991	0.013891	1206.9	1429.1	3.1907	1.0815	1.2899	525.07	0.11703	45.866	0.082418	supercritical
1135.0	16.000	71.884	0.013911	1208.7	1431.3	3.1926	1.0819	1.2902	525.44	0.11529	45.910	0.082524	supercritical
1136.7	16.000	71.778	0.013932	1210.5	1433.4	3.1945	1.0822	1.2905	525.80	0.11355	45.954	0.082631	supercritical
1138.3	16.000	71.671	0.013953	1212.4	1435.6	3.1964	1.0825	1.2908	526.16	0.11183	45.998	0.082737	supercritical
1140.0	16.000	71.565	0.013973	1214.2	1437.7	3.1982	1.0829	1.2910	526.53	0.11010	46.042	0.082843	supercritical
1141.7	16.000	71.460	0.013994	1216.0	1439.9	3.2001	1.0832	1.2913	526.89	0.10839	46.086	0.082949	supercritical
1143.3	16.000	71.355	0.014014	1217.8	1442.1	3.2020	1.0836	1.2916	527.25	0.10668	46.129	0.083054	supercritical
1145.0	16.000	71.250	0.014035	1219.6	1444.2	3.2039	1.0839	1.2919	527.61	0.10497	46.173	0.083160	supercritical
1146.7	16.000	71.145	0.014056	1221.5	1446.4	3.2058	1.0843	1.2921	527.97	0.10328	46.217	0.083266	supercritical
1148.3	16.000	71.041	0.014076	1223.3	1448.5	3.2076	1.0846	1.2924	528.33	0.10159	46.261	0.083372	supercritical
1150.0	16.000	70.937	0.014097	1225.1	1450.7	3.2095	1.0849	1.2927	528.69	0.099905	46.305	0.083478	supercritical
1151.7	16.000	70.834	0.014118	1226.9	1452.8	3.2114	1.0853	1.2930	529.05	0.098228	46.349	0.083583	supercritical
1153.3	16.000	70.730	0.014138	1228.8	1455.0	3.2133	1.0856	1.2932	529.41	0.096557	46.392	0.083689	supercritical
1155.0	16.000	70.627	0.014159	1230.6	1457.1	3.2151	1.0860	1.2935	529.77	0.094892	46.436	0.083794	supercritical
1156.7	16.000	70.525	0.014179	1232.4	1459.3	3.2170	1.0863	1.2938	530.13	0.093234	46.480	0.083900	supercritical
1158.3	16.000	70.422	0.014200	1234.2	1461.4	3.2189	1.0866	1.2940	530.49	0.091582	46.523	0.084005	supercritical
1160.0	16.000	70.320	0.014221	1236.1	1463.6	3.2207	1.0870	1.2943	530.85	0.089937	46.567	0.084110	supercritical
1161.7	16.000	70.219	0.014241	1237.9	1465.8	3.2226	1.0873	1.2946	531.21	0.088297	46.611	0.084216	supercritical
1163.3	16.000	70.117	0.014262	1239.7	1467.9	3.2244	1.0876	1.2949	531.56	0.086664	46.654	0.084321	supercritical
1165.0	16.000	70.016	0.014282	1241.6	1470.1	3.2263	1.0880	1.2951	531.92	0.085037	46.698	0.084426	supercritical
1166.7	16.000	69.915	0.014303	1243.4	1472.2	3.2281	1.0883	1.2954	532.28	0.083415	46.741	0.084531	supercritical
1168.3	16.000	69.815	0.014324	1245.2	1474.4	3.2300	1.0886	1.2957	532.64	0.081800	46.785	0.084636	supercritical
1170.0	16.000	69.715	0.014344	1247.0	1476.6	3.2318	1.0889	1.2959	532.99	0.080191	46.828	0.084741	supercritical
1171.7	16.000	69.615	0.014365	1248.9	1478.7	3.2337	1.0893	1.2962	533.35	0.078588	46.872	0.084846	supercritical
1173.3	16.000	69.515	0.014385	1250.7	1480.9	3.2355	1.0896	1.2965	533.70	0.076991	46.915	0.084951	supercritical
1175.0	16.000	69.416	0.014406	1252.5	1483.0	3.2374	1.0899	1.2967	534.06	0.075399	46.959	0.085056	supercritical
1176.7	16.000	69.317	0.014426	1254.4	1485.2	3.2392	1.0902	1.2970	534.42	0.073814	47.002	0.085161	supercritical
1178.3	16.000	69.218	0.014447	1256.2	1487.4	3.2410	1.0906	1.2973	534.77	0.072234	47.046	0.085265	supercritical
1180.0	16.000	69.120	0.014468	1258.0	1489.5	3.2429	1.0909	1.2975	535.13	0.070660	47.089	0.085370	supercritical
1181.7	16.000	69.022	0.014488	1259.9	1491.7	3.2447	1.0912	1.2978	535.48	0.069092	47.132	0.085475	supercritical
1183.3	16.000	68.924	0.014509	1261.7	1493.8	3.2465	1.0915	1.2980	535.83	0.067530	47.176	0.085579	supercritical
1185.0	16.000	68.827	0.014529	1263.5	1496.0	3.2484	1.0919	1.2983	536.19	0.065974	47.219	0.085684	supercritical
1186.7	16.000	68.729	0.014550	1265.4	1498.2	3.2502	1.0922	1.2986	536.54	0.064423	47.262	0.085788	supercritical
1188.3	16.000	68.632	0.014570	1267.2	1500.3	3.2520	1.0925	1.2988	536.90	0.062878	47.305	0.085892	supercritical
1190.0	16.000	68.536	0.014591	1269.0	1502.5	3.2538	1.0928	1.2991	537.25	0.061338	47.349	0.085997	supercritical
1191.7	16.000	68.439	0.014611	1270.9	1504.7	3.2557	1.0931	1.2994	537.60	0.059804	47.392	0.086101	supercritical
1193.3	16.000	68.343	0.014632	1272.7	1506.8	3.2575	1.0935	1.2996	537.95	0.058276	47.435	0.086205	supercritical
1195.0	16.000	68.247	0.014653	1274.6	1509.0	3.2593	1.0938	1.2999	538.31	0.056753	47.478	0.086309	supercritical
1196.7	16.000	68.152	0.014673	1276.4	1511.2	3.2611	1.0941	1.3001	538.66	0.055235	47.521	0.086413	supercritical
1198.3	16.000	68.057	0.014694	1278.2	1513.3	3.2629	1.0944	1.3004	539.01	0.053724	47.565	0.086518	supercritical
1200.0	16.000	67.962	0.014714	1280.1	1515.5	3.2647	1.0947	1.3006	539.36	0.052217	47.608	0.086621	supercritical
1201.7	16.000	67.867	0.014735	1281.9	1517.7	3.2665	1.0950	1.3009	539.71	0.050716	47.651	0.086725	supercritical
1203.3	16.000	67.773	0.014755	1283.8	1519.8	3.2683	1.0953	1.3012	540.06	0.049220	47.694	0.086829	supercritical
1205.0	16.000	67.678	0.014776	1285.6	1522.0	3.2701	1.0956	1.3014	540.42	0.047730	47.737	0.086933	supercritical
1206.7	16.000	67.585	0.014796	1287.4	1524.2	3.2719	1.0960	1.3017	540.77	0.046245	47.780	0.087037	supercritical
1208.3	16.000	67.491	0.014817	1289.3	1526.3	3.2737	1.0963	1.3019	541.12	0.044765	47.823	0.087140	supercritical
1210.0	16.000	67.398	0.014837	1291.1	1528.5	3.2755	1.0966	1.3022	541.47	0.043291	47.866	0.087244	supercritical
1211.7	16.000	67.305	0.014858	1293.0	1530.7	3.2773	1.0969	1.3024	541.81	0.041822	47.909	0.087348	supercritical
1213.3	16.000	67.212	0.014878	1294.8	1532.9	3.2791	1.0972	1.3027	542.16	0.040358	47.952	0.087451	supercritical
1215.0	16.000	67.119	0.014899	1296.6	1535.0	3.2809	1.0975	1.3029	542.51	0.038899	47.995	0.087555	supercritical
1216.7	16.000	67.027	0.014919	1298.5	1537.2	3.2827	1.0978	1.3032	542.86	0.037446	48.037	0.087658	supercritical
1218.3	16.000	66.935	0.014940	1300.3	1539.4	3.2845	1.0981	1.3034	543.21	0.035997	48.080	0.087761	supercritical
1220.0	16.000	66.843	0.014960	1302.2	1541.5	3.2862	1.0984	1.3037	543.56	0.034554	48.123	0.087865	supercritical
1221.7	16.000	66.752	0.014981	1304.0	1543.7	3.2880	1.0987	1.3039	543.91	0.033116	48.166	0.087968	supercritical
1223.3	16.000	66.661	0.015001	1305.9	1545.9	3.2898	1.0990	1.3042	544.25	0.031683	48.209	0.088071	supercritical
1225.0	16.000	66.570	0.015022	1307.7	1548.1	3.2916	1.0993	1.3044	544.60	0.030254	48.251	0.088174	supercritical
1226.7	16.000	66.479	0.015042	1309.6	1550.2	3.2933	1.0996	1.3047	544.95	0.028831	48.294	0.088277	supercritical
1228.3	16.000	66.389	0.015063	1311.4	1552.4	3.2951	1.0999	1.3049	545.29	0.027413	48.337	0.088380	supercritical
1230.0	16.000	66.298	0.015083	1313.3	1554.6	3.2969	1.1002	1.3052	545.64	0.026000	48.380	0.088483	supercritical
1231.7	16.000	66.209	0.015104	1315.1	1556.8	3.2986	1.1005	1.3054	545.99	0.024592	48.422	0.088586	supercritical
1233.3	16.000	66.119	0.015124	1317.0	1558.9	3.3004	1.1008	1.3057	546.33	0.023188	48.465	0.088689	supercritical
1235.0	16.000	66.030	0.015145	1318.8	1561.1	3.3022	1.1011	1.3059	546.68	0.021790	48.508	0.088792	supercritical
1236.7	16.000	65.940	0.015165	1320.6	1563.3	3.3039	1.1014	1.3062	547.02	0.020396	48.550	0.088895	supercritical
1238.3	16.000	65.851	0.015186	1322.5	1565.5	3.3057	1.1017	1.3064	547.37	0.019007	48.593	0.088997	supercritical
1240.0	16.000	65.763	0.015206	1324.3	1567.6	3.3075	1.1020	1.3066	547.71	0.017623	48.635	0.089100	supercritical
1241.7	16.000	65.674	0.015227	1326.2	1569.8	3.3092	1.1023	1.3069	548.06	0.016244	48.678	0.089202	supercritical
1243.3	16.000	65.586	0.015247	1328.1	1572.0	3.3110	1.1026	1.3071	548.40	0.014870	48.721	0.089305	supercritical
1245.0	16.000	65.498	0.015268	1329.9	1574.2	3.3127	1.1029	1.3074	548.75	0.013500	48.763	0.089407	supercritical
1246.7	16.000	65.411	0.015288	1331.8	1576.4	3.3145	1.1032	1.3076	549.09	0.012135	48.806	0.089510	supercritical
1248.3	16.000	65.323	0.015308	1333.6	1578.5	3.3162	1.1034	1.3079	549.44	0.010774	48.848	0.089612	supercritical
1250.0	16.000	65.236	0.015329	1335.5	1580.7	3.3180	1.1037	1.3081	549.78	0.0094186	48.890	0.089714	supercritical
1251.7	16.000	65.149	0.015349	1337.3	1582.9	3.3197	1.1040	1.3083	550.12	0.0080675	48.933	0.089817	supercritical
1253.3	16.000	65.062	0.015370	1339.2	1585.1	3.3214	1.1043	1.3086	550.46	0.0067210	48.975	0.089919	supercritical
1255.0	16.000	64.976	0.015390	1341.0	1587.3	3.3232	1.1046	1.3088	550.81	0.0053791	49.018	0.090021	supercritical
1256.7	16.000	64.890	0.015411	1342.9	1589.4	3.3249	1.1049	1.3090	551.15	0.0040417	49.060	0.090123	supercritical
1258.3	16.000	64.804	0.015431	1344.7	1591.6	3.3267	1.1052	1.3093	551.49	0.0027089	49.102	0.090225	supercritical
1260.0	16.000	64.718	0.015452	1346.6	1593.8	3.3284	1.1055	1.3095	551.83	0.0013806	49.145	0.090327	supercritical
1261.7	16.000	64.633	0.015472	1348.4	1596.0	3.3301	1.1057	1.3098	552.17	5.6804e-05	49.187	0.090429	supercritical
1263.3	16.000	64.547	0.015492	1350.3	1598.2	3.3318	1.1060	1.3100	552.52	-0.0012625	49.229	0.090531	supercritical
1265.0	16.000	64.462	0.015513	1352.2	1600.4	3.3336	1.1063	1.3102	552.86	-0.0025774	49.272	0.090632	supercritical
1266.7	16.000	64.378	0.015533	1354.0	1602.5	3.3353	1.1066	1.3105	553.20	-0.0038879	49.314	0.090734	supercritical
1268.3	16.000	64.293	0.015554	1355.9	1604.7	3.3370	1.1069	1.3107	553.54	-0.0051939	49.356	0.090836	supercritical
1270.0	16.000	64.209	0.015574	1357.7	1606.9	3.3387	1.1071	1.3109	553.88	-0.0064956	49.398	0.090937	supercritical
1271.7	16.000	64.125	0.015595	1359.6	1609.1	3.3405	1.1074	1.3112	554.22	-0.0077929	49.440	0.091039	supercritical
1273.3	16.000	64.041	0.015615	1361.4	1611.3	3.3422	1.1077	1.3114	554.56	-0.0090859	49.483	0.091140	supercritical
1275.0	16.000	63.957	0.015635	1363.3	1613.5	3.3439	1.1080	1.3116	554.90	-0.010375	49.525	0.091242	supercritical
1276.7	16.000	63.874	0.015656	1365.2	1615.7	3.3456	1.1083	1.3119	555.24	-0.011659	49.567	0.091343	supercritical
1278.3	16.000	63.790	0.015676	1367.0	1617.8	3.3473	1.1085	1.3121	555.58	-0.012939	49.609	0.091444	supercritical
1280.0	16.000	63.707	0.015697	1368.9	1620.0	3.3490	1.1088	1.3123	555.91	-0.014215	49.651	0.091546	supercritical
1281.7	16.000	63.625	0.015717	1370.7	1622.2	3.3507	1.1091	1.3126	556.25	-0.015486	49.693	0.091647	supercritical
1283.3	16.000	63.542	0.015738	1372.6	1624.4	3.3524	1.1094	1.3128	556.59	-0.016754	49.735	0.091748	supercritical
1285.0	16.000	63.460	0.015758	1374.5	1626.6	3.3541	1.1096	1.3130	556.93	-0.018017	49.777	0.091849	supercritical
1286.7	16.000	63.378	0.015778	1376.3	1628.8	3.3559	1.1099	1.3132	557.27	-0.019276	49.819	0.091950	supercritical
1288.3	16.000	63.296	0.015799	1378.2	1631.0	3.3576	1.1102	1.3135	557.60	-0.020531	49.861	0.092051	supercritical
1290.0	16.000	63.214	0.015819	1380.1	1633.2	3.3592	1.1105	1.3137	557.94	-0.021782	49.903	0.092152	supercritical
1291.7	16.000	63.133	0.015840	1381.9	1635.3	3.3609	1.1107	1.3139	558.28	-0.023028	49.945	0.092253	supercritical
1293.3	16.000	63.052	0.015860	1383.8	1637.5	3.3626	1.1110	1.3142	558.62	-0.024271	49.987	0.092354	supercritical
1295.0	16.000	62.971	0.015880	1385.6	1639.7	3.3643	1.1113	1.3144	558.95	-0.025510	50.029	0.092455	supercritical
1296.7	16.000	62.890	0.015901	1387.5	1641.9	3.3660	1.1115	1.3146	559.29	-0.026744	50.071	0.092555	supercritical
1298.3	16.000	62.809	0.015921	1389.4	1644.1	3.3677	1.1118	1.3148	559.62	-0.027974	50.112	0.092656	supercritical
1300.0	16.000	62.729	0.015942	1391.2	1646.3	3.3694	1.1121	1.3151	559.96	-0.029201	50.154	0.092757	supercritical