Temperature (K)	Pressure (MPa)	Density (kg/m3)	Volume (m3/kg)	Internal Energy (kJ/kg)	Enthalpy (kJ/kg)	Entropy (J/g*K)	Cv (J/g*K)	Cp (J/g*K)	Sound Spd. (m/s)	Joule-Thomson (K/MPa)	Viscosity (uPa*s)	Therm. Cond. (W/m*K)	Phase
300.00	17.000	883.39	0.0011320	231.27	250.52	1.1243	0.92036	2.2439	547.36	0.40235	88.651	0.10166	liquid
301.67	17.000	874.49	0.0011435	234.83	254.27	1.1368	0.92078	2.2661	536.89	0.43471	86.607	0.10008	liquid
303.33	17.000	865.40	0.0011555	238.43	258.07	1.1494	0.92127	2.2896	526.44	0.46900	84.594	0.098505	liquid
305.00	17.000	856.14	0.0011680	242.05	261.91	1.1620	0.92180	2.3144	515.99	0.50536	82.610	0.096935	supercritical
306.67	17.000	846.68	0.0011811	245.71	265.79	1.1747	0.92236	2.3404	505.57	0.54390	80.653	0.095372	supercritical
308.33	17.000	837.01	0.0011947	249.40	269.71	1.1874	0.92293	2.3678	495.18	0.58477	78.723	0.093814	supercritical
310.00	17.000	827.14	0.0012090	253.13	273.68	1.2003	0.92351	2.3963	484.84	0.62811	76.818	0.092264	supercritical
311.67	17.000	817.04	0.0012239	256.89	277.70	1.2132	0.92411	2.4262	474.55	0.67407	74.937	0.090720	supercritical
313.33	17.000	806.72	0.0012396	260.69	281.77	1.2262	0.92475	2.4574	464.33	0.72279	73.079	0.089183	supercritical
315.00	17.000	796.16	0.0012560	264.54	285.89	1.2393	0.92544	2.4900	454.20	0.77445	71.243	0.087655	supercritical
316.67	17.000	785.36	0.0012733	268.42	290.07	1.2526	0.92621	2.5241	444.17	0.82922	69.429	0.086136	supercritical
318.33	17.000	774.30	0.0012915	272.35	294.30	1.2659	0.92708	2.5598	434.25	0.88729	67.637	0.084626	supercritical
320.00	17.000	762.99	0.0013106	276.32	298.60	1.2794	0.92806	2.5971	424.47	0.94883	65.865	0.083127	supercritical
321.67	17.000	751.41	0.0013308	280.34	302.96	1.2930	0.92917	2.6360	414.84	1.0140	64.114	0.081639	supercritical
323.33	17.000	739.56	0.0013522	284.40	307.39	1.3067	0.93038	2.6762	405.39	1.0829	62.384	0.080165	supercritical
325.00	17.000	727.44	0.0013747	288.51	311.88	1.3205	0.93170	2.7174	396.14	1.1556	60.676	0.078704	supercritical
326.67	17.000	715.06	0.0013985	292.67	316.45	1.3345	0.93310	2.7590	387.12	1.2320	58.991	0.077258	supercritical
328.33	17.000	702.42	0.0014237	296.88	321.08	1.3487	0.93456	2.8003	378.37	1.3120	57.331	0.075828	supercritical
330.00	17.000	689.53	0.0014503	301.13	325.78	1.3630	0.93604	2.8407	369.92	1.3955	55.698	0.074416	supercritical
331.67	17.000	676.42	0.0014784	305.42	330.55	1.3774	0.93747	2.8794	361.82	1.4824	54.096	0.073024	supercritical
333.33	17.000	663.11	0.0015080	309.74	335.38	1.3919	0.93878	2.9159	354.10	1.5725	52.528	0.071653	supercritical
335.00	17.000	649.64	0.0015393	314.10	340.27	1.4065	0.93985	2.9492	346.78	1.6655	50.996	0.070305	supercritical
336.67	17.000	636.04	0.0015722	318.48	345.21	1.4212	0.94058	2.9785	339.90	1.7612	49.506	0.068982	supercritical
338.33	17.000	622.35	0.0016068	322.88	350.19	1.4360	0.94089	3.0027	333.47	1.8592	48.061	0.067684	supercritical
340.00	17.000	608.62	0.0016431	327.28	355.21	1.4508	0.94072	3.0203	327.50	1.9587	46.664	0.066411	supercritical
341.67	17.000	594.92	0.0016809	331.68	360.26	1.4656	0.94006	3.0303	322.01	2.0590	45.321	0.065164	supercritical
343.33	17.000	581.29	0.0017203	336.06	365.31	1.4804	0.93893	3.0318	317.01	2.1590	44.034	0.063943	supercritical
345.00	17.000	567.82	0.0017611	340.42	370.36	1.4950	0.93741	3.0246	312.48	2.2580	42.809	0.062749	supercritical
346.67	17.000	554.55	0.0018033	344.73	375.39	1.5096	0.93558	3.0089	308.42	2.3550	41.646	0.061584	supercritical
348.33	17.000	541.55	0.0018465	348.99	380.38	1.5240	0.93353	2.9853	304.80	2.4494	40.549	0.060451	supercritical
350.00	17.000	528.86	0.0018908	353.19	385.33	1.5381	0.93134	2.9547	301.61	2.5404	39.518	0.059350	supercritical
351.67	17.000	516.53	0.0019360	357.32	390.23	1.5521	0.92907	2.9179	298.81	2.6274	38.552	0.058284	supercritical
353.33	17.000	504.59	0.0019818	361.37	395.06	1.5658	0.92678	2.8760	296.38	2.7099	37.650	0.057254	supercritical
355.00	17.000	493.06	0.0020282	365.33	399.81	1.5792	0.92449	2.8298	294.29	2.7875	36.812	0.056261	supercritical
356.67	17.000	481.96	0.0020749	369.21	404.49	1.5924	0.92223	2.7805	292.52	2.8599	36.033	0.055306	supercritical
358.33	17.000	471.29	0.0021218	373.01	409.08	1.6052	0.91998	2.7289	291.04	2.9269	35.312	0.054389	supercritical
360.00	17.000	461.07	0.0021689	376.71	413.58	1.6177	0.91776	2.6759	289.82	2.9885	34.646	0.053512	supercritical
361.67	17.000	451.28	0.0022159	380.33	418.00	1.6300	0.91556	2.6222	288.85	3.0448	34.030	0.052673	supercritical
363.33	17.000	441.92	0.0022628	383.85	422.32	1.6419	0.91338	2.5684	288.09	3.0957	33.463	0.051874	supercritical
365.00	17.000	432.98	0.0023096	387.30	426.56	1.6535	0.91121	2.5151	287.51	3.1417	32.939	0.051114	supercritical
366.67	17.000	424.43	0.0023561	390.65	430.71	1.6649	0.90907	2.4627	287.11	3.1827	32.457	0.050392	supercritical
368.33	17.000	416.28	0.0024022	393.93	434.77	1.6759	0.90695	2.4115	286.87	3.2191	32.013	0.049706	supercritical
370.00	17.000	408.49	0.0024481	397.13	438.75	1.6867	0.90485	2.3618	286.75	3.2512	31.604	0.049058	supercritical
371.67	17.000	401.05	0.0024935	400.25	442.64	1.6972	0.90279	2.3137	286.76	3.2791	31.226	0.048444	supercritical
373.33	17.000	393.94	0.0025385	403.31	446.46	1.7075	0.90077	2.2674	286.87	3.3032	30.879	0.047864	supercritical
375.00	17.000	387.15	0.0025830	406.29	450.20	1.7175	0.89879	2.2229	287.07	3.3236	30.558	0.047316	supercritical
376.67	17.000	380.65	0.0026271	409.21	453.87	1.7272	0.89687	2.1803	287.36	3.3407	30.263	0.046800	supercritical
378.33	17.000	374.43	0.0026707	412.07	457.47	1.7368	0.89499	2.1395	287.71	3.3546	29.990	0.046313	supercritical
380.00	17.000	368.48	0.0027138	414.87	461.00	1.7461	0.89318	2.1005	288.14	3.3656	29.739	0.045855	supercritical
381.67	17.000	362.78	0.0027565	417.61	464.47	1.7552	0.89142	2.0633	288.61	3.3739	29.507	0.045423	supercritical
383.33	17.000	357.31	0.0027987	420.30	467.88	1.7641	0.88972	2.0279	289.14	3.3798	29.292	0.045017	supercritical
385.00	17.000	352.06	0.0028405	422.95	471.23	1.7728	0.88809	1.9941	289.71	3.3833	29.094	0.044635	supercritical
386.67	17.000	347.01	0.0028817	425.54	474.53	1.7814	0.88652	1.9620	290.32	3.3847	28.912	0.044277	supercritical
388.33	17.000	342.17	0.0029226	428.09	477.77	1.7897	0.88502	1.9314	290.96	3.3842	28.743	0.043940	supercritical
390.00	17.000	337.50	0.0029629	430.60	480.97	1.7979	0.88358	1.9023	291.63	3.3819	28.587	0.043623	supercritical
391.67	17.000	333.02	0.0030029	433.07	484.12	1.8060	0.88220	1.8745	292.33	3.3779	28.443	0.043326	supercritical
393.33	17.000	328.69	0.0030424	435.50	487.22	1.8139	0.88089	1.8481	293.05	3.3724	28.310	0.043047	supercritical
395.00	17.000	324.52	0.0030815	437.89	490.28	1.8217	0.87964	1.8229	293.79	3.3656	28.187	0.042786	supercritical
396.67	17.000	320.50	0.0031202	440.25	493.29	1.8293	0.87845	1.7990	294.55	3.3574	28.074	0.042541	supercritical
398.33	17.000	316.61	0.0031584	442.58	496.27	1.8368	0.87732	1.7761	295.32	3.3481	27.970	0.042311	supercritical
400.00	17.000	312.86	0.0031964	444.88	499.22	1.8442	0.87625	1.7543	296.11	3.3378	27.874	0.042096	supercritical
401.67	17.000	309.23	0.0032339	447.15	502.12	1.8514	0.87524	1.7336	296.91	3.3264	27.786	0.041895	supercritical
403.33	17.000	305.71	0.0032711	449.39	504.99	1.8585	0.87428	1.7137	297.72	3.3142	27.705	0.041707	supercritical
405.00	17.000	302.31	0.0033079	451.60	507.84	1.8656	0.87337	1.6948	298.54	3.3012	27.630	0.041532	supercritical
406.67	17.000	299.01	0.0033443	453.79	510.64	1.8725	0.87252	1.6767	299.36	3.2874	27.562	0.041368	supercritical
408.33	17.000	295.82	0.0033805	455.96	513.42	1.8793	0.87173	1.6595	300.19	3.2730	27.500	0.041215	supercritical
410.00	17.000	292.72	0.0034163	458.10	516.18	1.8860	0.87098	1.6429	301.03	3.2580	27.443	0.041073	supercritical
411.67	17.000	289.71	0.0034518	460.22	518.90	1.8927	0.87027	1.6271	301.87	3.2424	27.391	0.040941	supercritical
413.33	17.000	286.78	0.0034869	462.32	521.60	1.8992	0.86962	1.6120	302.71	3.2263	27.344	0.040818	supercritical
415.00	17.000	283.94	0.0035218	464.40	524.28	1.9057	0.86901	1.5976	303.56	3.2098	27.302	0.040704	supercritical
416.67	17.000	281.18	0.0035564	466.47	526.93	1.9121	0.86844	1.5837	304.40	3.1928	27.264	0.040598	supercritical
418.33	17.000	278.50	0.0035907	468.51	529.55	1.9183	0.86792	1.5704	305.25	3.1755	27.230	0.040501	supercritical
420.00	17.000	275.88	0.0036248	470.54	532.16	1.9246	0.86744	1.5577	306.10	3.1579	27.200	0.040411	supercritical
421.67	17.000	273.33	0.0036585	472.55	534.75	1.9307	0.86700	1.5454	306.95	3.1400	27.173	0.040328	supercritical
423.33	17.000	270.85	0.0036920	474.55	537.31	1.9368	0.86659	1.5337	307.81	3.1218	27.150	0.040252	supercritical
425.00	17.000	268.43	0.0037253	476.53	539.86	1.9428	0.86623	1.5224	308.66	3.1034	27.130	0.040183	supercritical
426.67	17.000	266.08	0.0037583	478.50	542.39	1.9487	0.86589	1.5116	309.51	3.0848	27.113	0.040120	supercritical
428.33	17.000	263.78	0.0037911	480.45	544.90	1.9546	0.86560	1.5012	310.36	3.0660	27.099	0.040062	supercritical
430.00	17.000	261.53	0.0038236	482.39	547.39	1.9604	0.86533	1.4912	311.20	3.0471	27.087	0.040010	supercritical
431.67	17.000	259.34	0.0038560	484.32	549.87	1.9662	0.86510	1.4816	312.05	3.0280	27.078	0.039964	supercritical
433.33	17.000	257.20	0.0038881	486.23	552.33	1.9718	0.86490	1.4724	312.90	3.0089	27.072	0.039922	supercritical
435.00	17.000	255.10	0.0039200	488.14	554.78	1.9775	0.86474	1.4635	313.74	2.9896	27.068	0.039885	supercritical
436.67	17.000	253.06	0.0039516	490.03	557.21	1.9831	0.86460	1.4549	314.58	2.9703	27.066	0.039852	supercritical
438.33	17.000	251.06	0.0039831	491.91	559.63	1.9886	0.86448	1.4466	315.42	2.9509	27.067	0.039823	supercritical
440.00	17.000	249.10	0.0040144	493.79	562.03	1.9941	0.86440	1.4387	316.26	2.9315	27.069	0.039798	supercritical
441.67	17.000	247.19	0.0040455	495.65	564.42	1.9995	0.86434	1.4310	317.09	2.9120	27.073	0.039777	supercritical
443.33	17.000	245.32	0.0040764	497.50	566.80	2.0049	0.86431	1.4236	317.92	2.8926	27.079	0.039758	supercritical
445.00	17.000	243.48	0.0041071	499.35	569.17	2.0102	0.86430	1.4165	318.75	2.8731	27.087	0.039743	supercritical
446.67	17.000	241.68	0.0041376	501.18	571.52	2.0155	0.86432	1.4096	319.58	2.8536	27.096	0.039729	supercritical
448.33	17.000	239.92	0.0041680	503.01	573.87	2.0207	0.86436	1.4030	320.40	2.8342	27.107	0.039718	supercritical
450.00	17.000	238.20	0.0041982	504.83	576.20	2.0259	0.86442	1.3966	321.22	2.8148	27.120	0.039707	supercritical
451.67	17.000	236.51	0.0042282	506.64	578.52	2.0311	0.86451	1.3904	322.04	2.7954	27.134	0.039696	supercritical
453.33	17.000	234.85	0.0042581	508.45	580.84	2.0362	0.86461	1.3844	322.86	2.7761	27.149	0.039681	supercritical
455.00	17.000	233.22	0.0042878	510.25	583.14	2.0412	0.86474	1.3786	323.67	2.7568	27.166	0.039654	supercritical
456.67	17.000	231.62	0.0043173	512.04	585.43	2.0463	0.86488	1.3731	324.48	2.7376	27.183	0.039586	supercritical
458.33	17.000	230.06	0.0043467	513.82	587.72	2.0513	0.86505	1.3677	325.28	2.7184	27.203	0.039625	supercritical
460.00	17.000	228.52	0.0043760	515.60	589.99	2.0562	0.86523	1.3625	326.09	2.6993	27.223	0.039667	supercritical
461.67	17.000	227.01	0.0044051	517.37	592.26	2.0611	0.86543	1.3574	326.89	2.6803	27.244	0.039711	supercritical
463.33	17.000	225.53	0.0044341	519.14	594.52	2.0660	0.86565	1.3525	327.68	2.6614	27.267	0.039757	supercritical
465.00	17.000	224.07	0.0044629	520.90	596.77	2.0709	0.86588	1.3478	328.48	2.6425	27.290	0.039805	supercritical
466.67	17.000	222.64	0.0044916	522.65	599.01	2.0757	0.86613	1.3433	329.27	2.6238	27.314	0.039854	supercritical
468.33	17.000	221.23	0.0045201	524.40	601.24	2.0805	0.86640	1.3388	330.05	2.6051	27.340	0.039905	supercritical
470.00	17.000	219.85	0.0045486	526.14	603.47	2.0852	0.86668	1.3346	330.84	2.5865	27.366	0.039958	supercritical
471.67	17.000	218.49	0.0045769	527.88	605.69	2.0899	0.86697	1.3304	331.62	2.5681	27.393	0.040013	supercritical
473.33	17.000	217.15	0.0046051	529.62	607.91	2.0946	0.86728	1.3264	332.40	2.5497	27.421	0.040069	supercritical
475.00	17.000	215.84	0.0046331	531.35	610.11	2.0993	0.86761	1.3225	333.17	2.5314	27.450	0.040126	supercritical
476.67	17.000	214.54	0.0046611	533.08	612.31	2.1039	0.86794	1.3188	333.94	2.5133	27.479	0.040185	supercritical
478.33	17.000	213.27	0.0046889	534.80	614.51	2.1085	0.86829	1.3151	334.71	2.4952	27.510	0.040246	supercritical
480.00	17.000	212.02	0.0047166	536.52	616.70	2.1131	0.86866	1.3116	335.48	2.4773	27.541	0.040308	supercritical
481.67	17.000	210.78	0.0047442	538.23	618.88	2.1176	0.86903	1.3082	336.24	2.4595	27.572	0.040371	supercritical
483.33	17.000	209.57	0.0047717	539.94	621.06	2.1221	0.86942	1.3048	337.00	2.4418	27.604	0.040435	supercritical
485.00	17.000	208.37	0.0047991	541.65	623.23	2.1266	0.86981	1.3016	337.75	2.4242	27.637	0.040501	supercritical
486.67	17.000	207.19	0.0048264	543.35	625.40	2.1311	0.87022	1.2985	338.51	2.4067	27.671	0.040568	supercritical
488.33	17.000	206.03	0.0048536	545.05	627.56	2.1355	0.87064	1.2955	339.26	2.3894	27.705	0.040636	supercritical
490.00	17.000	204.89	0.0048807	546.74	629.72	2.1399	0.87107	1.2926	340.00	2.3721	27.740	0.040706	supercritical
491.67	17.000	203.76	0.0049076	548.44	631.87	2.1443	0.87151	1.2897	340.75	2.3550	27.775	0.040776	supercritical
493.33	17.000	202.65	0.0049345	550.13	634.01	2.1486	0.87196	1.2870	341.49	2.3380	27.811	0.040848	supercritical
495.00	17.000	201.56	0.0049613	551.82	636.16	2.1530	0.87241	1.2843	342.23	2.3212	27.847	0.040921	supercritical
496.67	17.000	200.48	0.0049880	553.50	638.30	2.1573	0.87288	1.2817	342.96	2.3044	27.884	0.040994	supercritical
498.33	17.000	199.42	0.0050146	555.18	640.43	2.1616	0.87336	1.2792	343.69	2.2878	27.921	0.041069	supercritical
500.00	17.000	198.37	0.0050411	556.86	642.56	2.1658	0.87384	1.2768	344.42	2.2713	27.959	0.041145	supercritical
501.67	17.000	197.33	0.0050675	558.54	644.69	2.1701	0.87433	1.2744	345.15	2.2549	27.997	0.041221	supercritical
503.33	17.000	196.31	0.0050939	560.21	646.81	2.1743	0.87483	1.2721	345.87	2.2386	28.036	0.041299	supercritical
505.00	17.000	195.31	0.0051201	561.88	648.93	2.1785	0.87534	1.2699	346.59	2.2225	28.075	0.041377	supercritical
506.67	17.000	194.31	0.0051463	563.55	651.04	2.1827	0.87585	1.2677	347.31	2.2065	28.114	0.041457	supercritical
508.33	17.000	193.33	0.0051724	565.22	653.15	2.1869	0.87638	1.2656	348.03	2.1906	28.154	0.041537	supercritical
510.00	17.000	192.37	0.0051984	566.89	655.26	2.1910	0.87690	1.2636	348.74	2.1748	28.194	0.041618	supercritical
511.67	17.000	191.41	0.0052243	568.55	657.36	2.1951	0.87744	1.2616	349.45	2.1591	28.234	0.041700	supercritical
513.33	17.000	190.47	0.0052502	570.21	659.47	2.1992	0.87798	1.2597	350.15	2.1436	28.275	0.041782	supercritical
515.00	17.000	189.54	0.0052760	571.87	661.56	2.2033	0.87853	1.2579	350.86	2.1282	28.316	0.041866	supercritical
516.67	17.000	188.62	0.0053017	573.53	663.66	2.2074	0.87909	1.2561	351.56	2.1129	28.358	0.041950	supercritical
518.33	17.000	187.71	0.0053273	575.19	665.75	2.2114	0.87965	1.2543	352.26	2.0977	28.399	0.042035	supercritical
520.00	17.000	186.82	0.0053528	576.84	667.84	2.2154	0.88021	1.2526	352.95	2.0826	28.442	0.042120	supercritical
521.67	17.000	185.93	0.0053783	578.49	669.93	2.2194	0.88078	1.2510	353.65	2.0677	28.484	0.042206	supercritical
523.33	17.000	185.06	0.0054037	580.15	672.01	2.2234	0.88136	1.2494	354.34	2.0529	28.527	0.042293	supercritical
525.00	17.000	184.19	0.0054291	581.80	674.09	2.2274	0.88194	1.2478	355.03	2.0382	28.570	0.042381	supercritical
526.67	17.000	183.34	0.0054544	583.44	676.17	2.2313	0.88253	1.2463	355.71	2.0236	28.613	0.042469	supercritical
528.33	17.000	182.50	0.0054796	585.09	678.24	2.2353	0.88312	1.2449	356.40	2.0091	28.656	0.042558	supercritical
530.00	17.000	181.66	0.0055047	586.74	680.32	2.2392	0.88372	1.2435	357.08	1.9948	28.700	0.042648	supercritical
531.67	17.000	180.84	0.0055298	588.38	682.39	2.2431	0.88432	1.2421	357.76	1.9805	28.744	0.042738	supercritical
533.33	17.000	180.02	0.0055548	590.03	684.46	2.2470	0.88492	1.2408	358.43	1.9664	28.788	0.042829	supercritical
535.00	17.000	179.22	0.0055798	591.67	686.53	2.2509	0.88553	1.2395	359.10	1.9524	28.832	0.042920	supercritical
536.67	17.000	178.42	0.0056046	593.31	688.59	2.2547	0.88615	1.2383	359.78	1.9385	28.877	0.043012	supercritical
538.33	17.000	177.64	0.0056295	594.95	690.65	2.2585	0.88676	1.2370	360.44	1.9247	28.922	0.043104	supercritical
540.00	17.000	176.86	0.0056542	596.59	692.71	2.2624	0.88738	1.2359	361.11	1.9110	28.967	0.043197	supercritical
541.67	17.000	176.09	0.0056790	598.23	694.77	2.2662	0.88801	1.2347	361.77	1.8975	29.012	0.043291	supercritical
543.33	17.000	175.33	0.0057036	599.87	696.83	2.2700	0.88864	1.2336	362.44	1.8840	29.057	0.043385	supercritical
545.00	17.000	174.57	0.0057282	601.51	698.89	2.2737	0.88927	1.2326	363.10	1.8707	29.103	0.043479	supercritical
546.67	17.000	173.83	0.0057528	603.14	700.94	2.2775	0.88990	1.2315	363.75	1.8574	29.149	0.043574	supercritical
548.33	17.000	173.09	0.0057772	604.78	702.99	2.2813	0.89054	1.2305	364.41	1.8443	29.195	0.043669	supercritical
550.00	17.000	172.36	0.0058017	606.41	705.04	2.2850	0.89118	1.2296	365.06	1.8313	29.241	0.043765	supercritical
551.67	17.000	171.64	0.0058260	608.05	707.09	2.2887	0.89182	1.2286	365.71	1.8184	29.287	0.043862	supercritical
553.33	17.000	170.93	0.0058504	609.68	709.14	2.2924	0.89247	1.2277	366.36	1.8055	29.334	0.043958	supercritical
555.00	17.000	170.22	0.0058746	611.31	711.18	2.2961	0.89312	1.2269	367.00	1.7928	29.380	0.044056	supercritical
556.67	17.000	169.52	0.0058989	612.94	713.23	2.2998	0.89377	1.2260	367.65	1.7802	29.427	0.044153	supercritical
558.33	17.000	168.83	0.0059230	614.58	715.27	2.3034	0.89442	1.2252	368.29	1.7677	29.474	0.044251	supercritical
560.00	17.000	168.15	0.0059472	616.21	717.31	2.3071	0.89508	1.2244	368.93	1.7553	29.521	0.044350	supercritical
561.67	17.000	167.47	0.0059712	617.84	719.35	2.3107	0.89574	1.2236	369.57	1.7430	29.568	0.044449	supercritical
563.33	17.000	166.80	0.0059953	619.47	721.39	2.3144	0.89640	1.2229	370.20	1.7308	29.615	0.044548	supercritical
565.00	17.000	166.13	0.0060192	621.10	723.43	2.3180	0.89706	1.2222	370.84	1.7187	29.662	0.044648	supercritical
566.67	17.000	165.48	0.0060432	622.73	725.46	2.3216	0.89772	1.2215	371.47	1.7067	29.710	0.044748	supercritical
568.33	17.000	164.83	0.0060670	624.36	727.50	2.3252	0.89839	1.2208	372.10	1.6947	29.757	0.044848	supercritical
570.00	17.000	164.18	0.0060909	625.99	729.53	2.3287	0.89906	1.2201	372.72	1.6829	29.805	0.044949	supercritical
571.67	17.000	163.54	0.0061147	627.61	731.56	2.3323	0.89973	1.2195	373.35	1.6712	29.853	0.045050	supercritical
573.33	17.000	162.91	0.0061384	629.24	733.60	2.3358	0.90040	1.2189	373.97	1.6596	29.901	0.045151	supercritical
575.00	17.000	162.28	0.0061621	630.87	735.63	2.3394	0.90107	1.2183	374.59	1.6480	29.949	0.045253	supercritical
576.67	17.000	161.66	0.0061858	632.50	737.66	2.3429	0.90175	1.2178	375.21	1.6366	29.997	0.045355	supercritical
578.33	17.000	161.05	0.0062094	634.13	739.69	2.3464	0.90242	1.2172	375.83	1.6252	30.045	0.045457	supercritical
580.00	17.000	160.44	0.0062330	635.75	741.71	2.3499	0.90310	1.2167	376.45	1.6139	30.094	0.045560	supercritical
581.67	17.000	159.83	0.0062565	637.38	743.74	2.3534	0.90378	1.2162	377.06	1.6028	30.142	0.045663	supercritical
583.33	17.000	159.24	0.0062800	639.01	745.77	2.3569	0.90446	1.2157	377.67	1.5917	30.190	0.045766	supercritical
585.00	17.000	158.64	0.0063034	640.64	747.79	2.3604	0.90514	1.2153	378.28	1.5807	30.239	0.045870	supercritical
586.67	17.000	158.06	0.0063269	642.26	749.82	2.3638	0.90582	1.2148	378.89	1.5698	30.288	0.045974	supercritical
588.33	17.000	157.47	0.0063502	643.89	751.84	2.3673	0.90650	1.2144	379.50	1.5590	30.336	0.046078	supercritical
590.00	17.000	156.90	0.0063736	645.52	753.87	2.3707	0.90719	1.2140	380.10	1.5482	30.385	0.046182	supercritical
591.67	17.000	156.33	0.0063969	647.14	755.89	2.3741	0.90787	1.2136	380.70	1.5376	30.434	0.046287	supercritical
593.33	17.000	155.76	0.0064201	648.77	757.91	2.3775	0.90856	1.2133	381.30	1.5270	30.483	0.046392	supercritical
595.00	17.000	155.20	0.0064433	650.40	759.94	2.3809	0.90924	1.2129	381.90	1.5165	30.532	0.046497	supercritical
596.67	17.000	154.64	0.0064665	652.03	761.96	2.3843	0.90993	1.2126	382.50	1.5061	30.581	0.046603	supercritical
598.33	17.000	154.09	0.0064897	653.65	763.98	2.3877	0.91062	1.2122	383.10	1.4958	30.630	0.046708	supercritical
600.00	17.000	153.54	0.0065128	655.28	766.00	2.3911	0.91131	1.2119	383.69	1.4855	30.679	0.046814	supercritical
601.67	17.000	153.00	0.0065358	656.91	768.02	2.3944	0.91200	1.2116	384.28	1.4754	30.728	0.046920	supercritical
603.33	17.000	152.47	0.0065589	658.54	770.04	2.3978	0.91269	1.2113	384.87	1.4653	30.778	0.047027	supercritical
605.00	17.000	151.93	0.0065819	660.16	772.05	2.4011	0.91338	1.2111	385.46	1.4553	30.827	0.047133	supercritical
606.67	17.000	151.40	0.0066049	661.79	774.07	2.4045	0.91407	1.2108	386.05	1.4454	30.877	0.047240	supercritical
608.33	17.000	150.88	0.0066278	663.42	776.09	2.4078	0.91476	1.2106	386.64	1.4355	30.926	0.047347	supercritical
610.00	17.000	150.36	0.0066507	665.05	778.11	2.4111	0.91545	1.2104	387.22	1.4257	30.975	0.047455	supercritical
611.67	17.000	149.84	0.0066736	666.67	780.13	2.4144	0.91614	1.2101	387.80	1.4161	31.025	0.047562	supercritical
613.33	17.000	149.33	0.0066964	668.30	782.14	2.4177	0.91683	1.2099	388.38	1.4064	31.075	0.047670	supercritical
615.00	17.000	148.83	0.0067192	669.93	784.16	2.4210	0.91752	1.2098	388.96	1.3969	31.124	0.047778	supercritical
616.67	17.000	148.32	0.0067420	671.56	786.17	2.4242	0.91821	1.2096	389.54	1.3874	31.174	0.047886	supercritical
618.33	17.000	147.83	0.0067647	673.19	788.19	2.4275	0.91890	1.2094	390.12	1.3780	31.223	0.047994	supercritical
620.00	17.000	147.33	0.0067874	674.82	790.21	2.4308	0.91960	1.2093	390.69	1.3687	31.273	0.048102	supercritical
621.67	17.000	146.84	0.0068101	676.45	792.22	2.4340	0.92029	1.2091	391.26	1.3594	31.323	0.048211	supercritical
623.33	17.000	146.35	0.0068328	678.08	794.24	2.4372	0.92098	1.2090	391.84	1.3502	31.373	0.048320	supercritical
625.00	17.000	145.87	0.0068554	679.71	796.25	2.4405	0.92167	1.2089	392.41	1.3411	31.423	0.048429	supercritical
626.67	17.000	145.39	0.0068780	681.34	798.27	2.4437	0.92236	1.2088	392.97	1.3321	31.472	0.048538	supercritical
628.33	17.000	144.92	0.0069005	682.97	800.28	2.4469	0.92305	1.2087	393.54	1.3231	31.522	0.048647	supercritical
630.00	17.000	144.44	0.0069231	684.60	802.29	2.4501	0.92375	1.2086	394.11	1.3142	31.572	0.048757	supercritical
631.67	17.000	143.98	0.0069456	686.23	804.31	2.4533	0.92444	1.2085	394.67	1.3053	31.622	0.048866	supercritical
633.33	17.000	143.51	0.0069680	687.87	806.32	2.4565	0.92513	1.2084	395.23	1.2966	31.672	0.048976	supercritical
635.00	17.000	143.05	0.0069905	689.50	808.34	2.4597	0.92582	1.2084	395.80	1.2878	31.722	0.049086	supercritical
636.67	17.000	142.59	0.0070129	691.13	810.35	2.4628	0.92651	1.2083	396.35	1.2792	31.772	0.049196	supercritical
638.33	17.000	142.14	0.0070353	692.76	812.36	2.4660	0.92720	1.2083	396.91	1.2706	31.822	0.049306	supercritical
640.00	17.000	141.69	0.0070577	694.40	814.38	2.4691	0.92789	1.2082	397.47	1.2621	31.872	0.049417	supercritical
641.67	17.000	141.24	0.0070800	696.03	816.39	2.4723	0.92858	1.2082	398.03	1.2537	31.922	0.049527	supercritical
643.33	17.000	140.80	0.0071023	697.67	818.41	2.4754	0.92927	1.2082	398.58	1.2453	31.972	0.049638	supercritical
645.00	17.000	140.36	0.0071246	699.30	820.42	2.4785	0.92996	1.2082	399.13	1.2369	32.022	0.049748	supercritical
646.67	17.000	139.92	0.0071468	700.94	822.43	2.4817	0.93064	1.2082	399.68	1.2287	32.072	0.049859	supercritical
648.33	17.000	139.49	0.0071691	702.57	824.45	2.4848	0.93133	1.2082	400.23	1.2205	32.122	0.049970	supercritical
650.00	17.000	139.06	0.0071913	704.21	826.46	2.4879	0.93202	1.2082	400.78	1.2123	32.173	0.050081	supercritical
651.67	17.000	138.63	0.0072135	705.85	828.47	2.4910	0.93271	1.2082	401.33	1.2042	32.223	0.050193	supercritical
653.33	17.000	138.21	0.0072356	707.48	830.49	2.4941	0.93339	1.2083	401.88	1.1962	32.273	0.050304	supercritical
655.00	17.000	137.78	0.0072578	709.12	832.50	2.4971	0.93408	1.2083	402.42	1.1882	32.323	0.050416	supercritical
656.67	17.000	137.37	0.0072799	710.76	834.52	2.5002	0.93476	1.2084	402.96	1.1803	32.373	0.050527	supercritical
658.33	17.000	136.95	0.0073020	712.40	836.53	2.5033	0.93545	1.2084	403.51	1.1725	32.423	0.050639	supercritical
660.00	17.000	136.54	0.0073240	714.04	838.54	2.5063	0.93613	1.2085	404.05	1.1647	32.474	0.050751	supercritical
661.67	17.000	136.13	0.0073461	715.67	840.56	2.5094	0.93681	1.2085	404.59	1.1569	32.524	0.050863	supercritical
663.33	17.000	135.72	0.0073681	717.31	842.57	2.5124	0.93749	1.2086	405.13	1.1493	32.574	0.050975	supercritical
665.00	17.000	135.32	0.0073901	718.96	844.59	2.5154	0.93818	1.2087	405.66	1.1416	32.624	0.051087	supercritical
666.67	17.000	134.92	0.0074120	720.60	846.60	2.5185	0.93886	1.2088	406.20	1.1341	32.674	0.051199	supercritical
668.33	17.000	134.52	0.0074340	722.24	848.62	2.5215	0.93954	1.2089	406.73	1.1265	32.725	0.051311	supercritical
670.00	17.000	134.12	0.0074559	723.88	850.63	2.5245	0.94022	1.2090	407.27	1.1191	32.775	0.051424	supercritical
671.67	17.000	133.73	0.0074778	725.52	852.65	2.5275	0.94089	1.2091	407.80	1.1117	32.825	0.051536	supercritical
673.33	17.000	133.34	0.0074997	727.17	854.66	2.5305	0.94157	1.2092	408.33	1.1043	32.875	0.051649	supercritical
675.00	17.000	132.95	0.0075215	728.81	856.68	2.5335	0.94225	1.2093	408.86	1.0970	32.925	0.051761	supercritical
676.67	17.000	132.57	0.0075434	730.45	858.69	2.5365	0.94293	1.2094	409.39	1.0897	32.976	0.051874	supercritical
678.33	17.000	132.18	0.0075652	732.10	860.71	2.5394	0.94360	1.2095	409.92	1.0825	33.026	0.051987	supercritical
680.00	17.000	131.80	0.0075870	733.74	862.72	2.5424	0.94427	1.2097	410.44	1.0754	33.076	0.052100	supercritical
681.67	17.000	131.43	0.0076088	735.39	864.74	2.5454	0.94495	1.2098	410.97	1.0683	33.126	0.052213	supercritical
683.33	17.000	131.05	0.0076305	737.04	866.76	2.5483	0.94562	1.2099	411.49	1.0612	33.176	0.052326	supercritical
685.00	17.000	130.68	0.0076522	738.68	868.77	2.5513	0.94629	1.2101	412.01	1.0542	33.227	0.052439	supercritical
686.67	17.000	130.31	0.0076740	740.33	870.79	2.5542	0.94696	1.2102	412.54	1.0473	33.277	0.052552	supercritical
688.33	17.000	129.94	0.0076956	741.98	872.81	2.5571	0.94763	1.2104	413.06	1.0404	33.327	0.052665	supercritical
690.00	17.000	129.58	0.0077173	743.63	874.82	2.5601	0.94830	1.2106	413.58	1.0335	33.377	0.052779	supercritical
691.67	17.000	129.22	0.0077390	745.28	876.84	2.5630	0.94897	1.2107	414.09	1.0267	33.427	0.052892	supercritical
693.33	17.000	128.86	0.0077606	746.93	878.86	2.5659	0.94964	1.2109	414.61	1.0200	33.477	0.053006	supercritical
695.00	17.000	128.50	0.0077822	748.58	880.88	2.5688	0.95030	1.2111	415.13	1.0132	33.528	0.053119	supercritical
696.67	17.000	128.14	0.0078038	750.23	882.90	2.5717	0.95097	1.2112	415.64	1.0066	33.578	0.053233	supercritical
698.33	17.000	127.79	0.0078254	751.88	884.92	2.5746	0.95163	1.2114	416.16	0.99995	33.628	0.053346	supercritical
700.00	17.000	127.44	0.0078469	753.54	886.94	2.5775	0.95229	1.2116	416.67	0.99337	33.678	0.053460	supercritical
701.67	17.000	127.09	0.0078685	755.19	888.95	2.5804	0.95296	1.2118	417.18	0.98684	33.728	0.053574	supercritical
703.33	17.000	126.74	0.0078900	756.84	890.97	2.5833	0.95362	1.2120	417.69	0.98035	33.778	0.053688	supercritical
705.00	17.000	126.40	0.0079115	758.50	892.99	2.5861	0.95428	1.2122	418.20	0.97391	33.828	0.053801	supercritical
706.67	17.000	126.06	0.0079330	760.15	895.02	2.5890	0.95493	1.2124	418.71	0.96751	33.878	0.053915	supercritical
708.33	17.000	125.72	0.0079545	761.81	897.04	2.5918	0.95559	1.2126	419.22	0.96115	33.929	0.054029	supercritical
710.00	17.000	125.38	0.0079759	763.47	899.06	2.5947	0.95625	1.2128	419.72	0.95484	33.979	0.054143	supercritical
711.67	17.000	125.04	0.0079973	765.12	901.08	2.5975	0.95690	1.2130	420.23	0.94857	34.029	0.054257	supercritical
713.33	17.000	124.71	0.0080188	766.78	903.10	2.6004	0.95756	1.2132	420.73	0.94234	34.079	0.054371	supercritical
715.00	17.000	124.38	0.0080402	768.44	905.12	2.6032	0.95821	1.2135	421.24	0.93615	34.129	0.054486	supercritical
716.67	17.000	124.05	0.0080615	770.10	907.15	2.6060	0.95886	1.2137	421.74	0.93000	34.179	0.054600	supercritical
718.33	17.000	123.72	0.0080829	771.76	909.17	2.6089	0.95951	1.2139	422.24	0.92390	34.229	0.054714	supercritical
720.00	17.000	123.39	0.0081043	773.42	911.19	2.6117	0.96016	1.2141	422.74	0.91784	34.279	0.054828	supercritical
721.67	17.000	123.07	0.0081256	775.08	913.22	2.6145	0.96081	1.2144	423.24	0.91181	34.329	0.054942	supercritical
723.33	17.000	122.75	0.0081469	776.74	915.24	2.6173	0.96146	1.2146	423.74	0.90583	34.379	0.055057	supercritical
725.00	17.000	122.43	0.0081682	778.40	917.26	2.6201	0.96210	1.2148	424.24	0.89988	34.429	0.055171	supercritical
726.67	17.000	122.11	0.0081895	780.07	919.29	2.6229	0.96275	1.2151	424.73	0.89398	34.478	0.055285	supercritical
728.33	17.000	121.79	0.0082108	781.73	921.31	2.6256	0.96339	1.2153	425.23	0.88811	34.528	0.055400	supercritical
730.00	17.000	121.48	0.0082320	783.40	923.34	2.6284	0.96403	1.2156	425.72	0.88228	34.578	0.055514	supercritical
731.67	17.000	121.16	0.0082532	785.06	925.37	2.6312	0.96468	1.2158	426.22	0.87649	34.628	0.055629	supercritical
733.33	17.000	120.85	0.0082745	786.73	927.39	2.6340	0.96532	1.2161	426.71	0.87074	34.678	0.055743	supercritical
735.00	17.000	120.54	0.0082957	788.39	929.42	2.6367	0.96595	1.2163	427.20	0.86503	34.728	0.055858	supercritical
736.67	17.000	120.24	0.0083168	790.06	931.45	2.6395	0.96659	1.2166	427.69	0.85935	34.778	0.055972	supercritical
738.33	17.000	119.93	0.0083380	791.73	933.48	2.6422	0.96723	1.2169	428.18	0.85371	34.827	0.056087	supercritical
740.00	17.000	119.63	0.0083592	793.40	935.50	2.6450	0.96786	1.2171	428.67	0.84810	34.877	0.056201	supercritical
741.67	17.000	119.33	0.0083803	795.07	937.53	2.6477	0.96850	1.2174	429.16	0.84254	34.927	0.056316	supercritical
743.33	17.000	119.03	0.0084015	796.74	939.56	2.6504	0.96913	1.2176	429.65	0.83700	34.977	0.056431	supercritical
745.00	17.000	118.73	0.0084226	798.41	941.59	2.6532	0.96976	1.2179	430.13	0.83151	35.027	0.056545	supercritical
746.67	17.000	118.43	0.0084437	800.08	943.62	2.6559	0.97039	1.2182	430.62	0.82604	35.076	0.056660	supercritical
748.33	17.000	118.14	0.0084648	801.75	945.65	2.6586	0.97102	1.2185	431.10	0.82062	35.126	0.056775	supercritical
750.00	17.000	117.84	0.0084858	803.42	947.68	2.6613	0.97165	1.2187	431.59	0.81522	35.176	0.056889	supercritical
751.67	17.000	117.55	0.0085069	805.10	949.71	2.6640	0.97227	1.2190	432.07	0.80987	35.225	0.057004	supercritical
753.33	17.000	117.26	0.0085279	806.77	951.75	2.6667	0.97290	1.2193	432.55	0.80454	35.275	0.057119	supercritical
755.00	17.000	116.97	0.0085490	808.45	953.78	2.6694	0.97352	1.2196	433.03	0.79925	35.325	0.057233	supercritical
756.67	17.000	116.69	0.0085700	810.12	955.81	2.6721	0.97414	1.2199	433.51	0.79399	35.374	0.057348	supercritical
758.33	17.000	116.40	0.0085910	811.80	957.84	2.6748	0.97477	1.2201	433.99	0.78877	35.424	0.057463	supercritical
760.00	17.000	116.12	0.0086120	813.47	959.88	2.6775	0.97539	1.2204	434.47	0.78358	35.473	0.057578	supercritical
761.67	17.000	115.84	0.0086330	815.15	961.91	2.6801	0.97600	1.2207	434.95	0.77842	35.523	0.057692	supercritical
763.33	17.000	115.55	0.0086539	816.83	963.95	2.6828	0.97662	1.2210	435.43	0.77329	35.572	0.057807	supercritical
765.00	17.000	115.28	0.0086749	818.51	965.98	2.6855	0.97724	1.2213	435.90	0.76820	35.622	0.057922	supercritical
766.67	17.000	115.00	0.0086958	820.19	968.02	2.6881	0.97785	1.2216	436.38	0.76314	35.671	0.058037	supercritical
768.33	17.000	114.72	0.0087167	821.87	970.05	2.6908	0.97847	1.2219	436.85	0.75810	35.721	0.058151	supercritical
770.00	17.000	114.45	0.0087376	823.55	972.09	2.6934	0.97908	1.2222	437.32	0.75310	35.770	0.058266	supercritical
771.67	17.000	114.17	0.0087585	825.23	974.13	2.6961	0.97969	1.2225	437.80	0.74813	35.819	0.058381	supercritical
773.33	17.000	113.90	0.0087794	826.92	976.17	2.6987	0.98030	1.2228	438.27	0.74319	35.869	0.058496	supercritical
775.00	17.000	113.63	0.0088003	828.60	978.20	2.7014	0.98090	1.2231	438.74	0.73828	35.918	0.058611	supercritical
776.67	17.000	113.36	0.0088212	830.28	980.24	2.7040	0.98151	1.2234	439.21	0.73341	35.968	0.058725	supercritical
778.33	17.000	113.10	0.0088420	831.97	982.28	2.7066	0.98212	1.2237	439.68	0.72856	36.017	0.058840	supercritical
780.00	17.000	112.83	0.0088628	833.65	984.32	2.7092	0.98272	1.2240	440.15	0.72374	36.066	0.058955	supercritical
781.67	17.000	112.57	0.0088837	835.34	986.36	2.7118	0.98332	1.2243	440.62	0.71895	36.115	0.059070	supercritical
783.33	17.000	112.30	0.0089045	837.03	988.40	2.7144	0.98392	1.2246	441.08	0.71419	36.165	0.059185	supercritical
785.00	17.000	112.04	0.0089253	838.71	990.44	2.7170	0.98452	1.2249	441.55	0.70945	36.214	0.059299	supercritical
786.67	17.000	111.78	0.0089461	840.40	992.49	2.7196	0.98512	1.2252	442.01	0.70475	36.263	0.059414	supercritical
788.33	17.000	111.52	0.0089668	842.09	994.53	2.7222	0.98572	1.2255	442.48	0.70007	36.312	0.059529	supercritical
790.00	17.000	111.26	0.0089876	843.78	996.57	2.7248	0.98632	1.2258	442.94	0.69543	36.361	0.059644	supercritical
791.67	17.000	111.01	0.0090084	845.47	998.61	2.7274	0.98691	1.2262	443.41	0.69081	36.410	0.059758	supercritical
793.33	17.000	110.75	0.0090291	847.16	1000.7	2.7300	0.98750	1.2265	443.87	0.68621	36.460	0.059873	supercritical
795.00	17.000	110.50	0.0090498	848.86	1002.7	2.7326	0.98810	1.2268	444.33	0.68165	36.509	0.059988	supercritical
796.67	17.000	110.25	0.0090706	850.55	1004.7	2.7351	0.98869	1.2271	444.79	0.67711	36.558	0.060103	supercritical
798.33	17.000	110.00	0.0090913	852.24	1006.8	2.7377	0.98928	1.2274	445.25	0.67260	36.607	0.060217	supercritical
800.00	17.000	109.75	0.0091120	853.94	1008.8	2.7403	0.98986	1.2277	445.71	0.66812	36.656	0.060332	supercritical
801.67	17.000	109.50	0.0091327	855.63	1010.9	2.7428	0.99045	1.2281	446.17	0.66366	36.705	0.060447	supercritical
803.33	17.000	109.25	0.0091533	857.33	1012.9	2.7454	0.99103	1.2284	446.63	0.65923	36.754	0.060561	supercritical
805.00	17.000	109.00	0.0091740	859.02	1015.0	2.7479	0.99162	1.2287	447.09	0.65482	36.803	0.060676	supercritical
806.67	17.000	108.76	0.0091946	860.72	1017.0	2.7505	0.99220	1.2290	447.54	0.65044	36.851	0.060791	supercritical
808.33	17.000	108.52	0.0092153	862.42	1019.1	2.7530	0.99278	1.2293	448.00	0.64609	36.900	0.060905	supercritical
810.00	17.000	108.27	0.0092359	864.12	1021.1	2.7555	0.99336	1.2297	448.45	0.64176	36.949	0.061020	supercritical
811.67	17.000	108.03	0.0092565	865.81	1023.2	2.7580	0.99394	1.2300	448.91	0.63746	36.998	0.061135	supercritical
813.33	17.000	107.79	0.0092772	867.51	1025.2	2.7606	0.99452	1.2303	449.36	0.63318	37.047	0.061249	supercritical
815.00	17.000	107.55	0.0092978	869.22	1027.3	2.7631	0.99509	1.2306	449.81	0.62893	37.096	0.061364	supercritical
816.67	17.000	107.32	0.0093184	870.92	1029.3	2.7656	0.99567	1.2310	450.27	0.62470	37.144	0.061478	supercritical
818.33	17.000	107.08	0.0093389	872.62	1031.4	2.7681	0.99624	1.2313	450.72	0.62049	37.193	0.061593	supercritical
820.00	17.000	106.84	0.0093595	874.32	1033.4	2.7706	0.99681	1.2316	451.17	0.61631	37.242	0.061707	supercritical
821.67	17.000	106.61	0.0093801	876.02	1035.5	2.7731	0.99738	1.2320	451.62	0.61216	37.290	0.061822	supercritical
823.33	17.000	106.38	0.0094006	877.73	1037.5	2.7756	0.99795	1.2323	452.07	0.60802	37.339	0.061936	supercritical
825.00	17.000	106.14	0.0094212	879.43	1039.6	2.7781	0.99852	1.2326	452.52	0.60391	37.388	0.062051	supercritical
826.67	17.000	105.91	0.0094417	881.14	1041.6	2.7806	0.99908	1.2329	452.97	0.59983	37.436	0.062165	supercritical
828.33	17.000	105.68	0.0094622	882.85	1043.7	2.7831	0.99965	1.2333	453.41	0.59577	37.485	0.062280	supercritical
830.00	17.000	105.45	0.0094827	884.55	1045.8	2.7856	1.0002	1.2336	453.86	0.59173	37.533	0.062394	supercritical
831.67	17.000	105.23	0.0095032	886.26	1047.8	2.7880	1.0008	1.2339	454.31	0.58771	37.582	0.062509	supercritical
833.33	17.000	105.00	0.0095237	887.97	1049.9	2.7905	1.0013	1.2343	454.75	0.58372	37.630	0.062623	supercritical
835.00	17.000	104.78	0.0095442	889.68	1051.9	2.7930	1.0019	1.2346	455.20	0.57975	37.679	0.062737	supercritical
836.67	17.000	104.55	0.0095647	891.39	1054.0	2.7954	1.0024	1.2349	455.64	0.57580	37.727	0.062852	supercritical
838.33	17.000	104.33	0.0095851	893.10	1056.0	2.7979	1.0030	1.2353	456.08	0.57187	37.776	0.062966	supercritical
840.00	17.000	104.11	0.0096056	894.81	1058.1	2.8003	1.0036	1.2356	456.53	0.56796	37.824	0.063080	supercritical
841.67	17.000	103.88	0.0096260	896.52	1060.2	2.8028	1.0041	1.2359	456.97	0.56408	37.872	0.063194	supercritical
843.33	17.000	103.66	0.0096465	898.23	1062.2	2.8052	1.0047	1.2363	457.41	0.56022	37.921	0.063309	supercritical
845.00	17.000	103.45	0.0096669	899.95	1064.3	2.8077	1.0052	1.2366	457.85	0.55638	37.969	0.063423	supercritical
846.67	17.000	103.23	0.0096873	901.66	1066.3	2.8101	1.0058	1.2369	458.29	0.55256	38.017	0.063537	supercritical
848.33	17.000	103.01	0.0097077	903.38	1068.4	2.8126	1.0063	1.2373	458.73	0.54876	38.066	0.063651	supercritical
850.00	17.000	102.79	0.0097281	905.09	1070.5	2.8150	1.0069	1.2376	459.17	0.54498	38.114	0.063765	supercritical
851.67	17.000	102.58	0.0097485	906.81	1072.5	2.8174	1.0074	1.2379	459.61	0.54123	38.162	0.063879	supercritical
853.33	17.000	102.37	0.0097689	908.53	1074.6	2.8198	1.0079	1.2383	460.05	0.53749	38.210	0.063993	supercritical
855.00	17.000	102.15	0.0097893	910.24	1076.7	2.8222	1.0085	1.2386	460.48	0.53378	38.258	0.064107	supercritical
856.67	17.000	101.94	0.0098097	911.96	1078.7	2.8247	1.0090	1.2390	460.92	0.53008	38.306	0.064221	supercritical
858.33	17.000	101.73	0.0098300	913.68	1080.8	2.8271	1.0096	1.2393	461.36	0.52641	38.355	0.064335	supercritical
860.00	17.000	101.52	0.0098504	915.40	1082.9	2.8295	1.0101	1.2396	461.79	0.52275	38.403	0.064449	supercritical
861.67	17.000	101.31	0.0098707	917.12	1084.9	2.8319	1.0106	1.2400	462.23	0.51912	38.451	0.064563	supercritical
863.33	17.000	101.10	0.0098910	918.84	1087.0	2.8343	1.0112	1.2403	462.66	0.51550	38.499	0.064677	supercritical
865.00	17.000	100.89	0.0099114	920.56	1089.1	2.8367	1.0117	1.2406	463.09	0.51191	38.547	0.064791	supercritical
866.67	17.000	100.69	0.0099317	922.29	1091.1	2.8390	1.0123	1.2410	463.53	0.50833	38.595	0.064905	supercritical
868.33	17.000	100.48	0.0099520	924.01	1093.2	2.8414	1.0128	1.2413	463.96	0.50477	38.643	0.065018	supercritical
870.00	17.000	100.28	0.0099723	925.73	1095.3	2.8438	1.0133	1.2417	464.39	0.50123	38.690	0.065132	supercritical
871.67	17.000	100.07	0.0099926	927.46	1097.3	2.8462	1.0138	1.2420	464.82	0.49771	38.738	0.065246	supercritical
873.33	17.000	99.871	0.010013	929.18	1099.4	2.8486	1.0144	1.2423	465.25	0.49421	38.786	0.065359	supercritical
875.00	17.000	99.670	0.010033	930.91	1101.5	2.8509	1.0149	1.2427	465.68	0.49073	38.834	0.065473	supercritical
876.67	17.000	99.469	0.010053	932.64	1103.5	2.8533	1.0154	1.2430	466.11	0.48727	38.882	0.065587	supercritical
878.33	17.000	99.269	0.010074	934.37	1105.6	2.8557	1.0159	1.2433	466.54	0.48382	38.930	0.065700	supercritical
880.00	17.000	99.069	0.010094	936.09	1107.7	2.8580	1.0165	1.2437	466.97	0.48040	38.977	0.065814	supercritical
881.67	17.000	98.871	0.010114	937.82	1109.8	2.8604	1.0170	1.2440	467.40	0.47699	39.025	0.065927	supercritical
883.33	17.000	98.674	0.010134	939.55	1111.8	2.8627	1.0175	1.2444	467.82	0.47360	39.073	0.066041	supercritical
885.00	17.000	98.477	0.010155	941.28	1113.9	2.8651	1.0180	1.2447	468.25	0.47022	39.120	0.066154	supercritical
886.67	17.000	98.281	0.010175	943.01	1116.0	2.8674	1.0185	1.2450	468.68	0.46687	39.168	0.066267	supercritical
888.33	17.000	98.087	0.010195	944.75	1118.1	2.8697	1.0191	1.2454	469.10	0.46353	39.216	0.066381	supercritical
890.00	17.000	97.893	0.010215	946.48	1120.1	2.8721	1.0196	1.2457	469.53	0.46021	39.263	0.066494	supercritical
891.67	17.000	97.699	0.010235	948.21	1122.2	2.8744	1.0201	1.2460	469.95	0.45690	39.311	0.066607	supercritical
893.33	17.000	97.507	0.010256	949.94	1124.3	2.8767	1.0206	1.2464	470.37	0.45362	39.358	0.066721	supercritical
895.00	17.000	97.315	0.010276	951.68	1126.4	2.8791	1.0211	1.2467	470.80	0.45035	39.406	0.066834	supercritical
896.67	17.000	97.125	0.010296	953.41	1128.4	2.8814	1.0216	1.2471	471.22	0.44710	39.453	0.066947	supercritical
898.33	17.000	96.935	0.010316	955.15	1130.5	2.8837	1.0221	1.2474	471.64	0.44386	39.501	0.067060	supercritical
900.00	17.000	96.746	0.010336	956.89	1132.6	2.8860	1.0226	1.2477	472.06	0.44064	39.548	0.067173	supercritical
901.67	17.000	96.557	0.010357	958.62	1134.7	2.8883	1.0231	1.2481	472.48	0.43744	39.595	0.067286	supercritical
903.33	17.000	96.370	0.010377	960.36	1136.8	2.8906	1.0236	1.2484	472.91	0.43425	39.643	0.067399	supercritical
905.00	17.000	96.183	0.010397	962.10	1138.8	2.8929	1.0241	1.2487	473.33	0.43108	39.690	0.067512	supercritical
906.67	17.000	95.997	0.010417	963.84	1140.9	2.8952	1.0246	1.2491	473.74	0.42793	39.737	0.067625	supercritical
908.33	17.000	95.812	0.010437	965.58	1143.0	2.8975	1.0251	1.2494	474.16	0.42479	39.785	0.067738	supercritical
910.00	17.000	95.628	0.010457	967.32	1145.1	2.8998	1.0256	1.2498	474.58	0.42167	39.832	0.067851	supercritical
911.67	17.000	95.444	0.010477	969.06	1147.2	2.9021	1.0261	1.2501	475.00	0.41857	39.879	0.067964	supercritical
913.33	17.000	95.261	0.010497	970.80	1149.3	2.9044	1.0266	1.2504	475.42	0.41548	39.926	0.068076	supercritical
915.00	17.000	95.079	0.010518	972.55	1151.3	2.9067	1.0271	1.2508	475.83	0.41240	39.974	0.068189	supercritical
916.67	17.000	94.898	0.010538	974.29	1153.4	2.9089	1.0276	1.2511	476.25	0.40934	40.021	0.068302	supercritical
918.33	17.000	94.718	0.010558	976.03	1155.5	2.9112	1.0281	1.2514	476.66	0.40630	40.068	0.068414	supercritical
920.00	17.000	94.538	0.010578	977.78	1157.6	2.9135	1.0286	1.2518	477.08	0.40327	40.115	0.068527	supercritical
921.67	17.000	94.359	0.010598	979.52	1159.7	2.9157	1.0291	1.2521	477.49	0.40026	40.162	0.068640	supercritical
923.33	17.000	94.180	0.010618	981.27	1161.8	2.9180	1.0296	1.2524	477.91	0.39726	40.209	0.068752	supercritical
925.00	17.000	94.003	0.010638	983.02	1163.9	2.9203	1.0301	1.2528	478.32	0.39427	40.256	0.068864	supercritical
926.67	17.000	93.826	0.010658	984.76	1165.9	2.9225	1.0306	1.2531	478.74	0.39131	40.303	0.068977	supercritical
928.33	17.000	93.650	0.010678	986.51	1168.0	2.9248	1.0310	1.2534	479.15	0.38835	40.350	0.069089	supercritical
930.00	17.000	93.474	0.010698	988.26	1170.1	2.9270	1.0315	1.2538	479.56	0.38541	40.397	0.069202	supercritical
931.67	17.000	93.300	0.010718	990.01	1172.2	2.9293	1.0320	1.2541	479.97	0.38249	40.444	0.069314	supercritical
933.33	17.000	93.126	0.010738	991.76	1174.3	2.9315	1.0325	1.2544	480.38	0.37958	40.491	0.069426	supercritical
935.00	17.000	92.952	0.010758	993.51	1176.4	2.9337	1.0330	1.2548	480.79	0.37668	40.538	0.069538	supercritical
936.67	17.000	92.780	0.010778	995.26	1178.5	2.9360	1.0335	1.2551	481.20	0.37380	40.584	0.069650	supercritical
938.33	17.000	92.608	0.010798	997.01	1180.6	2.9382	1.0339	1.2554	481.61	0.37093	40.631	0.069763	supercritical
940.00	17.000	92.436	0.010818	998.76	1182.7	2.9404	1.0344	1.2558	482.02	0.36808	40.678	0.069875	supercritical
941.67	17.000	92.266	0.010838	1000.5	1184.8	2.9427	1.0349	1.2561	482.43	0.36524	40.725	0.069987	supercritical
943.33	17.000	92.096	0.010858	1002.3	1186.9	2.9449	1.0354	1.2564	482.84	0.36241	40.771	0.070099	supercritical
945.00	17.000	91.927	0.010878	1004.0	1189.0	2.9471	1.0358	1.2568	483.25	0.35960	40.818	0.070211	supercritical
946.67	17.000	91.758	0.010898	1005.8	1191.1	2.9493	1.0363	1.2571	483.65	0.35680	40.865	0.070322	supercritical
948.33	17.000	91.590	0.010918	1007.5	1193.1	2.9515	1.0368	1.2574	484.06	0.35401	40.911	0.070434	supercritical
950.00	17.000	91.423	0.010938	1009.3	1195.2	2.9537	1.0372	1.2578	484.47	0.35124	40.958	0.070546	supercritical
951.67	17.000	91.257	0.010958	1011.1	1197.3	2.9559	1.0377	1.2581	484.87	0.34848	41.004	0.070658	supercritical
953.33	17.000	91.091	0.010978	1012.8	1199.4	2.9581	1.0382	1.2584	485.28	0.34574	41.051	0.070770	supercritical
955.00	17.000	90.926	0.010998	1014.6	1201.5	2.9603	1.0386	1.2588	485.68	0.34300	41.098	0.070881	supercritical
956.67	17.000	90.761	0.011018	1016.3	1203.6	2.9625	1.0391	1.2591	486.09	0.34029	41.144	0.070993	supercritical
958.33	17.000	90.597	0.011038	1018.1	1205.7	2.9647	1.0396	1.2594	486.49	0.33758	41.191	0.071104	supercritical
960.00	17.000	90.434	0.011058	1019.8	1207.8	2.9669	1.0400	1.2597	486.89	0.33489	41.237	0.071216	supercritical
961.67	17.000	90.271	0.011078	1021.6	1209.9	2.9691	1.0405	1.2601	487.30	0.33220	41.283	0.071327	supercritical
963.33	17.000	90.109	0.011098	1023.4	1212.0	2.9713	1.0409	1.2604	487.70	0.32954	41.330	0.071439	supercritical
965.00	17.000	89.948	0.011118	1025.1	1214.1	2.9735	1.0414	1.2607	488.10	0.32688	41.376	0.071550	supercritical
966.67	17.000	89.787	0.011138	1026.9	1216.2	2.9756	1.0418	1.2610	488.50	0.32424	41.422	0.071661	supercritical
968.33	17.000	89.627	0.011157	1028.7	1218.3	2.9778	1.0423	1.2614	488.90	0.32161	41.469	0.071773	supercritical
970.00	17.000	89.467	0.011177	1030.4	1220.4	2.9800	1.0428	1.2617	489.30	0.31899	41.515	0.071884	supercritical
971.67	17.000	89.308	0.011197	1032.2	1222.5	2.9822	1.0432	1.2620	489.70	0.31638	41.561	0.071995	supercritical
973.33	17.000	89.150	0.011217	1034.0	1224.6	2.9843	1.0437	1.2623	490.10	0.31379	41.608	0.072106	supercritical
975.00	17.000	88.992	0.011237	1035.7	1226.7	2.9865	1.0441	1.2627	490.50	0.31121	41.654	0.072217	supercritical
976.67	17.000	88.835	0.011257	1037.5	1228.9	2.9886	1.0446	1.2630	490.90	0.30864	41.700	0.072328	supercritical
978.33	17.000	88.678	0.011277	1039.3	1231.0	2.9908	1.0450	1.2633	491.30	0.30608	41.746	0.072439	supercritical
980.00	17.000	88.522	0.011297	1041.0	1233.1	2.9929	1.0454	1.2636	491.70	0.30353	41.792	0.072550	supercritical
981.67	17.000	88.367	0.011316	1042.8	1235.2	2.9951	1.0459	1.2640	492.10	0.30100	41.838	0.072661	supercritical
983.33	17.000	88.212	0.011336	1044.6	1237.3	2.9972	1.0463	1.2643	492.49	0.29848	41.884	0.072772	supercritical
985.00	17.000	88.058	0.011356	1046.3	1239.4	2.9994	1.0468	1.2646	492.89	0.29596	41.930	0.072883	supercritical
986.67	17.000	87.904	0.011376	1048.1	1241.5	3.0015	1.0472	1.2649	493.29	0.29347	41.976	0.072993	supercritical
988.33	17.000	87.751	0.011396	1049.9	1243.6	3.0036	1.0477	1.2653	493.68	0.29098	42.022	0.073104	supercritical
990.00	17.000	87.599	0.011416	1051.6	1245.7	3.0058	1.0481	1.2656	494.08	0.28850	42.068	0.073215	supercritical
991.67	17.000	87.447	0.011436	1053.4	1247.8	3.0079	1.0485	1.2659	494.47	0.28604	42.114	0.073325	supercritical
993.33	17.000	87.296	0.011455	1055.2	1249.9	3.0100	1.0490	1.2662	494.87	0.28358	42.160	0.073436	supercritical
995.00	17.000	87.145	0.011475	1057.0	1252.0	3.0122	1.0494	1.2665	495.26	0.28114	42.206	0.073546	supercritical
996.67	17.000	86.995	0.011495	1058.7	1254.2	3.0143	1.0498	1.2669	495.65	0.27871	42.252	0.073657	supercritical
998.33	17.000	86.845	0.011515	1060.5	1256.3	3.0164	1.0503	1.2672	496.05	0.27629	42.298	0.073767	supercritical
1000.0	17.000	86.696	0.011535	1062.3	1258.4	3.0185	1.0507	1.2675	496.44	0.27388	42.344	0.073877	supercritical
1001.7	17.000	86.547	0.011554	1064.1	1260.5	3.0206	1.0511	1.2678	496.83	0.27148	42.389	0.073988	supercritical
1003.3	17.000	86.399	0.011574	1065.8	1262.6	3.0227	1.0516	1.2681	497.22	0.26909	42.435	0.074098	supercritical
1005.0	17.000	86.252	0.011594	1067.6	1264.7	3.0248	1.0520	1.2684	497.62	0.26671	42.481	0.074208	supercritical
1006.7	17.000	86.105	0.011614	1069.4	1266.8	3.0269	1.0524	1.2688	498.01	0.26434	42.527	0.074318	supercritical
1008.3	17.000	85.958	0.011634	1071.2	1268.9	3.0290	1.0529	1.2691	498.40	0.26199	42.572	0.074428	supercritical
1010.0	17.000	85.812	0.011653	1073.0	1271.1	3.0311	1.0533	1.2694	498.79	0.25964	42.618	0.074538	supercritical
1011.7	17.000	85.667	0.011673	1074.7	1273.2	3.0332	1.0537	1.2697	499.18	0.25731	42.664	0.074648	supercritical
1013.3	17.000	85.522	0.011693	1076.5	1275.3	3.0353	1.0541	1.2700	499.57	0.25498	42.709	0.074758	supercritical
1015.0	17.000	85.378	0.011713	1078.3	1277.4	3.0374	1.0545	1.2703	499.96	0.25267	42.755	0.074868	supercritical
1016.7	17.000	85.234	0.011732	1080.1	1279.5	3.0395	1.0550	1.2706	500.35	0.25036	42.800	0.074978	supercritical
1018.3	17.000	85.091	0.011752	1081.9	1281.6	3.0416	1.0554	1.2710	500.73	0.24807	42.846	0.075088	supercritical
1020.0	17.000	84.948	0.011772	1083.6	1283.8	3.0436	1.0558	1.2713	501.12	0.24578	42.891	0.075197	supercritical
1021.7	17.000	84.806	0.011792	1085.4	1285.9	3.0457	1.0562	1.2716	501.51	0.24351	42.937	0.075307	supercritical
1023.3	17.000	84.664	0.011811	1087.2	1288.0	3.0478	1.0566	1.2719	501.90	0.24124	42.982	0.075417	supercritical
1025.0	17.000	84.523	0.011831	1089.0	1290.1	3.0499	1.0570	1.2722	502.28	0.23899	43.028	0.075526	supercritical
1026.7	17.000	84.382	0.011851	1090.8	1292.2	3.0519	1.0575	1.2725	502.67	0.23675	43.073	0.075636	supercritical
1028.3	17.000	84.242	0.011871	1092.6	1294.4	3.0540	1.0579	1.2728	503.05	0.23451	43.119	0.075745	supercritical
1030.0	17.000	84.102	0.011890	1094.4	1296.5	3.0561	1.0583	1.2731	503.44	0.23229	43.164	0.075855	supercritical
1031.7	17.000	83.963	0.011910	1096.1	1298.6	3.0581	1.0587	1.2734	503.82	0.23007	43.209	0.075964	supercritical
1033.3	17.000	83.824	0.011930	1097.9	1300.7	3.0602	1.0591	1.2737	504.21	0.22786	43.254	0.076073	supercritical
1035.0	17.000	83.686	0.011949	1099.7	1302.9	3.0622	1.0595	1.2741	504.59	0.22567	43.300	0.076182	supercritical
1036.7	17.000	83.548	0.011969	1101.5	1305.0	3.0643	1.0599	1.2744	504.98	0.22348	43.345	0.076292	supercritical
1038.3	17.000	83.411	0.011989	1103.3	1307.1	3.0663	1.0603	1.2747	505.36	0.22130	43.390	0.076401	supercritical
1040.0	17.000	83.274	0.012008	1105.1	1309.2	3.0684	1.0607	1.2750	505.74	0.21914	43.435	0.076510	supercritical
1041.7	17.000	83.138	0.012028	1106.9	1311.4	3.0704	1.0611	1.2753	506.13	0.21698	43.481	0.076619	supercritical
1043.3	17.000	83.002	0.012048	1108.7	1313.5	3.0724	1.0615	1.2756	506.51	0.21483	43.526	0.076728	supercritical
1045.0	17.000	82.867	0.012068	1110.5	1315.6	3.0745	1.0619	1.2759	506.89	0.21269	43.571	0.076837	supercritical
1046.7	17.000	82.732	0.012087	1112.2	1317.7	3.0765	1.0623	1.2762	507.27	0.21056	43.616	0.076946	supercritical
1048.3	17.000	82.597	0.012107	1114.0	1319.9	3.0785	1.0627	1.2765	507.65	0.20844	43.661	0.077054	supercritical
1050.0	17.000	82.464	0.012127	1115.8	1322.0	3.0806	1.0631	1.2768	508.03	0.20632	43.706	0.077163	supercritical
1051.7	17.000	82.330	0.012146	1117.6	1324.1	3.0826	1.0635	1.2771	508.41	0.20422	43.751	0.077272	supercritical
1053.3	17.000	82.197	0.012166	1119.4	1326.2	3.0846	1.0639	1.2774	508.79	0.20212	43.796	0.077380	supercritical
1055.0	17.000	82.064	0.012186	1121.2	1328.4	3.0866	1.0643	1.2777	509.17	0.20004	43.841	0.077489	supercritical
1056.7	17.000	81.932	0.012205	1123.0	1330.5	3.0887	1.0647	1.2780	509.55	0.19796	43.886	0.077598	supercritical
1058.3	17.000	81.801	0.012225	1124.8	1332.6	3.0907	1.0651	1.2783	509.93	0.19589	43.931	0.077706	supercritical
1060.0	17.000	81.669	0.012244	1126.6	1334.8	3.0927	1.0655	1.2786	510.31	0.19383	43.976	0.077814	supercritical
1061.7	17.000	81.539	0.012264	1128.4	1336.9	3.0947	1.0659	1.2789	510.69	0.19178	44.021	0.077923	supercritical
1063.3	17.000	81.408	0.012284	1130.2	1339.0	3.0967	1.0663	1.2792	511.07	0.18974	44.066	0.078031	supercritical
1065.0	17.000	81.278	0.012303	1132.0	1341.2	3.0987	1.0667	1.2795	511.44	0.18770	44.110	0.078139	supercritical
1066.7	17.000	81.149	0.012323	1133.8	1343.3	3.1007	1.0671	1.2798	511.82	0.18568	44.155	0.078248	supercritical
1068.3	17.000	81.020	0.012343	1135.6	1345.4	3.1027	1.0674	1.2801	512.20	0.18366	44.200	0.078356	supercritical
1070.0	17.000	80.891	0.012362	1137.4	1347.6	3.1047	1.0678	1.2804	512.57	0.18165	44.245	0.078464	supercritical
1071.7	17.000	80.763	0.012382	1139.2	1349.7	3.1067	1.0682	1.2807	512.95	0.17965	44.289	0.078572	supercritical
1073.3	17.000	80.635	0.012402	1141.0	1351.8	3.1087	1.0686	1.2810	513.33	0.17766	44.334	0.078680	supercritical
1075.0	17.000	80.508	0.012421	1142.8	1354.0	3.1107	1.0690	1.2813	513.70	0.17567	44.379	0.078788	supercritical
1076.7	17.000	80.381	0.012441	1144.6	1356.1	3.1127	1.0694	1.2816	514.08	0.17370	44.423	0.078896	supercritical
1078.3	17.000	80.255	0.012460	1146.4	1358.2	3.1146	1.0697	1.2819	514.45	0.17173	44.468	0.079004	supercritical
1080.0	17.000	80.129	0.012480	1148.2	1360.4	3.1166	1.0701	1.2822	514.82	0.16977	44.513	0.079111	supercritical
1081.7	17.000	80.003	0.012500	1150.0	1362.5	3.1186	1.0705	1.2825	515.20	0.16782	44.557	0.079219	supercritical
1083.3	17.000	79.878	0.012519	1151.8	1364.6	3.1206	1.0709	1.2827	515.57	0.16587	44.602	0.079327	supercritical
1085.0	17.000	79.753	0.012539	1153.6	1366.8	3.1225	1.0713	1.2830	515.94	0.16394	44.646	0.079434	supercritical
1086.7	17.000	79.629	0.012558	1155.4	1368.9	3.1245	1.0716	1.2833	516.32	0.16201	44.691	0.079542	supercritical
1088.3	17.000	79.505	0.012578	1157.2	1371.1	3.1265	1.0720	1.2836	516.69	0.16009	44.735	0.079649	supercritical
1090.0	17.000	79.381	0.012597	1159.0	1373.2	3.1284	1.0724	1.2839	517.06	0.15817	44.780	0.079757	supercritical
1091.7	17.000	79.258	0.012617	1160.9	1375.3	3.1304	1.0728	1.2842	517.43	0.15627	44.824	0.079864	supercritical
1093.3	17.000	79.135	0.012637	1162.7	1377.5	3.1324	1.0731	1.2845	517.80	0.15437	44.869	0.079972	supercritical
1095.0	17.000	79.013	0.012656	1164.5	1379.6	3.1343	1.0735	1.2848	518.18	0.15248	44.913	0.080079	supercritical
1096.7	17.000	78.891	0.012676	1166.3	1381.8	3.1363	1.0739	1.2851	518.55	0.15060	44.957	0.080186	supercritical
1098.3	17.000	78.770	0.012695	1168.1	1383.9	3.1382	1.0742	1.2853	518.92	0.14873	45.002	0.080293	supercritical
1100.0	17.000	78.649	0.012715	1169.9	1386.0	3.1402	1.0746	1.2856	519.29	0.14686	45.046	0.080400	supercritical
1101.7	17.000	78.528	0.012734	1171.7	1388.2	3.1421	1.0750	1.2859	519.66	0.14500	45.090	0.080508	supercritical
1103.3	17.000	78.407	0.012754	1173.5	1390.3	3.1441	1.0753	1.2862	520.03	0.14315	45.134	0.080615	supercritical
1105.0	17.000	78.288	0.012773	1175.3	1392.5	3.1460	1.0757	1.2865	520.39	0.14130	45.179	0.080721	supercritical
1106.7	17.000	78.168	0.012793	1177.1	1394.6	3.1479	1.0761	1.2868	520.76	0.13947	45.223	0.080828	supercritical
1108.3	17.000	78.049	0.012813	1179.0	1396.8	3.1499	1.0764	1.2871	521.13	0.13764	45.267	0.080935	supercritical
1110.0	17.000	77.930	0.012832	1180.8	1398.9	3.1518	1.0768	1.2873	521.50	0.13581	45.311	0.081042	supercritical
1111.7	17.000	77.812	0.012852	1182.6	1401.1	3.1537	1.0771	1.2876	521.87	0.13400	45.355	0.081149	supercritical
1113.3	17.000	77.694	0.012871	1184.4	1403.2	3.1557	1.0775	1.2879	522.23	0.13219	45.400	0.081255	supercritical
1115.0	17.000	77.576	0.012891	1186.2	1405.4	3.1576	1.0779	1.2882	522.60	0.13039	45.444	0.081362	supercritical
1116.7	17.000	77.459	0.012910	1188.0	1407.5	3.1595	1.0782	1.2885	522.97	0.12859	45.488	0.081469	supercritical
1118.3	17.000	77.342	0.012930	1189.8	1409.6	3.1615	1.0786	1.2887	523.33	0.12681	45.532	0.081575	supercritical
1120.0	17.000	77.225	0.012949	1191.7	1411.8	3.1634	1.0789	1.2890	523.70	0.12503	45.576	0.081682	supercritical
1121.7	17.000	77.109	0.012969	1193.5	1413.9	3.1653	1.0793	1.2893	524.07	0.12325	45.620	0.081788	supercritical
1123.3	17.000	76.993	0.012988	1195.3	1416.1	3.1672	1.0796	1.2896	524.43	0.12149	45.664	0.081894	supercritical
1125.0	17.000	76.878	0.013008	1197.1	1418.2	3.1691	1.0800	1.2899	524.80	0.11973	45.708	0.082001	supercritical
1126.7	17.000	76.763	0.013027	1198.9	1420.4	3.1710	1.0803	1.2901	525.16	0.11798	45.752	0.082107	supercritical
1128.3	17.000	76.648	0.013047	1200.7	1422.5	3.1729	1.0807	1.2904	525.53	0.11623	45.796	0.082213	supercritical
1130.0	17.000	76.534	0.013066	1202.6	1424.7	3.1748	1.0810	1.2907	525.89	0.11449	45.839	0.082319	supercritical
1131.7	17.000	76.420	0.013086	1204.4	1426.8	3.1767	1.0814	1.2910	526.25	0.11276	45.883	0.082425	supercritical
1133.3	17.000	76.306	0.013105	1206.2	1429.0	3.1786	1.0817	1.2912	526.62	0.11103	45.927	0.082531	supercritical
1135.0	17.000	76.193	0.013125	1208.0	1431.1	3.1805	1.0821	1.2915	526.98	0.10931	45.971	0.082637	supercritical
1136.7	17.000	76.080	0.013144	1209.9	1433.3	3.1824	1.0824	1.2918	527.34	0.10760	46.015	0.082743	supercritical
1138.3	17.000	75.967	0.013164	1211.7	1435.5	3.1843	1.0828	1.2921	527.70	0.10590	46.059	0.082849	supercritical
1140.0	17.000	75.855	0.013183	1213.5	1437.6	3.1862	1.0831	1.2923	528.07	0.10420	46.102	0.082955	supercritical
1141.7	17.000	75.743	0.013202	1215.3	1439.8	3.1881	1.0835	1.2926	528.43	0.10250	46.146	0.083060	supercritical
1143.3	17.000	75.632	0.013222	1217.1	1441.9	3.1900	1.0838	1.2929	528.79	0.10082	46.190	0.083166	supercritical
1145.0	17.000	75.521	0.013241	1219.0	1444.1	3.1919	1.0841	1.2932	529.15	0.099139	46.233	0.083272	supercritical
1146.7	17.000	75.410	0.013261	1220.8	1446.2	3.1938	1.0845	1.2934	529.51	0.097465	46.277	0.083377	supercritical
1148.3	17.000	75.299	0.013280	1222.6	1448.4	3.1956	1.0848	1.2937	529.87	0.095798	46.321	0.083483	supercritical
1150.0	17.000	75.189	0.013300	1224.4	1450.5	3.1975	1.0852	1.2940	530.23	0.094137	46.364	0.083588	supercritical
1151.7	17.000	75.079	0.013319	1226.3	1452.7	3.1994	1.0855	1.2942	530.59	0.092483	46.408	0.083694	supercritical
1153.3	17.000	74.970	0.013339	1228.1	1454.9	3.2013	1.0858	1.2945	530.95	0.090835	46.451	0.083799	supercritical
1155.0	17.000	74.861	0.013358	1229.9	1457.0	3.2031	1.0862	1.2948	531.31	0.089192	46.495	0.083904	supercritical
1156.7	17.000	74.752	0.013378	1231.8	1459.2	3.2050	1.0865	1.2950	531.67	0.087557	46.539	0.084009	supercritical
1158.3	17.000	74.644	0.013397	1233.6	1461.3	3.2069	1.0868	1.2953	532.03	0.085927	46.582	0.084115	supercritical
1160.0	17.000	74.535	0.013416	1235.4	1463.5	3.2087	1.0872	1.2956	532.39	0.084303	46.626	0.084220	supercritical
1161.7	17.000	74.428	0.013436	1237.2	1465.6	3.2106	1.0875	1.2958	532.75	0.082686	46.669	0.084325	supercritical
1163.3	17.000	74.320	0.013455	1239.1	1467.8	3.2124	1.0878	1.2961	533.10	0.081074	46.712	0.084430	supercritical
1165.0	17.000	74.213	0.013475	1240.9	1470.0	3.2143	1.0882	1.2964	533.46	0.079469	46.756	0.084535	supercritical
1166.7	17.000	74.106	0.013494	1242.7	1472.1	3.2161	1.0885	1.2966	533.82	0.077869	46.799	0.084640	supercritical
1168.3	17.000	74.000	0.013514	1244.6	1474.3	3.2180	1.0888	1.2969	534.18	0.076275	46.843	0.084745	supercritical
1170.0	17.000	73.893	0.013533	1246.4	1476.5	3.2198	1.0892	1.2972	534.53	0.074688	46.886	0.084849	supercritical
1171.7	17.000	73.788	0.013552	1248.2	1478.6	3.2217	1.0895	1.2974	534.89	0.073106	46.929	0.084954	supercritical
1173.3	17.000	73.682	0.013572	1250.1	1480.8	3.2235	1.0898	1.2977	535.24	0.071530	46.973	0.085059	supercritical
1175.0	17.000	73.577	0.013591	1251.9	1482.9	3.2254	1.0901	1.2979	535.60	0.069960	47.016	0.085163	supercritical
1176.7	17.000	73.472	0.013611	1253.7	1485.1	3.2272	1.0905	1.2982	535.96	0.068395	47.059	0.085268	supercritical
1178.3	17.000	73.367	0.013630	1255.6	1487.3	3.2291	1.0908	1.2985	536.31	0.066837	47.102	0.085372	supercritical
1180.0	17.000	73.263	0.013649	1257.4	1489.4	3.2309	1.0911	1.2987	536.66	0.065284	47.145	0.085477	supercritical
1181.7	17.000	73.159	0.013669	1259.2	1491.6	3.2327	1.0914	1.2990	537.02	0.063736	47.189	0.085581	supercritical
1183.3	17.000	73.055	0.013688	1261.1	1493.8	3.2346	1.0918	1.2992	537.37	0.062195	47.232	0.085686	supercritical
1185.0	17.000	72.952	0.013708	1262.9	1495.9	3.2364	1.0921	1.2995	537.73	0.060659	47.275	0.085790	supercritical
1186.7	17.000	72.849	0.013727	1264.7	1498.1	3.2382	1.0924	1.2998	538.08	0.059128	47.318	0.085894	supercritical
1188.3	17.000	72.746	0.013746	1266.6	1500.3	3.2400	1.0927	1.3000	538.43	0.057604	47.361	0.085998	supercritical
1190.0	17.000	72.644	0.013766	1268.4	1502.4	3.2419	1.0930	1.3003	538.79	0.056084	47.404	0.086102	supercritical
1191.7	17.000	72.542	0.013785	1270.2	1504.6	3.2437	1.0933	1.3005	539.14	0.054571	47.447	0.086206	supercritical
1193.3	17.000	72.440	0.013805	1272.1	1506.8	3.2455	1.0937	1.3008	539.49	0.053062	47.490	0.086310	supercritical
1195.0	17.000	72.338	0.013824	1273.9	1508.9	3.2473	1.0940	1.3010	539.84	0.051559	47.533	0.086414	supercritical
1196.7	17.000	72.237	0.013843	1275.8	1511.1	3.2491	1.0943	1.3013	540.20	0.050062	47.576	0.086518	supercritical
1198.3	17.000	72.136	0.013863	1277.6	1513.3	3.2509	1.0946	1.3015	540.55	0.048570	47.619	0.086622	supercritical
1200.0	17.000	72.036	0.013882	1279.4	1515.4	3.2527	1.0949	1.3018	540.90	0.047083	47.662	0.086726	supercritical
1201.7	17.000	71.935	0.013901	1281.3	1517.6	3.2546	1.0952	1.3021	541.25	0.045602	47.705	0.086830	supercritical
1203.3	17.000	71.835	0.013921	1283.1	1519.8	3.2564	1.0955	1.3023	541.60	0.044126	47.748	0.086933	supercritical
1205.0	17.000	71.735	0.013940	1285.0	1521.9	3.2582	1.0959	1.3026	541.95	0.042655	47.791	0.087037	supercritical
1206.7	17.000	71.636	0.013959	1286.8	1524.1	3.2600	1.0962	1.3028	542.30	0.041189	47.834	0.087140	supercritical
1208.3	17.000	71.537	0.013979	1288.7	1526.3	3.2618	1.0965	1.3031	542.65	0.039729	47.877	0.087244	supercritical
1210.0	17.000	71.438	0.013998	1290.5	1528.5	3.2636	1.0968	1.3033	543.00	0.038274	47.919	0.087347	supercritical
1211.7	17.000	71.339	0.014018	1292.3	1530.6	3.2654	1.0971	1.3036	543.35	0.036823	47.962	0.087451	supercritical
1213.3	17.000	71.241	0.014037	1294.2	1532.8	3.2671	1.0974	1.3038	543.70	0.035379	48.005	0.087554	supercritical
1215.0	17.000	71.143	0.014056	1296.0	1535.0	3.2689	1.0977	1.3041	544.05	0.033939	48.048	0.087657	supercritical
1216.7	17.000	71.045	0.014076	1297.9	1537.2	3.2707	1.0980	1.3043	544.40	0.032504	48.090	0.087761	supercritical
1218.3	17.000	70.948	0.014095	1299.7	1539.3	3.2725	1.0983	1.3045	544.75	0.031074	48.133	0.087864	supercritical
1220.0	17.000	70.851	0.014114	1301.6	1541.5	3.2743	1.0986	1.3048	545.09	0.029650	48.176	0.087967	supercritical
1221.7	17.000	70.754	0.014134	1303.4	1543.7	3.2761	1.0989	1.3050	545.44	0.028230	48.219	0.088070	supercritical
1223.3	17.000	70.657	0.014153	1305.3	1545.9	3.2779	1.0992	1.3053	545.79	0.026816	48.261	0.088173	supercritical
1225.0	17.000	70.561	0.014172	1307.1	1548.0	3.2796	1.0995	1.3055	546.14	0.025406	48.304	0.088276	supercritical
1226.7	17.000	70.465	0.014192	1308.9	1550.2	3.2814	1.0998	1.3058	546.48	0.024001	48.346	0.088379	supercritical
1228.3	17.000	70.369	0.014211	1310.8	1552.4	3.2832	1.1001	1.3060	546.83	0.022601	48.389	0.088482	supercritical
1230.0	17.000	70.273	0.014230	1312.6	1554.6	3.2849	1.1004	1.3063	547.18	0.021206	48.432	0.088584	supercritical
1231.7	17.000	70.178	0.014250	1314.5	1556.7	3.2867	1.1007	1.3065	547.52	0.019816	48.474	0.088687	supercritical
1233.3	17.000	70.083	0.014269	1316.3	1558.9	3.2885	1.1010	1.3068	547.87	0.018431	48.517	0.088790	supercritical
1235.0	17.000	69.988	0.014288	1318.2	1561.1	3.2902	1.1013	1.3070	548.21	0.017050	48.559	0.088892	supercritical
1236.7	17.000	69.894	0.014307	1320.0	1563.3	3.2920	1.1016	1.3072	548.56	0.015674	48.602	0.088995	supercritical
1238.3	17.000	69.799	0.014327	1321.9	1565.4	3.2938	1.1019	1.3075	548.90	0.014303	48.644	0.089097	supercritical
1240.0	17.000	69.706	0.014346	1323.7	1567.6	3.2955	1.1022	1.3077	549.25	0.012937	48.686	0.089200	supercritical
1241.7	17.000	69.612	0.014365	1325.6	1569.8	3.2973	1.1025	1.3080	549.59	0.011575	48.729	0.089302	supercritical
1243.3	17.000	69.518	0.014385	1327.4	1572.0	3.2990	1.1028	1.3082	549.94	0.010218	48.771	0.089405	supercritical
1245.0	17.000	69.425	0.014404	1329.3	1574.2	3.3008	1.1031	1.3084	550.28	0.0088660	48.814	0.089507	supercritical
1246.7	17.000	69.332	0.014423	1331.2	1576.3	3.3025	1.1033	1.3087	550.62	0.0075184	48.856	0.089609	supercritical
1248.3	17.000	69.240	0.014443	1333.0	1578.5	3.3043	1.1036	1.3089	550.97	0.0061753	48.898	0.089711	supercritical
1250.0	17.000	69.147	0.014462	1334.9	1580.7	3.3060	1.1039	1.3091	551.31	0.0048368	48.941	0.089813	supercritical
1251.7	17.000	69.055	0.014481	1336.7	1582.9	3.3078	1.1042	1.3094	551.65	0.0035029	48.983	0.089915	supercritical
1253.3	17.000	68.964	0.014500	1338.6	1585.1	3.3095	1.1045	1.3096	552.00	0.0021735	49.025	0.090017	supercritical
1255.0	17.000	68.872	0.014520	1340.4	1587.3	3.3113	1.1048	1.3099	552.34	0.00084863	49.067	0.090119	supercritical
1256.7	17.000	68.781	0.014539	1342.3	1589.4	3.3130	1.1051	1.3101	552.68	-0.00047176	49.110	0.090221	supercritical
1258.3	17.000	68.689	0.014558	1344.1	1591.6	3.3147	1.1054	1.3103	553.02	-0.0017877	49.152	0.090323	supercritical
1260.0	17.000	68.599	0.014578	1346.0	1593.8	3.3165	1.1056	1.3106	553.36	-0.0030992	49.194	0.090425	supercritical
1261.7	17.000	68.508	0.014597	1347.8	1596.0	3.3182	1.1059	1.3108	553.71	-0.0044062	49.236	0.090527	supercritical
1263.3	17.000	68.418	0.014616	1349.7	1598.2	3.3199	1.1062	1.3110	554.05	-0.0057089	49.278	0.090628	supercritical
1265.0	17.000	68.328	0.014635	1351.6	1600.4	3.3217	1.1065	1.3113	554.39	-0.0070072	49.320	0.090730	supercritical
1266.7	17.000	68.238	0.014655	1353.4	1602.6	3.3234	1.1068	1.3115	554.73	-0.0083011	49.363	0.090831	supercritical
1268.3	17.000	68.148	0.014674	1355.3	1604.7	3.3251	1.1071	1.3117	555.07	-0.0095907	49.405	0.090933	supercritical
1270.0	17.000	68.059	0.014693	1357.1	1606.9	3.3268	1.1073	1.3120	555.41	-0.010876	49.447	0.091034	supercritical
1271.7	17.000	67.970	0.014712	1359.0	1609.1	3.3286	1.1076	1.3122	555.75	-0.012157	49.489	0.091136	supercritical
1273.3	17.000	67.881	0.014732	1360.9	1611.3	3.3303	1.1079	1.3124	556.09	-0.013434	49.531	0.091237	supercritical
1275.0	17.000	67.792	0.014751	1362.7	1613.5	3.3320	1.1082	1.3126	556.43	-0.014706	49.573	0.091338	supercritical
1276.7	17.000	67.704	0.014770	1364.6	1615.7	3.3337	1.1084	1.3129	556.77	-0.015974	49.615	0.091440	supercritical
1278.3	17.000	67.616	0.014789	1366.4	1617.9	3.3354	1.1087	1.3131	557.11	-0.017239	49.657	0.091541	supercritical
1280.0	17.000	67.528	0.014809	1368.3	1620.0	3.3371	1.1090	1.3133	557.44	-0.018498	49.699	0.091642	supercritical
1281.7	17.000	67.440	0.014828	1370.2	1622.2	3.3388	1.1093	1.3136	557.78	-0.019754	49.741	0.091743	supercritical
1283.3	17.000	67.353	0.014847	1372.0	1624.4	3.3406	1.1095	1.3138	558.12	-0.021006	49.782	0.091844	supercritical
1285.0	17.000	67.266	0.014866	1373.9	1626.6	3.3423	1.1098	1.3140	558.46	-0.022253	49.824	0.091945	supercritical
1286.7	17.000	67.179	0.014886	1375.8	1628.8	3.3440	1.1101	1.3142	558.80	-0.023496	49.866	0.092046	supercritical
1288.3	17.000	67.092	0.014905	1377.6	1631.0	3.3457	1.1104	1.3145	559.13	-0.024736	49.908	0.092147	supercritical
1290.0	17.000	67.005	0.014924	1379.5	1633.2	3.3474	1.1106	1.3147	559.47	-0.025971	49.950	0.092248	supercritical
1291.7	17.000	66.919	0.014943	1381.3	1635.4	3.3491	1.1109	1.3149	559.81	-0.027202	49.992	0.092348	supercritical
1293.3	17.000	66.833	0.014963	1383.2	1637.6	3.3508	1.1112	1.3151	560.14	-0.028429	50.033	0.092449	supercritical
1295.0	17.000	66.747	0.014982	1385.1	1639.8	3.3525	1.1114	1.3154	560.48	-0.029652	50.075	0.092550	supercritical
1296.7	17.000	66.662	0.015001	1386.9	1642.0	3.3541	1.1117	1.3156	560.82	-0.030871	50.117	0.092650	supercritical
1298.3	17.000	66.576	0.015020	1388.8	1644.1	3.3558	1.1120	1.3158	561.15	-0.032087	50.159	0.092751	supercritical
1300.0	17.000	66.491	0.015040	1390.7	1646.3	3.3575	1.1123	1.3160	561.49	-0.033298	50.200	0.092851	supercritical