Temperature (K)	Pressure (MPa)	Density (kg/m3)	Volume (m3/kg)	Internal Energy (kJ/kg)	Enthalpy (kJ/kg)	Entropy (J/g*K)	Cv (J/g*K)	Cp (J/g*K)	Sound Spd. (m/s)	Joule-Thomson (K/MPa)	Viscosity (uPa*s)	Therm. Cond. (W/m*K)	Phase
300.00	18.000	891.26	0.0011220	229.47	249.67	1.1177	0.91921	2.1996	560.99	0.36167	90.518	0.10317	liquid
301.67	18.000	882.72	0.0011329	232.96	253.35	1.1300	0.91944	2.2185	550.91	0.39070	88.501	0.10162	liquid
303.33	18.000	874.04	0.0011441	236.47	257.06	1.1422	0.91973	2.2384	540.84	0.42133	86.518	0.10008	liquid
305.00	18.000	865.20	0.0011558	240.01	260.81	1.1546	0.92007	2.2593	530.80	0.45367	84.567	0.098545	supercritical
306.67	18.000	856.20	0.0011680	243.57	264.60	1.1669	0.92043	2.2812	520.79	0.48780	82.645	0.097019	supercritical
308.33	18.000	847.02	0.0011806	247.17	268.42	1.1794	0.92079	2.3040	510.82	0.52384	80.753	0.095502	supercritical
310.00	18.000	837.68	0.0011938	250.79	272.28	1.1919	0.92116	2.3277	500.89	0.56189	78.888	0.093992	supercritical
311.67	18.000	828.15	0.0012075	254.44	276.18	1.2044	0.92153	2.3523	491.02	0.60204	77.050	0.092491	supercritical
313.33	18.000	818.43	0.0012219	258.12	280.12	1.2170	0.92192	2.3778	481.22	0.64441	75.237	0.090998	supercritical
315.00	18.000	808.52	0.0012368	261.84	284.10	1.2297	0.92235	2.4043	471.51	0.68910	73.449	0.089515	supercritical
316.67	18.000	798.41	0.0012525	265.59	288.13	1.2425	0.92283	2.4318	461.88	0.73624	71.686	0.088042	supercritical
318.33	18.000	788.10	0.0012689	269.37	292.21	1.2553	0.92340	2.4603	452.36	0.78596	69.946	0.086579	supercritical
320.00	18.000	777.58	0.0012860	273.19	296.33	1.2682	0.92405	2.4899	442.97	0.83836	68.230	0.085127	supercritical
321.67	18.000	766.85	0.0013040	277.04	300.51	1.2812	0.92481	2.5206	433.71	0.89358	66.537	0.083688	supercritical
323.33	18.000	755.91	0.0013229	280.92	304.74	1.2943	0.92567	2.5523	424.61	0.95169	64.866	0.082262	supercritical
325.00	18.000	744.75	0.0013427	284.85	309.02	1.3075	0.92661	2.5848	415.68	1.0128	63.220	0.080849	supercritical
326.67	18.000	733.38	0.0013636	288.81	313.35	1.3209	0.92763	2.6178	406.95	1.0768	61.596	0.079452	supercritical
328.33	18.000	721.80	0.0013854	292.81	317.74	1.3343	0.92870	2.6509	398.45	1.1438	59.998	0.078070	supercritical
330.00	18.000	710.02	0.0014084	296.84	322.19	1.3478	0.92978	2.6836	390.19	1.2136	58.426	0.076704	supercritical
331.67	18.000	698.05	0.0014326	300.90	326.69	1.3614	0.93084	2.7154	382.21	1.2862	56.881	0.075356	supercritical
333.33	18.000	685.90	0.0014579	305.00	331.24	1.3751	0.93183	2.7457	374.54	1.3613	55.367	0.074028	supercritical
335.00	18.000	673.61	0.0014845	309.12	335.84	1.3888	0.93268	2.7740	367.21	1.4388	53.885	0.072720	supercritical
336.67	18.000	661.19	0.0015124	313.26	340.49	1.4026	0.93333	2.7998	360.22	1.5187	52.437	0.071434	supercritical
338.33	18.000	648.67	0.0015416	317.42	345.17	1.4165	0.93373	2.8224	353.60	1.6006	51.027	0.070172	supercritical
340.00	18.000	636.08	0.0015721	321.59	349.89	1.4304	0.93381	2.8413	347.37	1.6843	49.658	0.068933	supercritical
341.67	18.000	623.46	0.0016039	325.77	354.64	1.4444	0.93356	2.8557	341.52	1.7693	48.331	0.067720	supercritical
343.33	18.000	610.85	0.0016371	329.94	359.41	1.4583	0.93297	2.8649	336.06	1.8552	47.050	0.066531	supercritical
345.00	18.000	598.29	0.0016714	334.10	364.19	1.4722	0.93206	2.8682	331.01	1.9413	45.817	0.065368	supercritical
346.67	18.000	585.83	0.0017070	338.24	368.96	1.4860	0.93089	2.8654	326.35	2.0270	44.635	0.064232	supercritical
348.33	18.000	573.51	0.0017437	342.35	373.73	1.4997	0.92950	2.8565	322.09	2.1115	43.507	0.063124	supercritical
350.00	18.000	561.37	0.0017814	346.42	378.48	1.5133	0.92797	2.8416	318.22	2.1944	42.433	0.062044	supercritical
351.67	18.000	549.46	0.0018200	350.44	383.20	1.5268	0.92634	2.8213	314.72	2.2750	41.415	0.060994	supercritical
353.33	18.000	537.81	0.0018594	354.42	387.88	1.5401	0.92465	2.7960	311.58	2.3530	40.453	0.059976	supercritical
355.00	18.000	526.44	0.0018995	358.33	392.52	1.5532	0.92294	2.7664	308.78	2.4279	39.546	0.058990	supercritical
356.67	18.000	515.39	0.0019403	362.18	397.10	1.5660	0.92122	2.7331	306.30	2.4993	38.694	0.058036	supercritical
358.33	18.000	504.67	0.0019815	365.96	401.63	1.5787	0.91950	2.6966	304.12	2.5671	37.895	0.057116	supercritical
360.00	18.000	494.30	0.0020231	369.68	406.09	1.5911	0.91778	2.6576	302.23	2.6308	37.147	0.056229	supercritical
361.67	18.000	484.28	0.0020649	373.32	410.49	1.6033	0.91606	2.6166	300.60	2.6904	36.450	0.055376	supercritical
363.33	18.000	474.62	0.0021069	376.89	414.81	1.6152	0.91434	2.5741	299.22	2.7458	35.799	0.054556	supercritical
365.00	18.000	465.32	0.0021491	380.38	419.07	1.6269	0.91261	2.5308	298.05	2.7970	35.193	0.053771	supercritical
366.67	18.000	456.37	0.0021912	383.81	423.25	1.6383	0.91088	2.4869	297.10	2.8441	34.630	0.053019	supercritical
368.33	18.000	447.78	0.0022333	387.16	427.36	1.6495	0.90914	2.4430	296.32	2.8870	34.106	0.052300	supercritical
370.00	18.000	439.52	0.0022752	390.44	431.39	1.6605	0.90739	2.3994	295.72	2.9260	33.620	0.051614	supercritical
371.67	18.000	431.59	0.0023170	393.65	435.35	1.6711	0.90565	2.3564	295.26	2.9611	33.168	0.050960	supercritical
373.33	18.000	423.99	0.0023586	396.79	439.25	1.6816	0.90391	2.3141	294.95	2.9926	32.749	0.050338	supercritical
375.00	18.000	416.69	0.0023999	399.87	443.07	1.6918	0.90219	2.2728	294.75	3.0205	32.360	0.049746	supercritical
376.67	18.000	409.68	0.0024409	402.89	446.82	1.7018	0.90049	2.2327	294.67	3.0451	31.999	0.049184	supercritical
378.33	18.000	402.96	0.0024816	405.84	450.51	1.7116	0.89881	2.1938	294.68	3.0666	31.664	0.048651	supercritical
380.00	18.000	396.51	0.0025220	408.74	454.14	1.7211	0.89716	2.1561	294.78	3.0851	31.353	0.048145	supercritical
381.67	18.000	390.30	0.0025621	411.58	457.70	1.7305	0.89555	2.1198	294.96	3.1008	31.064	0.047666	supercritical
383.33	18.000	384.35	0.0026018	414.37	461.20	1.7396	0.89398	2.0849	295.21	3.1139	30.796	0.047212	supercritical
385.00	18.000	378.62	0.0026412	417.11	464.65	1.7486	0.89245	2.0513	295.52	3.1245	30.547	0.046783	supercritical
386.67	18.000	373.11	0.0026802	419.80	468.04	1.7574	0.89097	2.0190	295.89	3.1329	30.315	0.046377	supercritical
388.33	18.000	367.81	0.0027188	422.44	471.38	1.7660	0.88953	1.9881	296.30	3.1391	30.100	0.045993	supercritical
390.00	18.000	362.70	0.0027571	425.04	474.67	1.7745	0.88814	1.9585	296.77	3.1434	29.901	0.045631	supercritical
391.67	18.000	357.78	0.0027950	427.60	477.91	1.7828	0.88681	1.9301	297.27	3.1458	29.715	0.045289	supercritical
393.33	18.000	353.04	0.0028325	430.12	481.10	1.7909	0.88552	1.9029	297.81	3.1465	29.543	0.044966	supercritical
395.00	18.000	348.46	0.0028697	432.60	484.25	1.7989	0.88429	1.8769	298.38	3.1456	29.383	0.044661	supercritical
396.67	18.000	344.05	0.0029066	435.04	487.36	1.8067	0.88311	1.8520	298.98	3.1432	29.234	0.044374	supercritical
398.33	18.000	339.78	0.0029431	437.45	490.43	1.8145	0.88198	1.8282	299.61	3.1395	29.096	0.044104	supercritical
400.00	18.000	335.66	0.0029792	439.83	493.46	1.8220	0.88091	1.8054	300.25	3.1345	28.968	0.043849	supercritical
401.67	18.000	331.67	0.0030151	442.17	496.45	1.8295	0.87988	1.7836	300.92	3.1284	28.849	0.043609	supercritical
403.33	18.000	327.81	0.0030506	444.49	499.40	1.8368	0.87891	1.7628	301.61	3.1212	28.739	0.043384	supercritical
405.00	18.000	324.07	0.0030858	446.78	502.32	1.8441	0.87798	1.7428	302.31	3.1130	28.637	0.043171	supercritical
406.67	18.000	320.45	0.0031206	449.04	505.21	1.8512	0.87710	1.7237	303.02	3.1039	28.542	0.042972	supercritical
408.33	18.000	316.94	0.0031552	451.28	508.07	1.8582	0.87627	1.7054	303.75	3.0939	28.455	0.042785	supercritical
410.00	18.000	313.53	0.0031895	453.49	510.90	1.8651	0.87549	1.6878	304.49	3.0832	28.374	0.042609	supercritical
411.67	18.000	310.23	0.0032234	455.67	513.69	1.8719	0.87475	1.6710	305.24	3.0718	28.299	0.042444	supercritical
413.33	18.000	307.02	0.0032571	457.84	516.47	1.8786	0.87406	1.6549	306.00	3.0598	28.230	0.042290	supercritical
415.00	18.000	303.90	0.0032905	459.98	519.21	1.8853	0.87341	1.6395	306.77	3.0471	28.167	0.042145	supercritical
416.67	18.000	300.87	0.0033237	462.11	521.93	1.8918	0.87281	1.6246	307.54	3.0339	28.109	0.042010	supercritical
418.33	18.000	297.92	0.0033566	464.21	524.63	1.8983	0.87224	1.6104	308.32	3.0202	28.055	0.041884	supercritical
420.00	18.000	295.06	0.0033892	466.29	527.30	1.9046	0.87171	1.5968	309.10	3.0061	28.007	0.041766	supercritical
421.67	18.000	292.26	0.0034216	468.36	529.95	1.9109	0.87123	1.5837	309.89	2.9916	27.962	0.041657	supercritical
423.33	18.000	289.55	0.0034537	470.41	532.58	1.9172	0.87078	1.5711	310.68	2.9766	27.922	0.041555	supercritical
425.00	18.000	286.90	0.0034856	472.45	535.19	1.9233	0.87036	1.5590	311.47	2.9614	27.886	0.041460	supercritical
426.67	18.000	284.31	0.0035172	474.47	537.78	1.9294	0.86999	1.5473	312.27	2.9458	27.853	0.041372	supercritical
428.33	18.000	281.80	0.0035487	476.47	540.35	1.9354	0.86964	1.5361	313.06	2.9300	27.824	0.041290	supercritical
430.00	18.000	279.34	0.0035799	478.46	542.90	1.9413	0.86933	1.5254	313.86	2.9139	27.798	0.041215	supercritical
431.67	18.000	276.94	0.0036109	480.43	545.43	1.9472	0.86905	1.5150	314.66	2.8976	27.775	0.041146	supercritical
433.33	18.000	274.60	0.0036417	482.40	547.95	1.9530	0.86881	1.5050	315.46	2.8811	27.755	0.041082	supercritical
435.00	18.000	272.31	0.0036722	484.35	550.45	1.9588	0.86859	1.4954	316.26	2.8644	27.738	0.041023	supercritical
436.67	18.000	270.08	0.0037026	486.28	552.93	1.9645	0.86841	1.4862	317.06	2.8476	27.724	0.040970	supercritical
438.33	18.000	267.89	0.0037328	488.21	555.40	1.9702	0.86825	1.4773	317.86	2.8306	27.712	0.040921	supercritical
440.00	18.000	265.76	0.0037628	490.13	557.86	1.9757	0.86812	1.4687	318.66	2.8135	27.703	0.040876	supercritical
441.67	18.000	263.67	0.0037926	492.03	560.30	1.9813	0.86801	1.4604	319.46	2.7963	27.696	0.040835	supercritical
443.33	18.000	261.63	0.0038223	493.92	562.72	1.9868	0.86794	1.4524	320.26	2.7790	27.691	0.040798	supercritical
445.00	18.000	259.62	0.0038517	495.81	565.14	1.9922	0.86789	1.4446	321.06	2.7617	27.688	0.040763	supercritical
446.67	18.000	257.67	0.0038810	497.68	567.54	1.9976	0.86786	1.4372	321.86	2.7443	27.688	0.040732	supercritical
448.33	18.000	255.75	0.0039101	499.55	569.93	2.0029	0.86785	1.4300	322.65	2.7269	27.689	0.040702	supercritical
450.00	18.000	253.87	0.0039391	501.40	572.31	2.0082	0.86787	1.4231	323.44	2.7094	27.692	0.040673	supercritical
451.67	18.000	252.03	0.0039679	503.25	574.67	2.0135	0.86791	1.4163	324.23	2.6919	27.696	0.040644	supercritical
453.33	18.000	250.22	0.0039965	505.09	577.03	2.0187	0.86797	1.4099	325.02	2.6744	27.703	0.040610	supercritical
455.00	18.000	248.45	0.0040250	506.92	579.37	2.0238	0.86806	1.4036	325.81	2.6570	27.711	0.040564	supercritical
456.67	18.000	246.71	0.0040533	508.75	581.71	2.0290	0.86816	1.3975	326.60	2.6395	27.720	0.040469	supercritical
458.33	18.000	245.01	0.0040815	510.56	584.03	2.0340	0.86828	1.3917	327.38	2.6220	27.731	0.040498	supercritical
460.00	18.000	243.34	0.0041095	512.37	586.35	2.0391	0.86843	1.3860	328.16	2.6046	27.744	0.040528	supercritical
461.67	18.000	241.70	0.0041374	514.18	588.65	2.0441	0.86859	1.3805	328.94	2.5871	27.757	0.040561	supercritical
463.33	18.000	240.09	0.0041652	515.97	590.95	2.0490	0.86876	1.3752	329.72	2.5698	27.772	0.040596	supercritical
465.00	18.000	238.50	0.0041928	517.76	593.24	2.0540	0.86896	1.3701	330.49	2.5524	27.788	0.040634	supercritical
466.67	18.000	236.95	0.0042203	519.55	595.51	2.0589	0.86917	1.3651	331.27	2.5351	27.806	0.040673	supercritical
468.33	18.000	235.42	0.0042477	521.33	597.79	2.0637	0.86940	1.3603	332.04	2.5179	27.824	0.040714	supercritical
470.00	18.000	233.92	0.0042749	523.10	600.05	2.0685	0.86964	1.3557	332.80	2.5007	27.844	0.040757	supercritical
471.67	18.000	232.45	0.0043020	524.87	602.30	2.0733	0.86990	1.3511	333.57	2.4836	27.864	0.040802	supercritical
473.33	18.000	231.00	0.0043290	526.63	604.55	2.0781	0.87018	1.3468	334.33	2.4666	27.886	0.040849	supercritical
475.00	18.000	229.57	0.0043559	528.39	606.79	2.0828	0.87046	1.3425	335.09	2.4496	27.909	0.040897	supercritical
476.67	18.000	228.17	0.0043827	530.14	609.03	2.0875	0.87077	1.3384	335.85	2.4327	27.932	0.040947	supercritical
478.33	18.000	226.79	0.0044093	531.89	611.26	2.0922	0.87108	1.3345	336.60	2.4159	27.957	0.040999	supercritical
480.00	18.000	225.43	0.0044359	533.63	613.48	2.0968	0.87141	1.3306	337.36	2.3992	27.982	0.041052	supercritical
481.67	18.000	224.10	0.0044623	535.37	615.69	2.1014	0.87175	1.3269	338.10	2.3825	28.008	0.041107	supercritical
483.33	18.000	222.78	0.0044886	537.10	617.90	2.1060	0.87210	1.3232	338.85	2.3660	28.035	0.041164	supercritical
485.00	18.000	221.49	0.0045149	538.83	620.10	2.1106	0.87247	1.3197	339.60	2.3495	28.063	0.041221	supercritical
486.67	18.000	220.22	0.0045410	540.56	622.30	2.1151	0.87284	1.3163	340.34	2.3331	28.091	0.041281	supercritical
488.33	18.000	218.96	0.0045670	542.28	624.49	2.1196	0.87323	1.3130	341.08	2.3168	28.120	0.041341	supercritical
490.00	18.000	217.73	0.0045929	544.00	626.68	2.1240	0.87363	1.3098	341.81	2.3006	28.150	0.041403	supercritical
491.67	18.000	216.51	0.0046187	545.72	628.86	2.1285	0.87404	1.3067	342.55	2.2845	28.180	0.041466	supercritical
493.33	18.000	215.31	0.0046445	547.43	631.03	2.1329	0.87445	1.3037	343.28	2.2685	28.211	0.041530	supercritical
495.00	18.000	214.13	0.0046701	549.14	633.20	2.1373	0.87488	1.3008	344.01	2.2526	28.243	0.041596	supercritical
496.67	18.000	212.96	0.0046956	550.85	635.37	2.1417	0.87532	1.2979	344.73	2.2368	28.275	0.041663	supercritical
498.33	18.000	211.81	0.0047211	552.55	637.53	2.1460	0.87577	1.2952	345.46	2.2211	28.308	0.041731	supercritical
500.00	18.000	210.68	0.0047465	554.25	639.68	2.1503	0.87622	1.2925	346.18	2.2055	28.342	0.041800	supercritical
501.67	18.000	209.57	0.0047718	555.94	641.84	2.1546	0.87669	1.2899	346.90	2.1900	28.376	0.041870	supercritical
503.33	18.000	208.47	0.0047969	557.64	643.98	2.1589	0.87716	1.2874	347.61	2.1746	28.410	0.041941	supercritical
505.00	18.000	207.38	0.0048221	559.33	646.13	2.1631	0.87764	1.2849	348.33	2.1593	28.445	0.042013	supercritical
506.67	18.000	206.31	0.0048471	561.02	648.27	2.1674	0.87813	1.2825	349.04	2.1441	28.481	0.042086	supercritical
508.33	18.000	205.25	0.0048720	562.71	650.40	2.1716	0.87862	1.2802	349.74	2.1290	28.516	0.042160	supercritical
510.00	18.000	204.21	0.0048969	564.39	652.53	2.1758	0.87913	1.2780	350.45	2.1140	28.553	0.042235	supercritical
511.67	18.000	203.18	0.0049217	566.07	654.66	2.1799	0.87964	1.2758	351.15	2.0992	28.590	0.042311	supercritical
513.33	18.000	202.17	0.0049464	567.75	656.79	2.1841	0.88015	1.2737	351.85	2.0844	28.627	0.042388	supercritical
515.00	18.000	201.16	0.0049711	569.43	658.91	2.1882	0.88068	1.2717	352.55	2.0697	28.664	0.042466	supercritical
516.67	18.000	200.17	0.0049956	571.10	661.03	2.1923	0.88121	1.2697	353.25	2.0552	28.702	0.042544	supercritical
518.33	18.000	199.20	0.0050201	572.78	663.14	2.1964	0.88175	1.2677	353.94	2.0407	28.741	0.042624	supercritical
520.00	18.000	198.23	0.0050446	574.45	665.25	2.2005	0.88229	1.2659	354.63	2.0263	28.780	0.042704	supercritical
521.67	18.000	197.28	0.0050689	576.12	667.36	2.2045	0.88284	1.2640	355.32	2.0121	28.819	0.042785	supercritical
523.33	18.000	196.34	0.0050932	577.79	669.47	2.2085	0.88339	1.2623	356.01	1.9980	28.858	0.042866	supercritical
525.00	18.000	195.41	0.0051174	579.45	671.57	2.2125	0.88395	1.2606	356.69	1.9839	28.898	0.042949	supercritical
526.67	18.000	194.49	0.0051416	581.12	673.67	2.2165	0.88452	1.2589	357.37	1.9700	28.938	0.043032	supercritical
528.33	18.000	193.59	0.0051657	582.78	675.76	2.2205	0.88509	1.2573	358.05	1.9561	28.978	0.043116	supercritical
530.00	18.000	192.69	0.0051897	584.44	677.86	2.2245	0.88566	1.2557	358.73	1.9424	29.019	0.043201	supercritical
531.67	18.000	191.80	0.0052136	586.10	679.95	2.2284	0.88624	1.2542	359.40	1.9288	29.060	0.043286	supercritical
533.33	18.000	190.93	0.0052375	587.76	682.04	2.2323	0.88682	1.2527	360.07	1.9153	29.102	0.043372	supercritical
535.00	18.000	190.06	0.0052614	589.42	684.13	2.2362	0.88741	1.2513	360.74	1.9018	29.143	0.043459	supercritical
536.67	18.000	189.21	0.0052851	591.08	686.21	2.2401	0.88801	1.2499	361.41	1.8885	29.185	0.043546	supercritical
538.33	18.000	188.36	0.0053089	592.73	688.29	2.2440	0.88860	1.2485	362.07	1.8753	29.227	0.043634	supercritical
540.00	18.000	187.53	0.0053325	594.39	690.37	2.2479	0.88921	1.2472	362.74	1.8622	29.269	0.043722	supercritical
541.67	18.000	186.70	0.0053561	596.04	692.45	2.2517	0.88981	1.2459	363.40	1.8491	29.312	0.043811	supercritical
543.33	18.000	185.89	0.0053796	597.69	694.52	2.2555	0.89042	1.2447	364.06	1.8362	29.355	0.043901	supercritical
545.00	18.000	185.08	0.0054031	599.34	696.60	2.2593	0.89103	1.2435	364.71	1.8234	29.398	0.043991	supercritical
546.67	18.000	184.28	0.0054266	600.99	698.67	2.2631	0.89165	1.2423	365.37	1.8107	29.441	0.044082	supercritical
548.33	18.000	183.49	0.0054499	602.64	700.74	2.2669	0.89227	1.2412	366.02	1.7981	29.485	0.044173	supercritical
550.00	18.000	182.71	0.0054733	604.29	702.81	2.2707	0.89289	1.2401	366.67	1.7855	29.528	0.044265	supercritical
551.67	18.000	181.93	0.0054965	605.94	704.87	2.2744	0.89352	1.2390	367.32	1.7731	29.572	0.044357	supercritical
553.33	18.000	181.17	0.0055197	607.58	706.94	2.2782	0.89415	1.2380	367.96	1.7608	29.616	0.044450	supercritical
555.00	18.000	180.41	0.0055429	609.23	709.00	2.2819	0.89478	1.2370	368.60	1.7485	29.660	0.044544	supercritical
556.67	18.000	179.66	0.0055660	610.87	711.06	2.2856	0.89541	1.2361	369.25	1.7364	29.705	0.044637	supercritical
558.33	18.000	178.92	0.0055891	612.52	713.12	2.2893	0.89605	1.2351	369.89	1.7243	29.750	0.044732	supercritical
560.00	18.000	178.19	0.0056121	614.16	715.18	2.2930	0.89669	1.2342	370.52	1.7124	29.794	0.044826	supercritical
561.67	18.000	177.46	0.0056351	615.80	717.23	2.2966	0.89733	1.2333	371.16	1.7005	29.839	0.044922	supercritical
563.33	18.000	176.74	0.0056580	617.45	719.29	2.3003	0.89798	1.2325	371.79	1.6887	29.884	0.045017	supercritical
565.00	18.000	176.03	0.0056809	619.09	721.34	2.3039	0.89862	1.2317	372.42	1.6770	29.930	0.045113	supercritical
566.67	18.000	175.32	0.0057037	620.73	723.39	2.3076	0.89927	1.2309	373.05	1.6654	29.975	0.045210	supercritical
568.33	18.000	174.63	0.0057265	622.37	725.45	2.3112	0.89992	1.2301	373.68	1.6539	30.021	0.045307	supercritical
570.00	18.000	173.94	0.0057492	624.01	727.49	2.3148	0.90058	1.2293	374.30	1.6425	30.066	0.045404	supercritical
571.67	18.000	173.25	0.0057719	625.65	729.54	2.3184	0.90123	1.2286	374.93	1.6312	30.112	0.045502	supercritical
573.33	18.000	172.58	0.0057946	627.29	731.59	2.3219	0.90189	1.2279	375.55	1.6200	30.158	0.045600	supercritical
575.00	18.000	171.91	0.0058172	628.93	733.64	2.3255	0.90255	1.2272	376.17	1.6088	30.204	0.045698	supercritical
576.67	18.000	171.24	0.0058397	630.57	735.68	2.3291	0.90321	1.2266	376.79	1.5977	30.251	0.045797	supercritical
578.33	18.000	170.58	0.0058622	632.20	737.72	2.3326	0.90387	1.2259	377.40	1.5868	30.297	0.045896	supercritical
580.00	18.000	169.93	0.0058847	633.84	739.77	2.3361	0.90453	1.2253	378.02	1.5759	30.343	0.045995	supercritical
581.67	18.000	169.29	0.0059072	635.48	741.81	2.3396	0.90520	1.2248	378.63	1.5650	30.390	0.046095	supercritical
583.33	18.000	168.65	0.0059296	637.12	743.85	2.3431	0.90586	1.2242	379.24	1.5543	30.437	0.046196	supercritical
585.00	18.000	168.01	0.0059519	638.76	745.89	2.3466	0.90653	1.2236	379.85	1.5437	30.483	0.046296	supercritical
586.67	18.000	167.39	0.0059742	640.39	747.93	2.3501	0.90720	1.2231	380.46	1.5331	30.530	0.046397	supercritical
588.33	18.000	166.76	0.0059965	642.03	749.97	2.3536	0.90787	1.2226	381.06	1.5226	30.577	0.046498	supercritical
590.00	18.000	166.15	0.0060188	643.67	752.00	2.3570	0.90854	1.2221	381.66	1.5122	30.624	0.046599	supercritical
591.67	18.000	165.54	0.0060410	645.30	754.04	2.3605	0.90921	1.2216	382.27	1.5019	30.672	0.046701	supercritical
593.33	18.000	164.93	0.0060631	646.94	756.08	2.3639	0.90989	1.2212	382.87	1.4917	30.719	0.046803	supercritical
595.00	18.000	164.33	0.0060853	648.58	758.11	2.3673	0.91056	1.2208	383.46	1.4815	30.766	0.046906	supercritical
596.67	18.000	163.74	0.0061074	650.21	760.15	2.3708	0.91124	1.2203	384.06	1.4714	30.814	0.047008	supercritical
598.33	18.000	163.15	0.0061294	651.85	762.18	2.3742	0.91191	1.2199	384.66	1.4614	30.861	0.047111	supercritical
600.00	18.000	162.56	0.0061514	653.49	764.21	2.3776	0.91259	1.2195	385.25	1.4515	30.909	0.047214	supercritical
601.67	18.000	161.98	0.0061734	655.12	766.24	2.3809	0.91327	1.2192	385.84	1.4416	30.957	0.047318	supercritical
603.33	18.000	161.41	0.0061954	656.76	768.28	2.3843	0.91395	1.2188	386.43	1.4318	31.004	0.047422	supercritical
605.00	18.000	160.84	0.0062173	658.40	770.31	2.3877	0.91462	1.2185	387.02	1.4221	31.052	0.047526	supercritical
606.67	18.000	160.28	0.0062392	660.03	772.34	2.3910	0.91530	1.2182	387.61	1.4125	31.100	0.047630	supercritical
608.33	18.000	159.72	0.0062610	661.67	774.37	2.3944	0.91598	1.2179	388.19	1.4029	31.148	0.047734	supercritical
610.00	18.000	159.16	0.0062828	663.31	776.40	2.3977	0.91666	1.2176	388.77	1.3934	31.196	0.047839	supercritical
611.67	18.000	158.61	0.0063046	664.94	778.43	2.4010	0.91734	1.2173	389.36	1.3840	31.244	0.047944	supercritical
613.33	18.000	158.07	0.0063264	666.58	780.45	2.4043	0.91802	1.2170	389.94	1.3747	31.292	0.048049	supercritical
615.00	18.000	157.53	0.0063481	668.22	782.48	2.4076	0.91871	1.2168	390.51	1.3654	31.341	0.048154	supercritical
616.67	18.000	156.99	0.0063698	669.85	784.51	2.4109	0.91939	1.2165	391.09	1.3562	31.389	0.048260	supercritical
618.33	18.000	156.46	0.0063915	671.49	786.54	2.4142	0.92007	1.2163	391.67	1.3470	31.437	0.048366	supercritical
620.00	18.000	155.93	0.0064131	673.13	788.56	2.4175	0.92075	1.2161	392.24	1.3380	31.486	0.048472	supercritical
621.67	18.000	155.41	0.0064347	674.77	790.59	2.4207	0.92143	1.2159	392.81	1.3290	31.534	0.048578	supercritical
623.33	18.000	154.89	0.0064563	676.41	792.62	2.4240	0.92211	1.2157	393.38	1.3200	31.583	0.048685	supercritical
625.00	18.000	154.37	0.0064778	678.04	794.64	2.4272	0.92280	1.2155	393.95	1.3112	31.631	0.048791	supercritical
626.67	18.000	153.86	0.0064993	679.68	796.67	2.4305	0.92348	1.2153	394.52	1.3024	31.680	0.048898	supercritical
628.33	18.000	153.36	0.0065208	681.32	798.69	2.4337	0.92416	1.2152	395.09	1.2936	31.728	0.049005	supercritical
630.00	18.000	152.85	0.0065422	682.96	800.72	2.4369	0.92484	1.2150	395.65	1.2850	31.777	0.049112	supercritical
631.67	18.000	152.35	0.0065637	684.60	802.74	2.4401	0.92553	1.2149	396.22	1.2763	31.826	0.049220	supercritical
633.33	18.000	151.86	0.0065851	686.24	804.77	2.4433	0.92621	1.2148	396.78	1.2678	31.874	0.049327	supercritical
635.00	18.000	151.37	0.0066064	687.88	806.79	2.4465	0.92689	1.2146	397.34	1.2593	31.923	0.049435	supercritical
636.67	18.000	150.88	0.0066278	689.52	808.82	2.4497	0.92757	1.2145	397.90	1.2509	31.972	0.049543	supercritical
638.33	18.000	150.40	0.0066491	691.16	810.84	2.4529	0.92825	1.2144	398.46	1.2425	32.021	0.049651	supercritical
640.00	18.000	149.92	0.0066704	692.80	812.87	2.4561	0.92893	1.2144	399.01	1.2342	32.070	0.049759	supercritical
641.67	18.000	149.44	0.0066916	694.44	814.89	2.4592	0.92961	1.2143	399.57	1.2260	32.118	0.049868	supercritical
643.33	18.000	148.97	0.0067129	696.08	816.91	2.4624	0.93030	1.2142	400.12	1.2178	32.167	0.049976	supercritical
645.00	18.000	148.50	0.0067341	697.72	818.94	2.4655	0.93098	1.2142	400.68	1.2097	32.216	0.050085	supercritical
646.67	18.000	148.03	0.0067552	699.37	820.96	2.4686	0.93166	1.2141	401.23	1.2017	32.265	0.050194	supercritical
648.33	18.000	147.57	0.0067764	701.01	822.98	2.4718	0.93233	1.2141	401.78	1.1937	32.314	0.050303	supercritical
650.00	18.000	147.11	0.0067975	702.65	825.01	2.4749	0.93301	1.2140	402.33	1.1857	32.363	0.050412	supercritical
651.67	18.000	146.66	0.0068186	704.30	827.03	2.4780	0.93369	1.2140	402.87	1.1778	32.412	0.050521	supercritical
653.33	18.000	146.20	0.0068397	705.94	829.05	2.4811	0.93437	1.2140	403.42	1.1700	32.462	0.050631	supercritical
655.00	18.000	145.76	0.0068608	707.58	831.08	2.4842	0.93505	1.2140	403.96	1.1622	32.511	0.050740	supercritical
656.67	18.000	145.31	0.0068818	709.23	833.10	2.4873	0.93573	1.2140	404.51	1.1545	32.560	0.050850	supercritical
658.33	18.000	144.87	0.0069028	710.87	835.12	2.4903	0.93640	1.2140	405.05	1.1469	32.609	0.050960	supercritical
660.00	18.000	144.43	0.0069238	712.52	837.15	2.4934	0.93708	1.2140	405.59	1.1393	32.658	0.051070	supercritical
661.67	18.000	143.99	0.0069448	714.17	839.17	2.4965	0.93775	1.2140	406.13	1.1317	32.707	0.051180	supercritical
663.33	18.000	143.56	0.0069657	715.81	841.19	2.4995	0.93843	1.2141	406.67	1.1242	32.756	0.051290	supercritical
665.00	18.000	143.13	0.0069867	717.46	843.22	2.5026	0.93910	1.2141	407.21	1.1168	32.806	0.051400	supercritical
666.67	18.000	142.70	0.0070076	719.11	845.24	2.5056	0.93978	1.2141	407.74	1.1094	32.855	0.051511	supercritical
668.33	18.000	142.28	0.0070284	720.75	847.27	2.5086	0.94045	1.2142	408.28	1.1021	32.904	0.051621	supercritical
670.00	18.000	141.86	0.0070493	722.40	849.29	2.5117	0.94112	1.2142	408.81	1.0948	32.953	0.051732	supercritical
671.67	18.000	141.44	0.0070701	724.05	851.31	2.5147	0.94179	1.2143	409.34	1.0875	33.003	0.051843	supercritical
673.33	18.000	141.03	0.0070909	725.70	853.34	2.5177	0.94247	1.2144	409.87	1.0804	33.052	0.051954	supercritical
675.00	18.000	140.61	0.0071117	727.35	855.36	2.5207	0.94314	1.2145	410.40	1.0732	33.101	0.052065	supercritical
676.67	18.000	140.20	0.0071325	729.00	857.39	2.5237	0.94381	1.2145	410.93	1.0661	33.150	0.052176	supercritical
678.33	18.000	139.80	0.0071532	730.65	859.41	2.5267	0.94447	1.2146	411.46	1.0591	33.200	0.052287	supercritical
680.00	18.000	139.39	0.0071740	732.30	861.43	2.5297	0.94514	1.2147	411.98	1.0521	33.249	0.052398	supercritical
681.67	18.000	138.99	0.0071947	733.95	863.46	2.5326	0.94581	1.2148	412.51	1.0452	33.298	0.052509	supercritical
683.33	18.000	138.59	0.0072153	735.61	865.48	2.5356	0.94648	1.2149	413.03	1.0383	33.347	0.052621	supercritical
685.00	18.000	138.20	0.0072360	737.26	867.51	2.5386	0.94714	1.2150	413.56	1.0314	33.397	0.052732	supercritical
686.67	18.000	137.80	0.0072567	738.91	869.53	2.5415	0.94781	1.2151	414.08	1.0247	33.446	0.052844	supercritical
688.33	18.000	137.41	0.0072773	740.57	871.56	2.5445	0.94847	1.2153	414.60	1.0179	33.495	0.052956	supercritical
690.00	18.000	137.03	0.0072979	742.22	873.58	2.5474	0.94913	1.2154	415.12	1.0112	33.545	0.053067	supercritical
691.67	18.000	136.64	0.0073185	743.88	875.61	2.5503	0.94979	1.2155	415.64	1.0045	33.594	0.053179	supercritical
693.33	18.000	136.26	0.0073390	745.53	877.64	2.5533	0.95045	1.2156	416.15	0.99794	33.643	0.053291	supercritical
695.00	18.000	135.88	0.0073596	747.19	879.66	2.5562	0.95111	1.2158	416.67	0.99138	33.693	0.053403	supercritical
696.67	18.000	135.50	0.0073801	748.85	881.69	2.5591	0.95177	1.2159	417.18	0.98486	33.742	0.053515	supercritical
698.33	18.000	135.12	0.0074006	750.50	883.72	2.5620	0.95243	1.2161	417.70	0.97838	33.791	0.053627	supercritical
700.00	18.000	134.75	0.0074211	752.16	885.74	2.5649	0.95309	1.2162	418.21	0.97195	33.841	0.053739	supercritical
701.67	18.000	134.38	0.0074416	753.82	887.77	2.5678	0.95375	1.2164	418.72	0.96556	33.890	0.053852	supercritical
703.33	18.000	134.01	0.0074621	755.48	889.80	2.5707	0.95440	1.2166	419.23	0.95921	33.939	0.053964	supercritical
705.00	18.000	133.65	0.0074825	757.14	891.82	2.5736	0.95505	1.2167	419.74	0.95291	33.989	0.054076	supercritical
706.67	18.000	133.28	0.0075029	758.80	893.85	2.5764	0.95571	1.2169	420.25	0.94665	34.038	0.054189	supercritical
708.33	18.000	132.92	0.0075233	760.46	895.88	2.5793	0.95636	1.2171	420.76	0.94043	34.087	0.054301	supercritical
710.00	18.000	132.56	0.0075437	762.12	897.91	2.5822	0.95701	1.2172	421.27	0.93426	34.136	0.054414	supercritical
711.67	18.000	132.20	0.0075641	763.78	899.94	2.5850	0.95766	1.2174	421.77	0.92812	34.186	0.054527	supercritical
713.33	18.000	131.85	0.0075844	765.45	901.97	2.5879	0.95831	1.2176	422.28	0.92203	34.235	0.054639	supercritical
715.00	18.000	131.50	0.0076048	767.11	904.00	2.5907	0.95896	1.2178	422.78	0.91597	34.284	0.054752	supercritical
716.67	18.000	131.15	0.0076251	768.78	906.03	2.5935	0.95960	1.2180	423.28	0.90996	34.333	0.054865	supercritical
718.33	18.000	130.80	0.0076454	770.44	908.06	2.5964	0.96025	1.2182	423.79	0.90398	34.383	0.054978	supercritical
720.00	18.000	130.45	0.0076657	772.11	910.09	2.5992	0.96089	1.2184	424.29	0.89805	34.432	0.055091	supercritical
721.67	18.000	130.11	0.0076859	773.77	912.12	2.6020	0.96154	1.2186	424.79	0.89215	34.481	0.055204	supercritical
723.33	18.000	129.77	0.0077062	775.44	914.15	2.6048	0.96218	1.2188	425.28	0.88629	34.530	0.055317	supercritical
725.00	18.000	129.43	0.0077264	777.11	916.18	2.6076	0.96282	1.2190	425.78	0.88047	34.580	0.055430	supercritical
726.67	18.000	129.09	0.0077466	778.77	918.21	2.6104	0.96346	1.2192	426.28	0.87469	34.629	0.055543	supercritical
728.33	18.000	128.75	0.0077669	780.44	920.24	2.6132	0.96410	1.2194	426.77	0.86894	34.678	0.055656	supercritical
730.00	18.000	128.42	0.0077870	782.11	922.28	2.6160	0.96474	1.2197	427.27	0.86324	34.727	0.055769	supercritical
731.67	18.000	128.09	0.0078072	783.78	924.31	2.6188	0.96538	1.2199	427.76	0.85757	34.776	0.055882	supercritical
733.33	18.000	127.76	0.0078274	785.45	926.34	2.6216	0.96601	1.2201	428.26	0.85193	34.826	0.055995	supercritical
735.00	18.000	127.43	0.0078475	787.12	928.38	2.6243	0.96664	1.2203	428.75	0.84634	34.875	0.056109	supercritical
736.67	18.000	127.10	0.0078677	788.79	930.41	2.6271	0.96728	1.2206	429.24	0.84078	34.924	0.056222	supercritical
738.33	18.000	126.78	0.0078878	790.47	932.45	2.6299	0.96791	1.2208	429.73	0.83525	34.973	0.056335	supercritical
740.00	18.000	126.46	0.0079079	792.14	934.48	2.6326	0.96854	1.2210	430.22	0.82976	35.022	0.056449	supercritical
741.67	18.000	126.14	0.0079280	793.81	936.52	2.6354	0.96917	1.2213	430.71	0.82431	35.071	0.056562	supercritical
743.33	18.000	125.82	0.0079480	795.49	938.55	2.6381	0.96980	1.2215	431.19	0.81889	35.120	0.056676	supercritical
745.00	18.000	125.50	0.0079681	797.16	940.59	2.6408	0.97043	1.2218	431.68	0.81350	35.169	0.056789	supercritical
746.67	18.000	125.19	0.0079881	798.84	942.62	2.6436	0.97105	1.2220	432.17	0.80815	35.219	0.056903	supercritical
748.33	18.000	124.87	0.0080081	800.51	944.66	2.6463	0.97168	1.2223	432.65	0.80283	35.268	0.057016	supercritical
750.00	18.000	124.56	0.0080282	802.19	946.70	2.6490	0.97230	1.2225	433.13	0.79755	35.317	0.057130	supercritical
751.67	18.000	124.25	0.0080482	803.87	948.74	2.6517	0.97292	1.2228	433.62	0.79229	35.366	0.057243	supercritical
753.33	18.000	123.94	0.0080681	805.55	950.77	2.6544	0.97354	1.2230	434.10	0.78708	35.415	0.057357	supercritical
755.00	18.000	123.64	0.0080881	807.23	952.81	2.6571	0.97416	1.2233	434.58	0.78189	35.464	0.057470	supercritical
756.67	18.000	123.33	0.0081081	808.91	954.85	2.6598	0.97478	1.2235	435.06	0.77674	35.513	0.057584	supercritical
758.33	18.000	123.03	0.0081280	810.59	956.89	2.6625	0.97540	1.2238	435.54	0.77162	35.562	0.057698	supercritical
760.00	18.000	122.73	0.0081480	812.27	958.93	2.6652	0.97601	1.2241	436.02	0.76653	35.611	0.057811	supercritical
761.67	18.000	122.43	0.0081679	813.95	960.97	2.6679	0.97663	1.2243	436.50	0.76147	35.659	0.057925	supercritical
763.33	18.000	122.13	0.0081878	815.63	963.01	2.6706	0.97724	1.2246	436.97	0.75644	35.708	0.058039	supercritical
765.00	18.000	121.84	0.0082077	817.32	965.05	2.6732	0.97785	1.2249	437.45	0.75145	35.757	0.058152	supercritical
766.67	18.000	121.54	0.0082276	819.00	967.10	2.6759	0.97846	1.2251	437.93	0.74648	35.806	0.058266	supercritical
768.33	18.000	121.25	0.0082474	820.68	969.14	2.6786	0.97907	1.2254	438.40	0.74155	35.855	0.058380	supercritical
770.00	18.000	120.96	0.0082673	822.37	971.18	2.6812	0.97968	1.2257	438.87	0.73664	35.904	0.058494	supercritical
771.67	18.000	120.67	0.0082871	824.05	973.22	2.6839	0.98029	1.2260	439.35	0.73177	35.953	0.058607	supercritical
773.33	18.000	120.38	0.0083070	825.74	975.27	2.6865	0.98090	1.2262	439.82	0.72693	36.001	0.058721	supercritical
775.00	18.000	120.09	0.0083268	827.43	977.31	2.6892	0.98150	1.2265	440.29	0.72211	36.050	0.058835	supercritical
776.67	18.000	119.81	0.0083466	829.12	979.35	2.6918	0.98210	1.2268	440.76	0.71733	36.099	0.058949	supercritical
778.33	18.000	119.53	0.0083664	830.80	981.40	2.6944	0.98270	1.2271	441.23	0.71257	36.148	0.059062	supercritical
780.00	18.000	119.24	0.0083862	832.49	983.45	2.6970	0.98331	1.2274	441.70	0.70784	36.196	0.059176	supercritical
781.67	18.000	118.96	0.0084059	834.18	985.49	2.6997	0.98390	1.2276	442.17	0.70314	36.245	0.059290	supercritical
783.33	18.000	118.68	0.0084257	835.87	987.54	2.7023	0.98450	1.2279	442.63	0.69847	36.294	0.059404	supercritical
785.00	18.000	118.41	0.0084454	837.57	989.58	2.7049	0.98510	1.2282	443.10	0.69383	36.343	0.059518	supercritical
786.67	18.000	118.13	0.0084652	839.26	991.63	2.7075	0.98569	1.2285	443.57	0.68921	36.391	0.059631	supercritical
788.33	18.000	117.86	0.0084849	840.95	993.68	2.7101	0.98629	1.2288	444.03	0.68463	36.440	0.059745	supercritical
790.00	18.000	117.58	0.0085046	842.64	995.73	2.7127	0.98688	1.2291	444.49	0.68007	36.488	0.059859	supercritical
791.67	18.000	117.31	0.0085243	844.34	997.78	2.7153	0.98747	1.2294	444.96	0.67553	36.537	0.059973	supercritical
793.33	18.000	117.04	0.0085440	846.03	999.83	2.7179	0.98806	1.2297	445.42	0.67103	36.586	0.060087	supercritical
795.00	18.000	116.77	0.0085637	847.73	1001.9	2.7205	0.98865	1.2300	445.88	0.66655	36.634	0.060200	supercritical
796.67	18.000	116.50	0.0085833	849.43	1003.9	2.7230	0.98924	1.2303	446.34	0.66209	36.683	0.060314	supercritical
798.33	18.000	116.24	0.0086030	851.12	1006.0	2.7256	0.98982	1.2306	446.80	0.65767	36.731	0.060428	supercritical
800.00	18.000	115.97	0.0086226	852.82	1008.0	2.7282	0.99041	1.2309	447.26	0.65327	36.780	0.060542	supercritical
801.67	18.000	115.71	0.0086423	854.52	1010.1	2.7307	0.99099	1.2312	447.72	0.64889	36.828	0.060656	supercritical
803.33	18.000	115.45	0.0086619	856.22	1012.1	2.7333	0.99157	1.2315	448.18	0.64454	36.877	0.060769	supercritical
805.00	18.000	115.19	0.0086815	857.92	1014.2	2.7358	0.99215	1.2318	448.64	0.64022	36.925	0.060883	supercritical
806.67	18.000	114.93	0.0087011	859.62	1016.2	2.7384	0.99273	1.2321	449.09	0.63592	36.973	0.060997	supercritical
808.33	18.000	114.67	0.0087207	861.32	1018.3	2.7409	0.99331	1.2324	449.55	0.63164	37.022	0.061111	supercritical
810.00	18.000	114.41	0.0087403	863.02	1020.3	2.7435	0.99389	1.2327	450.01	0.62739	37.070	0.061225	supercritical
811.67	18.000	114.16	0.0087598	864.72	1022.4	2.7460	0.99446	1.2330	450.46	0.62317	37.118	0.061338	supercritical
813.33	18.000	113.90	0.0087794	866.43	1024.5	2.7485	0.99504	1.2333	450.91	0.61897	37.167	0.061452	supercritical
815.00	18.000	113.65	0.0087989	868.13	1026.5	2.7511	0.99561	1.2336	451.37	0.61479	37.215	0.061566	supercritical
816.67	18.000	113.40	0.0088185	869.83	1028.6	2.7536	0.99618	1.2339	451.82	0.61064	37.263	0.061679	supercritical
818.33	18.000	113.15	0.0088380	871.54	1030.6	2.7561	0.99675	1.2343	452.27	0.60651	37.312	0.061793	supercritical
820.00	18.000	112.90	0.0088575	873.25	1032.7	2.7586	0.99732	1.2346	452.72	0.60240	37.360	0.061907	supercritical
821.67	18.000	112.65	0.0088770	874.95	1034.7	2.7611	0.99789	1.2349	453.17	0.59832	37.408	0.062021	supercritical
823.33	18.000	112.40	0.0088965	876.66	1036.8	2.7636	0.99845	1.2352	453.62	0.59426	37.456	0.062134	supercritical
825.00	18.000	112.16	0.0089160	878.37	1038.9	2.7661	0.99902	1.2355	454.07	0.59023	37.504	0.062248	supercritical
826.67	18.000	111.91	0.0089355	880.08	1040.9	2.7686	0.99958	1.2358	454.52	0.58622	37.552	0.062362	supercritical
828.33	18.000	111.67	0.0089550	881.79	1043.0	2.7711	1.0001	1.2361	454.97	0.58223	37.601	0.062475	supercritical
830.00	18.000	111.43	0.0089745	883.50	1045.0	2.7736	1.0007	1.2364	455.41	0.57826	37.649	0.062589	supercritical
831.67	18.000	111.19	0.0089939	885.21	1047.1	2.7761	1.0013	1.2368	455.86	0.57431	37.697	0.062702	supercritical
833.33	18.000	110.95	0.0090133	886.92	1049.2	2.7785	1.0018	1.2371	456.31	0.57039	37.745	0.062816	supercritical
835.00	18.000	110.71	0.0090328	888.63	1051.2	2.7810	1.0024	1.2374	456.75	0.56649	37.793	0.062929	supercritical
836.67	18.000	110.47	0.0090522	890.34	1053.3	2.7835	1.0029	1.2377	457.20	0.56261	37.841	0.063043	supercritical
838.33	18.000	110.23	0.0090716	892.06	1055.3	2.7859	1.0035	1.2380	457.64	0.55875	37.889	0.063156	supercritical
840.00	18.000	110.00	0.0090910	893.77	1057.4	2.7884	1.0040	1.2384	458.08	0.55491	37.937	0.063270	supercritical
841.67	18.000	109.76	0.0091104	895.49	1059.5	2.7909	1.0046	1.2387	458.52	0.55110	37.985	0.063383	supercritical
843.33	18.000	109.53	0.0091298	897.20	1061.5	2.7933	1.0051	1.2390	458.97	0.54730	38.033	0.063497	supercritical
845.00	18.000	109.30	0.0091492	898.92	1063.6	2.7958	1.0057	1.2393	459.41	0.54353	38.080	0.063610	supercritical
846.67	18.000	109.07	0.0091686	900.64	1065.7	2.7982	1.0062	1.2396	459.85	0.53978	38.128	0.063724	supercritical
848.33	18.000	108.84	0.0091879	902.35	1067.7	2.8006	1.0068	1.2400	460.29	0.53605	38.176	0.063837	supercritical
850.00	18.000	108.61	0.0092073	904.07	1069.8	2.8031	1.0073	1.2403	460.73	0.53233	38.224	0.063951	supercritical
851.67	18.000	108.38	0.0092266	905.79	1071.9	2.8055	1.0079	1.2406	461.17	0.52864	38.272	0.064064	supercritical
853.33	18.000	108.16	0.0092459	907.51	1073.9	2.8079	1.0084	1.2409	461.60	0.52497	38.319	0.064177	supercritical
855.00	18.000	107.93	0.0092653	909.23	1076.0	2.8103	1.0089	1.2412	462.04	0.52132	38.367	0.064290	supercritical
856.67	18.000	107.71	0.0092846	910.95	1078.1	2.8128	1.0095	1.2416	462.48	0.51769	38.415	0.064404	supercritical
858.33	18.000	107.48	0.0093039	912.68	1080.1	2.8152	1.0100	1.2419	462.91	0.51408	38.463	0.064517	supercritical
860.00	18.000	107.26	0.0093232	914.40	1082.2	2.8176	1.0106	1.2422	463.35	0.51048	38.510	0.064630	supercritical
861.67	18.000	107.04	0.0093425	916.12	1084.3	2.8200	1.0111	1.2425	463.78	0.50691	38.558	0.064743	supercritical
863.33	18.000	106.82	0.0093618	917.85	1086.4	2.8224	1.0116	1.2429	464.22	0.50336	38.605	0.064857	supercritical
865.00	18.000	106.60	0.0093811	919.57	1088.4	2.8248	1.0122	1.2432	464.65	0.49982	38.653	0.064970	supercritical
866.67	18.000	106.38	0.0094003	921.30	1090.5	2.8272	1.0127	1.2435	465.08	0.49631	38.701	0.065083	supercritical
868.33	18.000	106.16	0.0094196	923.02	1092.6	2.8296	1.0132	1.2438	465.52	0.49281	38.748	0.065196	supercritical
870.00	18.000	105.95	0.0094388	924.75	1094.6	2.8320	1.0138	1.2442	465.95	0.48933	38.796	0.065309	supercritical
871.67	18.000	105.73	0.0094581	926.48	1096.7	2.8343	1.0143	1.2445	466.38	0.48587	38.843	0.065422	supercritical
873.33	18.000	105.52	0.0094773	928.20	1098.8	2.8367	1.0148	1.2448	466.81	0.48243	38.891	0.065535	supercritical
875.00	18.000	105.30	0.0094966	929.93	1100.9	2.8391	1.0153	1.2451	467.24	0.47901	38.938	0.065648	supercritical
876.67	18.000	105.09	0.0095158	931.66	1102.9	2.8415	1.0159	1.2455	467.67	0.47560	38.985	0.065761	supercritical
878.33	18.000	104.88	0.0095350	933.39	1105.0	2.8438	1.0164	1.2458	468.10	0.47221	39.033	0.065874	supercritical
880.00	18.000	104.67	0.0095542	935.12	1107.1	2.8462	1.0169	1.2461	468.53	0.46884	39.080	0.065987	supercritical
881.67	18.000	104.46	0.0095734	936.86	1109.2	2.8485	1.0174	1.2464	468.95	0.46549	39.127	0.066100	supercritical
883.33	18.000	104.25	0.0095926	938.59	1111.3	2.8509	1.0179	1.2468	469.38	0.46216	39.175	0.066212	supercritical
885.00	18.000	104.04	0.0096118	940.32	1113.3	2.8532	1.0184	1.2471	469.81	0.45884	39.222	0.066325	supercritical
886.67	18.000	103.83	0.0096309	942.05	1115.4	2.8556	1.0190	1.2474	470.23	0.45554	39.269	0.066438	supercritical
888.33	18.000	103.63	0.0096501	943.79	1117.5	2.8579	1.0195	1.2477	470.66	0.45226	39.317	0.066551	supercritical
890.00	18.000	103.42	0.0096693	945.52	1119.6	2.8603	1.0200	1.2481	471.08	0.44899	39.364	0.066663	supercritical
891.67	18.000	103.22	0.0096884	947.26	1121.7	2.8626	1.0205	1.2484	471.51	0.44574	39.411	0.066776	supercritical
893.33	18.000	103.01	0.0097076	949.00	1123.7	2.8649	1.0210	1.2487	471.93	0.44251	39.458	0.066889	supercritical
895.00	18.000	102.81	0.0097267	950.73	1125.8	2.8673	1.0215	1.2491	472.36	0.43930	39.505	0.067001	supercritical
896.67	18.000	102.61	0.0097458	952.47	1127.9	2.8696	1.0220	1.2494	472.78	0.43610	39.552	0.067114	supercritical
898.33	18.000	102.41	0.0097650	954.21	1130.0	2.8719	1.0225	1.2497	473.20	0.43292	39.599	0.067226	supercritical
900.00	18.000	102.21	0.0097841	955.95	1132.1	2.8742	1.0230	1.2500	473.62	0.42975	39.646	0.067339	supercritical
901.67	18.000	102.01	0.0098032	957.69	1134.1	2.8765	1.0235	1.2504	474.04	0.42660	39.694	0.067451	supercritical
903.33	18.000	101.81	0.0098223	959.43	1136.2	2.8789	1.0240	1.2507	474.46	0.42347	39.741	0.067564	supercritical
905.00	18.000	101.61	0.0098414	961.17	1138.3	2.8812	1.0245	1.2510	474.88	0.42035	39.788	0.067676	supercritical
906.67	18.000	101.42	0.0098605	962.91	1140.4	2.8835	1.0250	1.2513	475.30	0.41725	39.834	0.067788	supercritical
908.33	18.000	101.22	0.0098796	964.65	1142.5	2.8858	1.0255	1.2517	475.72	0.41416	39.881	0.067901	supercritical
910.00	18.000	101.02	0.0098986	966.40	1144.6	2.8881	1.0260	1.2520	476.14	0.41109	39.928	0.068013	supercritical
911.67	18.000	100.83	0.0099177	968.14	1146.7	2.8903	1.0265	1.2523	476.56	0.40803	39.975	0.068125	supercritical
913.33	18.000	100.64	0.0099368	969.88	1148.7	2.8926	1.0270	1.2526	476.98	0.40499	40.022	0.068237	supercritical
915.00	18.000	100.44	0.0099558	971.63	1150.8	2.8949	1.0275	1.2530	477.39	0.40197	40.069	0.068349	supercritical
916.67	18.000	100.25	0.0099749	973.37	1152.9	2.8972	1.0280	1.2533	477.81	0.39896	40.116	0.068462	supercritical
918.33	18.000	100.06	0.0099939	975.12	1155.0	2.8995	1.0285	1.2536	478.22	0.39596	40.162	0.068574	supercritical
920.00	18.000	99.871	0.010013	976.87	1157.1	2.9018	1.0290	1.2539	478.64	0.39298	40.209	0.068686	supercritical
921.67	18.000	99.681	0.010032	978.62	1159.2	2.9040	1.0295	1.2543	479.05	0.39002	40.256	0.068798	supercritical
923.33	18.000	99.493	0.010051	980.36	1161.3	2.9063	1.0300	1.2546	479.47	0.38707	40.303	0.068910	supercritical
925.00	18.000	99.305	0.010070	982.11	1163.4	2.9085	1.0305	1.2549	479.88	0.38413	40.349	0.069022	supercritical
926.67	18.000	99.118	0.010089	983.86	1165.5	2.9108	1.0309	1.2552	480.29	0.38121	40.396	0.069133	supercritical
928.33	18.000	98.931	0.010108	985.61	1167.6	2.9131	1.0314	1.2556	480.71	0.37831	40.443	0.069245	supercritical
930.00	18.000	98.746	0.010127	987.36	1169.7	2.9153	1.0319	1.2559	481.12	0.37541	40.489	0.069357	supercritical
931.67	18.000	98.561	0.010146	989.12	1171.7	2.9176	1.0324	1.2562	481.53	0.37254	40.536	0.069469	supercritical
933.33	18.000	98.377	0.010165	990.87	1173.8	2.9198	1.0329	1.2565	481.94	0.36967	40.582	0.069581	supercritical
935.00	18.000	98.194	0.010184	992.62	1175.9	2.9221	1.0333	1.2569	482.35	0.36682	40.629	0.069692	supercritical
936.67	18.000	98.011	0.010203	994.37	1178.0	2.9243	1.0338	1.2572	482.76	0.36398	40.675	0.069804	supercritical
938.33	18.000	97.829	0.010222	996.13	1180.1	2.9265	1.0343	1.2575	483.17	0.36116	40.722	0.069915	supercritical
940.00	18.000	97.648	0.010241	997.88	1182.2	2.9288	1.0348	1.2578	483.58	0.35835	40.768	0.070027	supercritical
941.67	18.000	97.468	0.010260	999.64	1184.3	2.9310	1.0352	1.2582	483.99	0.35556	40.815	0.070139	supercritical
943.33	18.000	97.288	0.010279	1001.4	1186.4	2.9332	1.0357	1.2585	484.40	0.35278	40.861	0.070250	supercritical
945.00	18.000	97.109	0.010298	1003.2	1188.5	2.9354	1.0362	1.2588	484.81	0.35001	40.908	0.070361	supercritical
946.67	18.000	96.931	0.010317	1004.9	1190.6	2.9377	1.0366	1.2591	485.21	0.34725	40.954	0.070473	supercritical
948.33	18.000	96.753	0.010336	1006.7	1192.7	2.9399	1.0371	1.2594	485.62	0.34451	41.000	0.070584	supercritical
950.00	18.000	96.576	0.010355	1008.4	1194.8	2.9421	1.0376	1.2598	486.03	0.34178	41.047	0.070695	supercritical
951.67	18.000	96.400	0.010373	1010.2	1196.9	2.9443	1.0380	1.2601	486.43	0.33907	41.093	0.070807	supercritical
953.33	18.000	96.225	0.010392	1011.9	1199.0	2.9465	1.0385	1.2604	486.84	0.33636	41.139	0.070918	supercritical
955.00	18.000	96.050	0.010411	1013.7	1201.1	2.9487	1.0390	1.2607	487.24	0.33367	41.185	0.071029	supercritical
956.67	18.000	95.876	0.010430	1015.5	1203.2	2.9509	1.0394	1.2611	487.65	0.33100	41.231	0.071140	supercritical
958.33	18.000	95.703	0.010449	1017.2	1205.3	2.9531	1.0399	1.2614	488.05	0.32833	41.278	0.071251	supercritical
960.00	18.000	95.530	0.010468	1019.0	1207.4	2.9553	1.0404	1.2617	488.45	0.32568	41.324	0.071362	supercritical
961.67	18.000	95.358	0.010487	1020.8	1209.5	2.9575	1.0408	1.2620	488.86	0.32304	41.370	0.071473	supercritical
963.33	18.000	95.187	0.010506	1022.5	1211.6	2.9597	1.0413	1.2623	489.26	0.32041	41.416	0.071584	supercritical
965.00	18.000	95.016	0.010525	1024.3	1213.7	2.9618	1.0417	1.2626	489.66	0.31780	41.462	0.071695	supercritical
966.67	18.000	94.846	0.010543	1026.0	1215.8	2.9640	1.0422	1.2630	490.06	0.31520	41.508	0.071806	supercritical
968.33	18.000	94.676	0.010562	1027.8	1217.9	2.9662	1.0426	1.2633	490.46	0.31261	41.554	0.071917	supercritical
970.00	18.000	94.508	0.010581	1029.6	1220.0	2.9684	1.0431	1.2636	490.86	0.31003	41.600	0.072028	supercritical
971.67	18.000	94.340	0.010600	1031.3	1222.1	2.9705	1.0435	1.2639	491.26	0.30746	41.646	0.072138	supercritical
973.33	18.000	94.172	0.010619	1033.1	1224.3	2.9727	1.0440	1.2642	491.66	0.30491	41.692	0.072249	supercritical
975.00	18.000	94.005	0.010638	1034.9	1226.4	2.9749	1.0444	1.2646	492.06	0.30237	41.738	0.072360	supercritical
976.67	18.000	93.839	0.010657	1036.7	1228.5	2.9770	1.0449	1.2649	492.46	0.29984	41.784	0.072470	supercritical
978.33	18.000	93.674	0.010675	1038.4	1230.6	2.9792	1.0453	1.2652	492.86	0.29732	41.830	0.072581	supercritical
980.00	18.000	93.509	0.010694	1040.2	1232.7	2.9813	1.0458	1.2655	493.26	0.29481	41.876	0.072691	supercritical
981.67	18.000	93.345	0.010713	1042.0	1234.8	2.9835	1.0462	1.2658	493.66	0.29231	41.921	0.072802	supercritical
983.33	18.000	93.181	0.010732	1043.7	1236.9	2.9856	1.0467	1.2661	494.05	0.28983	41.967	0.072912	supercritical
985.00	18.000	93.018	0.010751	1045.5	1239.0	2.9878	1.0471	1.2664	494.45	0.28736	42.013	0.073022	supercritical
986.67	18.000	92.856	0.010769	1047.3	1241.1	2.9899	1.0475	1.2668	494.85	0.28490	42.059	0.073133	supercritical
988.33	18.000	92.694	0.010788	1049.1	1243.2	2.9921	1.0480	1.2671	495.24	0.28245	42.104	0.073243	supercritical
990.00	18.000	92.533	0.010807	1050.8	1245.4	2.9942	1.0484	1.2674	495.64	0.28001	42.150	0.073353	supercritical
991.67	18.000	92.372	0.010826	1052.6	1247.5	2.9963	1.0489	1.2677	496.03	0.27758	42.196	0.073463	supercritical
993.33	18.000	92.212	0.010845	1054.4	1249.6	2.9985	1.0493	1.2680	496.43	0.27516	42.241	0.073573	supercritical
995.00	18.000	92.053	0.010863	1056.1	1251.7	3.0006	1.0497	1.2683	496.82	0.27276	42.287	0.073684	supercritical
996.67	18.000	91.894	0.010882	1057.9	1253.8	3.0027	1.0502	1.2686	497.21	0.27036	42.333	0.073794	supercritical
998.33	18.000	91.736	0.010901	1059.7	1255.9	3.0048	1.0506	1.2689	497.61	0.26798	42.378	0.073904	supercritical
1000.0	18.000	91.578	0.010920	1061.5	1258.0	3.0069	1.0510	1.2693	498.00	0.26560	42.424	0.074013	supercritical
1001.7	18.000	91.421	0.010938	1063.3	1260.1	3.0091	1.0514	1.2696	498.39	0.26324	42.469	0.074123	supercritical
1003.3	18.000	91.264	0.010957	1065.0	1262.3	3.0112	1.0519	1.2699	498.78	0.26089	42.515	0.074233	supercritical
1005.0	18.000	91.108	0.010976	1066.8	1264.4	3.0133	1.0523	1.2702	499.17	0.25854	42.560	0.074343	supercritical
1006.7	18.000	90.953	0.010995	1068.6	1266.5	3.0154	1.0527	1.2705	499.57	0.25621	42.606	0.074453	supercritical
1008.3	18.000	90.798	0.011013	1070.4	1268.6	3.0175	1.0532	1.2708	499.96	0.25389	42.651	0.074562	supercritical
1010.0	18.000	90.644	0.011032	1072.2	1270.7	3.0196	1.0536	1.2711	500.35	0.25158	42.697	0.074672	supercritical
1011.7	18.000	90.491	0.011051	1073.9	1272.9	3.0217	1.0540	1.2714	500.74	0.24928	42.742	0.074782	supercritical
1013.3	18.000	90.337	0.011070	1075.7	1275.0	3.0238	1.0544	1.2717	501.13	0.24699	42.787	0.074891	supercritical
1015.0	18.000	90.185	0.011088	1077.5	1277.1	3.0259	1.0548	1.2720	501.51	0.24471	42.833	0.075001	supercritical
1016.7	18.000	90.033	0.011107	1079.3	1279.2	3.0279	1.0553	1.2723	501.90	0.24244	42.878	0.075110	supercritical
1018.3	18.000	89.882	0.011126	1081.1	1281.3	3.0300	1.0557	1.2726	502.29	0.24018	42.923	0.075219	supercritical
1020.0	18.000	89.731	0.011144	1082.9	1283.5	3.0321	1.0561	1.2730	502.68	0.23793	42.968	0.075329	supercritical
1021.7	18.000	89.580	0.011163	1084.6	1285.6	3.0342	1.0565	1.2733	503.07	0.23569	43.014	0.075438	supercritical
1023.3	18.000	89.431	0.011182	1086.4	1287.7	3.0363	1.0569	1.2736	503.45	0.23346	43.059	0.075547	supercritical
1025.0	18.000	89.281	0.011201	1088.2	1289.8	3.0383	1.0573	1.2739	503.84	0.23123	43.104	0.075656	supercritical
1026.7	18.000	89.133	0.011219	1090.0	1291.9	3.0404	1.0578	1.2742	504.23	0.22902	43.149	0.075765	supercritical
1028.3	18.000	88.984	0.011238	1091.8	1294.1	3.0425	1.0582	1.2745	504.61	0.22682	43.194	0.075875	supercritical
1030.0	18.000	88.837	0.011257	1093.6	1296.2	3.0445	1.0586	1.2748	505.00	0.22463	43.239	0.075984	supercritical
1031.7	18.000	88.690	0.011275	1095.4	1298.3	3.0466	1.0590	1.2751	505.38	0.22245	43.285	0.076093	supercritical
1033.3	18.000	88.543	0.011294	1097.2	1300.4	3.0487	1.0594	1.2754	505.77	0.22027	43.330	0.076201	supercritical
1035.0	18.000	88.397	0.011313	1098.9	1302.6	3.0507	1.0598	1.2757	506.15	0.21811	43.375	0.076310	supercritical
1036.7	18.000	88.251	0.011331	1100.7	1304.7	3.0528	1.0602	1.2760	506.53	0.21595	43.420	0.076419	supercritical
1038.3	18.000	88.106	0.011350	1102.5	1306.8	3.0548	1.0606	1.2763	506.92	0.21381	43.465	0.076528	supercritical
1040.0	18.000	87.962	0.011369	1104.3	1309.0	3.0569	1.0610	1.2766	507.30	0.21167	43.510	0.076637	supercritical
1041.7	18.000	87.818	0.011387	1106.1	1311.1	3.0589	1.0614	1.2769	507.68	0.20955	43.555	0.076745	supercritical
1043.3	18.000	87.674	0.011406	1107.9	1313.2	3.0610	1.0618	1.2772	508.07	0.20743	43.599	0.076854	supercritical
1045.0	18.000	87.531	0.011425	1109.7	1315.3	3.0630	1.0622	1.2775	508.45	0.20532	43.644	0.076963	supercritical
1046.7	18.000	87.388	0.011443	1111.5	1317.5	3.0650	1.0626	1.2778	508.83	0.20322	43.689	0.077071	supercritical
1048.3	18.000	87.246	0.011462	1113.3	1319.6	3.0671	1.0630	1.2781	509.21	0.20113	43.734	0.077180	supercritical
1050.0	18.000	87.105	0.011480	1115.1	1321.7	3.0691	1.0634	1.2784	509.59	0.19904	43.779	0.077288	supercritical
1051.7	18.000	86.964	0.011499	1116.9	1323.9	3.0711	1.0638	1.2787	509.97	0.19697	43.824	0.077396	supercritical
1053.3	18.000	86.823	0.011518	1118.7	1326.0	3.0731	1.0642	1.2790	510.35	0.19491	43.868	0.077505	supercritical
1055.0	18.000	86.683	0.011536	1120.5	1328.1	3.0752	1.0646	1.2793	510.73	0.19285	43.913	0.077613	supercritical
1056.7	18.000	86.543	0.011555	1122.3	1330.3	3.0772	1.0650	1.2796	511.11	0.19080	43.958	0.077721	supercritical
1058.3	18.000	86.404	0.011574	1124.1	1332.4	3.0792	1.0654	1.2798	511.49	0.18876	44.003	0.077829	supercritical
1060.0	18.000	86.266	0.011592	1125.9	1334.5	3.0812	1.0658	1.2801	511.87	0.18673	44.047	0.077937	supercritical
1061.7	18.000	86.127	0.011611	1127.7	1336.7	3.0832	1.0662	1.2804	512.24	0.18471	44.092	0.078045	supercritical
1063.3	18.000	85.990	0.011629	1129.5	1338.8	3.0852	1.0666	1.2807	512.62	0.18270	44.137	0.078153	supercritical
1065.0	18.000	85.852	0.011648	1131.3	1340.9	3.0872	1.0669	1.2810	513.00	0.18069	44.181	0.078261	supercritical
1066.7	18.000	85.716	0.011666	1133.1	1343.1	3.0892	1.0673	1.2813	513.38	0.17869	44.226	0.078369	supercritical
1068.3	18.000	85.579	0.011685	1134.9	1345.2	3.0912	1.0677	1.2816	513.75	0.17671	44.270	0.078477	supercritical
1070.0	18.000	85.443	0.011704	1136.7	1347.3	3.0932	1.0681	1.2819	514.13	0.17473	44.315	0.078585	supercritical
1071.7	18.000	85.308	0.011722	1138.5	1349.5	3.0952	1.0685	1.2822	514.51	0.17275	44.359	0.078693	supercritical
1073.3	18.000	85.173	0.011741	1140.3	1351.6	3.0972	1.0689	1.2825	514.88	0.17079	44.404	0.078800	supercritical
1075.0	18.000	85.038	0.011759	1142.1	1353.7	3.0992	1.0692	1.2828	515.26	0.16883	44.448	0.078908	supercritical
1076.7	18.000	84.904	0.011778	1143.9	1355.9	3.1012	1.0696	1.2830	515.63	0.16689	44.493	0.079015	supercritical
1078.3	18.000	84.771	0.011797	1145.7	1358.0	3.1032	1.0700	1.2833	516.01	0.16495	44.537	0.079123	supercritical
1080.0	18.000	84.638	0.011815	1147.5	1360.2	3.1052	1.0704	1.2836	516.38	0.16301	44.581	0.079230	supercritical
1081.7	18.000	84.505	0.011834	1149.3	1362.3	3.1072	1.0708	1.2839	516.75	0.16109	44.626	0.079338	supercritical
1083.3	18.000	84.373	0.011852	1151.1	1364.4	3.1091	1.0711	1.2842	517.13	0.15917	44.670	0.079445	supercritical
1085.0	18.000	84.241	0.011871	1152.9	1366.6	3.1111	1.0715	1.2845	517.50	0.15726	44.714	0.079553	supercritical
1086.7	18.000	84.110	0.011889	1154.7	1368.7	3.1131	1.0719	1.2848	517.87	0.15536	44.759	0.079660	supercritical
1088.3	18.000	83.979	0.011908	1156.5	1370.9	3.1150	1.0723	1.2851	518.24	0.15347	44.803	0.079767	supercritical
1090.0	18.000	83.848	0.011926	1158.3	1373.0	3.1170	1.0726	1.2853	518.62	0.15158	44.847	0.079874	supercritical
1091.7	18.000	83.718	0.011945	1160.1	1375.1	3.1190	1.0730	1.2856	518.99	0.14971	44.892	0.079981	supercritical
1093.3	18.000	83.588	0.011963	1161.9	1377.3	3.1209	1.0734	1.2859	519.36	0.14784	44.936	0.080088	supercritical
1095.0	18.000	83.459	0.011982	1163.8	1379.4	3.1229	1.0737	1.2862	519.73	0.14597	44.980	0.080195	supercritical
1096.7	18.000	83.330	0.012000	1165.6	1381.6	3.1249	1.0741	1.2865	520.10	0.14412	45.024	0.080302	supercritical
1098.3	18.000	83.202	0.012019	1167.4	1383.7	3.1268	1.0745	1.2868	520.47	0.14227	45.068	0.080409	supercritical
1100.0	18.000	83.074	0.012037	1169.2	1385.9	3.1288	1.0749	1.2870	520.84	0.14043	45.112	0.080516	supercritical
1101.7	18.000	82.946	0.012056	1171.0	1388.0	3.1307	1.0752	1.2873	521.21	0.13859	45.156	0.080623	supercritical
1103.3	18.000	82.819	0.012074	1172.8	1390.2	3.1327	1.0756	1.2876	521.58	0.13677	45.200	0.080729	supercritical
1105.0	18.000	82.692	0.012093	1174.6	1392.3	3.1346	1.0759	1.2879	521.95	0.13495	45.244	0.080836	supercritical
1106.7	18.000	82.566	0.012111	1176.4	1394.4	3.1365	1.0763	1.2882	522.32	0.13314	45.289	0.080943	supercritical
1108.3	18.000	82.440	0.012130	1178.3	1396.6	3.1385	1.0767	1.2884	522.68	0.13133	45.333	0.081049	supercritical
1110.0	18.000	82.315	0.012148	1180.1	1398.7	3.1404	1.0770	1.2887	523.05	0.12954	45.376	0.081156	supercritical
1111.7	18.000	82.190	0.012167	1181.9	1400.9	3.1424	1.0774	1.2890	523.42	0.12775	45.420	0.081262	supercritical
1113.3	18.000	82.065	0.012185	1183.7	1403.0	3.1443	1.0777	1.2893	523.79	0.12596	45.464	0.081369	supercritical
1115.0	18.000	81.941	0.012204	1185.5	1405.2	3.1462	1.0781	1.2895	524.15	0.12419	45.508	0.081475	supercritical
1116.7	18.000	81.817	0.012222	1187.3	1407.3	3.1481	1.0785	1.2898	524.52	0.12242	45.552	0.081581	supercritical
1118.3	18.000	81.693	0.012241	1189.2	1409.5	3.1501	1.0788	1.2901	524.89	0.12065	45.596	0.081688	supercritical
1120.0	18.000	81.570	0.012259	1191.0	1411.6	3.1520	1.0792	1.2904	525.25	0.11890	45.640	0.081794	supercritical
1121.7	18.000	81.448	0.012278	1192.8	1413.8	3.1539	1.0795	1.2906	525.62	0.11715	45.684	0.081900	supercritical
1123.3	18.000	81.325	0.012296	1194.6	1415.9	3.1558	1.0799	1.2909	525.98	0.11541	45.727	0.082006	supercritical
1125.0	18.000	81.203	0.012315	1196.4	1418.1	3.1577	1.0802	1.2912	526.35	0.11367	45.771	0.082112	supercritical
1126.7	18.000	81.082	0.012333	1198.2	1420.2	3.1596	1.0806	1.2915	526.71	0.11194	45.815	0.082218	supercritical
1128.3	18.000	80.961	0.012352	1200.1	1422.4	3.1616	1.0809	1.2917	527.08	0.11022	45.859	0.082324	supercritical
1130.0	18.000	80.840	0.012370	1201.9	1424.5	3.1635	1.0813	1.2920	527.44	0.10851	45.902	0.082430	supercritical
1131.7	18.000	80.719	0.012389	1203.7	1426.7	3.1654	1.0816	1.2923	527.80	0.10680	45.946	0.082536	supercritical
1133.3	18.000	80.599	0.012407	1205.5	1428.9	3.1673	1.0820	1.2926	528.17	0.10510	45.990	0.082641	supercritical
1135.0	18.000	80.480	0.012425	1207.4	1431.0	3.1692	1.0823	1.2928	528.53	0.10340	46.033	0.082747	supercritical
1136.7	18.000	80.360	0.012444	1209.2	1433.2	3.1711	1.0827	1.2931	528.89	0.10171	46.077	0.082853	supercritical
1138.3	18.000	80.242	0.012462	1211.0	1435.3	3.1730	1.0830	1.2934	529.25	0.10003	46.121	0.082958	supercritical
1140.0	18.000	80.123	0.012481	1212.8	1437.5	3.1749	1.0834	1.2936	529.62	0.098354	46.164	0.083064	supercritical
1141.7	18.000	80.005	0.012499	1214.6	1439.6	3.1767	1.0837	1.2939	529.98	0.096685	46.208	0.083169	supercritical
1143.3	18.000	79.887	0.012518	1216.5	1441.8	3.1786	1.0840	1.2942	530.34	0.095021	46.251	0.083275	supercritical
1145.0	18.000	79.770	0.012536	1218.3	1443.9	3.1805	1.0844	1.2944	530.70	0.093364	46.295	0.083380	supercritical
1146.7	18.000	79.653	0.012555	1220.1	1446.1	3.1824	1.0847	1.2947	531.06	0.091714	46.338	0.083485	supercritical
1148.3	18.000	79.536	0.012573	1222.0	1448.3	3.1843	1.0851	1.2950	531.42	0.090069	46.382	0.083591	supercritical
1150.0	18.000	79.420	0.012591	1223.8	1450.4	3.1862	1.0854	1.2952	531.78	0.088431	46.425	0.083696	supercritical
1151.7	18.000	79.304	0.012610	1225.6	1452.6	3.1880	1.0857	1.2955	532.14	0.086799	46.468	0.083801	supercritical
1153.3	18.000	79.188	0.012628	1227.4	1454.7	3.1899	1.0861	1.2958	532.50	0.085173	46.512	0.083906	supercritical
1155.0	18.000	79.073	0.012647	1229.3	1456.9	3.1918	1.0864	1.2960	532.86	0.083553	46.555	0.084011	supercritical
1156.7	18.000	78.958	0.012665	1231.1	1459.1	3.1936	1.0867	1.2963	533.22	0.081939	46.598	0.084116	supercritical
1158.3	18.000	78.843	0.012683	1232.9	1461.2	3.1955	1.0871	1.2966	533.58	0.080331	46.642	0.084221	supercritical
1160.0	18.000	78.729	0.012702	1234.8	1463.4	3.1974	1.0874	1.2968	533.94	0.078730	46.685	0.084326	supercritical
1161.7	18.000	78.615	0.012720	1236.6	1465.5	3.1992	1.0877	1.2971	534.29	0.077134	46.728	0.084431	supercritical
1163.3	18.000	78.502	0.012739	1238.4	1467.7	3.2011	1.0881	1.2973	534.65	0.075544	46.772	0.084536	supercritical
1165.0	18.000	78.389	0.012757	1240.2	1469.9	3.2030	1.0884	1.2976	535.01	0.073960	46.815	0.084640	supercritical
1166.7	18.000	78.276	0.012775	1242.1	1472.0	3.2048	1.0887	1.2979	535.37	0.072382	46.858	0.084745	supercritical
1168.3	18.000	78.163	0.012794	1243.9	1474.2	3.2067	1.0891	1.2981	535.72	0.070810	46.901	0.084850	supercritical
1170.0	18.000	78.051	0.012812	1245.7	1476.4	3.2085	1.0894	1.2984	536.08	0.069243	46.944	0.084954	supercritical
1171.7	18.000	77.939	0.012830	1247.6	1478.5	3.2104	1.0897	1.2986	536.43	0.067682	46.988	0.085059	supercritical
1173.3	18.000	77.828	0.012849	1249.4	1480.7	3.2122	1.0900	1.2989	536.79	0.066127	47.031	0.085163	supercritical
1175.0	18.000	77.717	0.012867	1251.2	1482.9	3.2141	1.0904	1.2991	537.15	0.064578	47.074	0.085267	supercritical
1176.7	18.000	77.606	0.012886	1253.1	1485.0	3.2159	1.0907	1.2994	537.50	0.063035	47.117	0.085372	supercritical
1178.3	18.000	77.496	0.012904	1254.9	1487.2	3.2177	1.0910	1.2997	537.86	0.061497	47.160	0.085476	supercritical
1180.0	18.000	77.385	0.012922	1256.7	1489.3	3.2196	1.0913	1.2999	538.21	0.059964	47.203	0.085580	supercritical
1181.7	18.000	77.276	0.012941	1258.6	1491.5	3.2214	1.0917	1.3002	538.57	0.058438	47.246	0.085684	supercritical
1183.3	18.000	77.166	0.012959	1260.4	1493.7	3.2232	1.0920	1.3004	538.92	0.056917	47.289	0.085789	supercritical
1185.0	18.000	77.057	0.012977	1262.3	1495.9	3.2251	1.0923	1.3007	539.27	0.055401	47.332	0.085893	supercritical
1186.7	18.000	76.948	0.012996	1264.1	1498.0	3.2269	1.0926	1.3009	539.63	0.053891	47.375	0.085997	supercritical
1188.3	18.000	76.840	0.013014	1265.9	1500.2	3.2287	1.0929	1.3012	539.98	0.052386	47.418	0.086101	supercritical
1190.0	18.000	76.732	0.013032	1267.8	1502.4	3.2305	1.0932	1.3014	540.33	0.050887	47.461	0.086205	supercritical
1191.7	18.000	76.624	0.013051	1269.6	1504.5	3.2324	1.0936	1.3017	540.69	0.049393	47.504	0.086308	supercritical
1193.3	18.000	76.516	0.013069	1271.5	1506.7	3.2342	1.0939	1.3019	541.04	0.047905	47.547	0.086412	supercritical
1195.0	18.000	76.409	0.013087	1273.3	1508.9	3.2360	1.0942	1.3022	541.39	0.046422	47.589	0.086516	supercritical
1196.7	18.000	76.302	0.013106	1275.1	1511.0	3.2378	1.0945	1.3024	541.74	0.044944	47.632	0.086620	supercritical
1198.3	18.000	76.195	0.013124	1277.0	1513.2	3.2396	1.0948	1.3027	542.09	0.043471	47.675	0.086723	supercritical
1200.0	18.000	76.089	0.013142	1278.8	1515.4	3.2414	1.0951	1.3029	542.44	0.042004	47.718	0.086827	supercritical
1201.7	18.000	75.983	0.013161	1280.7	1517.6	3.2433	1.0954	1.3032	542.79	0.040542	47.761	0.086930	supercritical
1203.3	18.000	75.878	0.013179	1282.5	1519.7	3.2451	1.0958	1.3034	543.15	0.039086	47.803	0.087034	supercritical
1205.0	18.000	75.772	0.013197	1284.3	1521.9	3.2469	1.0961	1.3037	543.50	0.037634	47.846	0.087137	supercritical
1206.7	18.000	75.667	0.013216	1286.2	1524.1	3.2487	1.0964	1.3039	543.85	0.036188	47.889	0.087241	supercritical
1208.3	18.000	75.562	0.013234	1288.0	1526.2	3.2505	1.0967	1.3042	544.20	0.034746	47.931	0.087344	supercritical
1210.0	18.000	75.458	0.013252	1289.9	1528.4	3.2523	1.0970	1.3044	544.54	0.033310	47.974	0.087447	supercritical
1211.7	18.000	75.354	0.013271	1291.7	1530.6	3.2541	1.0973	1.3047	544.89	0.031879	48.017	0.087550	supercritical
1213.3	18.000	75.250	0.013289	1293.6	1532.8	3.2559	1.0976	1.3049	545.24	0.030453	48.059	0.087653	supercritical
1215.0	18.000	75.147	0.013307	1295.4	1534.9	3.2576	1.0979	1.3052	545.59	0.029032	48.102	0.087757	supercritical
1216.7	18.000	75.043	0.013326	1297.3	1537.1	3.2594	1.0982	1.3054	545.94	0.027616	48.144	0.087860	supercritical
1218.3	18.000	74.940	0.013344	1299.1	1539.3	3.2612	1.0985	1.3057	546.29	0.026205	48.187	0.087963	supercritical
1220.0	18.000	74.838	0.013362	1300.9	1541.5	3.2630	1.0988	1.3059	546.64	0.024799	48.230	0.088065	supercritical
1221.7	18.000	74.735	0.013381	1302.8	1543.6	3.2648	1.0991	1.3061	546.98	0.023397	48.272	0.088168	supercritical
1223.3	18.000	74.633	0.013399	1304.6	1545.8	3.2666	1.0994	1.3064	547.33	0.022001	48.315	0.088271	supercritical
1225.0	18.000	74.532	0.013417	1306.5	1548.0	3.2683	1.0997	1.3066	547.68	0.020610	48.357	0.088374	supercritical
1226.7	18.000	74.430	0.013435	1308.3	1550.2	3.2701	1.1000	1.3069	548.02	0.019223	48.399	0.088477	supercritical
1228.3	18.000	74.329	0.013454	1310.2	1552.4	3.2719	1.1003	1.3071	548.37	0.017841	48.442	0.088579	supercritical
1230.0	18.000	74.228	0.013472	1312.0	1554.5	3.2737	1.1006	1.3073	548.72	0.016464	48.484	0.088682	supercritical
1231.7	18.000	74.128	0.013490	1313.9	1556.7	3.2754	1.1009	1.3076	549.06	0.015092	48.527	0.088784	supercritical
1233.3	18.000	74.027	0.013509	1315.7	1558.9	3.2772	1.1012	1.3078	549.41	0.013725	48.569	0.088887	supercritical
1235.0	18.000	73.927	0.013527	1317.6	1561.1	3.2790	1.1015	1.3081	549.75	0.012362	48.611	0.088989	supercritical
1236.7	18.000	73.827	0.013545	1319.4	1563.3	3.2807	1.1018	1.3083	550.10	0.011004	48.654	0.089092	supercritical
1238.3	18.000	73.728	0.013563	1321.3	1565.4	3.2825	1.1021	1.3085	550.44	0.0096503	48.696	0.089194	supercritical
1240.0	18.000	73.629	0.013582	1323.1	1567.6	3.2843	1.1024	1.3088	550.79	0.0083015	48.738	0.089296	supercritical
1241.7	18.000	73.530	0.013600	1325.0	1569.8	3.2860	1.1027	1.3090	551.13	0.0069573	48.781	0.089398	supercritical
1243.3	18.000	73.431	0.013618	1326.9	1572.0	3.2878	1.1030	1.3092	551.48	0.0056178	48.823	0.089501	supercritical
1245.0	18.000	73.333	0.013636	1328.7	1574.2	3.2895	1.1033	1.3095	551.82	0.0042828	48.865	0.089603	supercritical
1246.7	18.000	73.235	0.013655	1330.6	1576.3	3.2913	1.1035	1.3097	552.16	0.0029524	48.907	0.089705	supercritical
1248.3	18.000	73.137	0.013673	1332.4	1578.5	3.2930	1.1038	1.3100	552.51	0.0016265	48.949	0.089807	supercritical
1250.0	18.000	73.040	0.013691	1334.3	1580.7	3.2948	1.1041	1.3102	552.85	0.00030506	48.992	0.089909	supercritical
1251.7	18.000	72.942	0.013709	1336.1	1582.9	3.2965	1.1044	1.3104	553.19	-0.0010119	49.034	0.090011	supercritical
1253.3	18.000	72.845	0.013728	1338.0	1585.1	3.2983	1.1047	1.3107	553.53	-0.0023243	49.076	0.090112	supercritical
1255.0	18.000	72.749	0.013746	1339.8	1587.3	3.3000	1.1050	1.3109	553.88	-0.0036323	49.118	0.090214	supercritical
1256.7	18.000	72.652	0.013764	1341.7	1589.4	3.3018	1.1053	1.3111	554.22	-0.0049359	49.160	0.090316	supercritical
1258.3	18.000	72.556	0.013782	1343.5	1591.6	3.3035	1.1056	1.3114	554.56	-0.0062352	49.202	0.090418	supercritical
1260.0	18.000	72.460	0.013801	1345.4	1593.8	3.3052	1.1058	1.3116	554.90	-0.0075300	49.244	0.090519	supercritical
1261.7	18.000	72.364	0.013819	1347.3	1596.0	3.3070	1.1061	1.3118	555.24	-0.0088205	49.286	0.090621	supercritical
1263.3	18.000	72.269	0.013837	1349.1	1598.2	3.3087	1.1064	1.3120	555.58	-0.010107	49.328	0.090722	supercritical
1265.0	18.000	72.174	0.013855	1351.0	1600.4	3.3104	1.1067	1.3123	555.92	-0.011389	49.370	0.090824	supercritical
1266.7	18.000	72.079	0.013874	1352.8	1602.6	3.3122	1.1070	1.3125	556.26	-0.012666	49.412	0.090925	supercritical
1268.3	18.000	71.984	0.013892	1354.7	1604.8	3.3139	1.1072	1.3127	556.60	-0.013939	49.454	0.091027	supercritical
1270.0	18.000	71.890	0.013910	1356.6	1606.9	3.3156	1.1075	1.3130	556.94	-0.015208	49.496	0.091128	supercritical
1271.7	18.000	71.796	0.013928	1358.4	1609.1	3.3173	1.1078	1.3132	557.28	-0.016473	49.538	0.091229	supercritical
1273.3	18.000	71.702	0.013947	1360.3	1611.3	3.3190	1.1081	1.3134	557.62	-0.017734	49.580	0.091330	supercritical
1275.0	18.000	71.609	0.013965	1362.1	1613.5	3.3208	1.1084	1.3136	557.96	-0.018990	49.622	0.091431	supercritical
1276.7	18.000	71.515	0.013983	1364.0	1615.7	3.3225	1.1086	1.3139	558.30	-0.020243	49.664	0.091532	supercritical
1278.3	18.000	71.422	0.014001	1365.9	1617.9	3.3242	1.1089	1.3141	558.64	-0.021491	49.705	0.091633	supercritical
1280.0	18.000	71.329	0.014019	1367.7	1620.1	3.3259	1.1092	1.3143	558.98	-0.022735	49.747	0.091734	supercritical
1281.7	18.000	71.237	0.014038	1369.6	1622.3	3.3276	1.1095	1.3145	559.32	-0.023975	49.789	0.091835	supercritical
1283.3	18.000	71.145	0.014056	1371.5	1624.5	3.3293	1.1097	1.3148	559.65	-0.025211	49.831	0.091936	supercritical
1285.0	18.000	71.053	0.014074	1373.3	1626.6	3.3310	1.1100	1.3150	559.99	-0.026443	49.872	0.092037	supercritical
1286.7	18.000	70.961	0.014092	1375.2	1628.8	3.3327	1.1103	1.3152	560.33	-0.027671	49.914	0.092138	supercritical
1288.3	18.000	70.869	0.014111	1377.0	1631.0	3.3344	1.1105	1.3154	560.67	-0.028894	49.956	0.092238	supercritical
1290.0	18.000	70.778	0.014129	1378.9	1633.2	3.3361	1.1108	1.3157	561.00	-0.030114	49.998	0.092339	supercritical
1291.7	18.000	70.687	0.014147	1380.8	1635.4	3.3378	1.1111	1.3159	561.34	-0.031330	50.039	0.092440	supercritical
1293.3	18.000	70.596	0.014165	1382.6	1637.6	3.3395	1.1114	1.3161	561.68	-0.032542	50.081	0.092540	supercritical
1295.0	18.000	70.505	0.014183	1384.5	1639.8	3.3412	1.1116	1.3163	562.01	-0.033750	50.123	0.092641	supercritical
1296.7	18.000	70.415	0.014202	1386.4	1642.0	3.3429	1.1119	1.3165	562.35	-0.034954	50.164	0.092741	supercritical
1298.3	18.000	70.325	0.014220	1388.2	1644.2	3.3446	1.1122	1.3168	562.68	-0.036154	50.206	0.092842	supercritical
1300.0	18.000	70.235	0.014238	1390.1	1646.4	3.3463	1.1124	1.3170	563.02	-0.037350	50.247	0.092942	supercritical