Temperature (K)	Pressure (MPa)	Density (kg/m3)	Volume (m3/kg)	Internal Energy (kJ/kg)	Enthalpy (kJ/kg)	Entropy (J/g*K)	Cv (J/g*K)	Cp (J/g*K)	Sound Spd. (m/s)	Joule-Thomson (K/MPa)	Viscosity (uPa*s)	Therm. Cond. (W/m*K)	Phase
300.00	19.000	898.63	0.0011128	227.78	248.92	1.1115	0.91832	2.1609	573.90	0.32546	92.313	0.10461	liquid
301.67	19.000	890.42	0.0011231	231.20	252.54	1.1235	0.91839	2.1772	564.15	0.35171	90.319	0.10309	liquid
303.33	19.000	882.08	0.0011337	234.64	256.18	1.1356	0.91853	2.1942	554.42	0.37931	88.360	0.10158	liquid
305.00	19.000	873.61	0.0011447	238.10	259.85	1.1476	0.91870	2.2120	544.73	0.40834	86.435	0.10008	supercritical
306.67	19.000	864.99	0.0011561	241.59	263.55	1.1597	0.91890	2.2306	535.08	0.43887	84.542	0.098586	supercritical
308.33	19.000	856.24	0.0011679	245.10	267.29	1.1719	0.91909	2.2499	525.47	0.47098	82.679	0.097102	supercritical
310.00	19.000	847.34	0.0011802	248.63	271.05	1.1841	0.91929	2.2699	515.91	0.50475	80.846	0.095628	supercritical
311.67	19.000	838.28	0.0011929	252.19	274.85	1.1963	0.91948	2.2905	506.41	0.54025	79.042	0.094163	supercritical
313.33	19.000	829.07	0.0012062	255.77	278.69	1.2086	0.91968	2.3118	496.97	0.57757	77.266	0.092708	supercritical
315.00	19.000	819.70	0.0012200	259.38	282.56	1.2209	0.91990	2.3337	487.62	0.61677	75.516	0.091264	supercritical
316.67	19.000	810.16	0.0012343	263.01	286.47	1.2333	0.92016	2.3563	478.35	0.65795	73.793	0.089830	supercritical
318.33	19.000	800.46	0.0012493	266.68	290.41	1.2457	0.92048	2.3796	469.18	0.70118	72.095	0.088407	supercritical
320.00	19.000	790.58	0.0012649	270.37	294.40	1.2582	0.92088	2.4036	460.12	0.74656	70.422	0.086996	supercritical
321.67	19.000	780.54	0.0012812	274.08	298.43	1.2707	0.92136	2.4284	451.19	0.79416	68.774	0.085598	supercritical
323.33	19.000	770.32	0.0012982	277.83	302.49	1.2834	0.92193	2.4540	442.39	0.84408	67.151	0.084212	supercritical
325.00	19.000	759.93	0.0013159	281.60	306.61	1.2960	0.92258	2.4801	433.76	0.89635	65.552	0.082841	supercritical
326.67	19.000	749.36	0.0013345	285.41	310.76	1.3088	0.92330	2.5067	425.29	0.95101	63.977	0.081485	supercritical
328.33	19.000	738.62	0.0013539	289.24	314.96	1.3216	0.92407	2.5336	417.02	1.0081	62.428	0.080144	supercritical
330.00	19.000	727.72	0.0013742	293.10	319.21	1.3345	0.92486	2.5603	408.96	1.0675	60.904	0.078819	supercritical
331.67	19.000	716.65	0.0013954	296.98	323.50	1.3475	0.92564	2.5866	401.13	1.1291	59.407	0.077511	supercritical
333.33	19.000	705.44	0.0014175	300.90	327.83	1.3605	0.92637	2.6119	393.56	1.1930	57.937	0.076221	supercritical
335.00	19.000	694.10	0.0014407	304.83	332.20	1.3736	0.92702	2.6360	386.26	1.2588	56.497	0.074949	supercritical
336.67	19.000	682.64	0.0014649	308.78	336.61	1.3867	0.92755	2.6583	379.26	1.3266	55.088	0.073698	supercritical
338.33	19.000	671.08	0.0014901	312.75	341.06	1.3999	0.92792	2.6785	372.58	1.3961	53.712	0.072468	supercritical
340.00	19.000	659.44	0.0015164	316.73	345.54	1.4131	0.92808	2.6962	366.21	1.4672	52.371	0.071260	supercritical
341.67	19.000	647.75	0.0015438	320.72	350.05	1.4263	0.92802	2.7110	360.17	1.5397	51.066	0.070074	supercritical
343.33	19.000	636.04	0.0015722	324.70	354.58	1.4396	0.92772	2.7224	354.46	1.6133	49.800	0.068913	supercritical
345.00	19.000	624.34	0.0016017	328.69	359.12	1.4528	0.92719	2.7300	349.08	1.6877	48.575	0.067776	supercritical
346.67	19.000	612.67	0.0016322	332.66	363.67	1.4659	0.92645	2.7334	344.04	1.7624	47.392	0.066664	supercritical
348.33	19.000	601.07	0.0016637	336.62	368.23	1.4790	0.92553	2.7325	339.35	1.8370	46.254	0.065578	supercritical
350.00	19.000	589.57	0.0016961	340.55	372.78	1.4921	0.92446	2.7270	334.99	1.9109	45.162	0.064518	supercritical
351.67	19.000	578.22	0.0017295	344.46	377.32	1.5050	0.92330	2.7171	330.97	1.9838	44.116	0.063484	supercritical
353.33	19.000	567.02	0.0017636	348.33	381.83	1.5178	0.92206	2.7030	327.28	2.0552	43.119	0.062479	supercritical
355.00	19.000	556.03	0.0017985	352.15	386.32	1.5305	0.92079	2.6850	323.91	2.1247	42.170	0.061502	supercritical
356.67	19.000	545.25	0.0018340	355.94	390.78	1.5430	0.91950	2.6634	320.85	2.1921	41.269	0.060554	supercritical
358.33	19.000	534.71	0.0018702	359.67	395.20	1.5554	0.91819	2.6387	318.09	2.2570	40.416	0.059636	supercritical
360.00	19.000	524.44	0.0019068	363.35	399.58	1.5676	0.91687	2.6112	315.62	2.3192	39.611	0.058747	supercritical
361.67	19.000	514.44	0.0019439	366.97	403.90	1.5796	0.91555	2.5814	313.41	2.3785	38.851	0.057889	supercritical
363.33	19.000	504.73	0.0019813	370.54	408.18	1.5914	0.91421	2.5495	311.46	2.4346	38.136	0.057061	supercritical
365.00	19.000	495.30	0.0020190	374.04	412.40	1.6029	0.91286	2.5160	309.75	2.4876	37.464	0.056262	supercritical
366.67	19.000	486.18	0.0020568	377.49	416.57	1.6143	0.91149	2.4812	308.26	2.5372	36.833	0.055494	supercritical
368.33	19.000	477.36	0.0020949	380.87	420.67	1.6255	0.91010	2.4456	306.97	2.5835	36.242	0.054755	supercritical
370.00	19.000	468.83	0.0021330	384.19	424.72	1.6365	0.90869	2.4093	305.88	2.6264	35.688	0.054046	supercritical
371.67	19.000	460.60	0.0021711	387.45	428.70	1.6472	0.90726	2.3727	304.96	2.6660	35.170	0.053366	supercritical
373.33	19.000	452.66	0.0022091	390.65	432.63	1.6577	0.90582	2.3360	304.20	2.7023	34.686	0.052714	supercritical
375.00	19.000	445.01	0.0022471	393.79	436.49	1.6681	0.90437	2.2996	303.59	2.7355	34.233	0.052091	supercritical
376.67	19.000	437.63	0.0022850	396.88	440.29	1.6782	0.90292	2.2635	303.11	2.7655	33.811	0.051495	supercritical
378.33	19.000	430.52	0.0023228	399.90	444.03	1.6881	0.90147	2.2280	302.75	2.7926	33.416	0.050926	supercritical
380.00	19.000	423.67	0.0023603	402.87	447.72	1.6978	0.90003	2.1932	302.50	2.8169	33.047	0.050384	supercritical
381.67	19.000	417.08	0.0023976	405.79	451.35	1.7073	0.89860	2.1592	302.36	2.8384	32.703	0.049866	supercritical
383.33	19.000	410.72	0.0024348	408.66	454.92	1.7167	0.89720	2.1261	302.30	2.8574	32.381	0.049374	supercritical
385.00	19.000	404.59	0.0024716	411.47	458.43	1.7258	0.89581	2.0940	302.32	2.8739	32.081	0.048906	supercritical
386.67	19.000	398.68	0.0025083	414.24	461.90	1.7348	0.89445	2.0628	302.42	2.8881	31.801	0.048460	supercritical
388.33	19.000	392.99	0.0025446	416.96	465.31	1.7436	0.89313	2.0327	302.59	2.9001	31.539	0.048037	supercritical
390.00	19.000	387.49	0.0025807	419.64	468.67	1.7523	0.89184	2.0035	302.81	2.9100	31.295	0.047635	supercritical
391.67	19.000	382.19	0.0026165	422.27	471.99	1.7607	0.89058	1.9754	303.09	2.9180	31.067	0.047253	supercritical
393.33	19.000	377.07	0.0026520	424.87	475.26	1.7691	0.88936	1.9483	303.42	2.9241	30.854	0.046891	supercritical
395.00	19.000	372.13	0.0026873	427.43	478.48	1.7773	0.88819	1.9223	303.80	2.9286	30.655	0.046548	supercritical
396.67	19.000	367.35	0.0027222	429.94	481.67	1.7853	0.88705	1.8972	304.21	2.9315	30.469	0.046223	supercritical
398.33	19.000	362.73	0.0027569	432.43	484.81	1.7932	0.88596	1.8730	304.66	2.9329	30.296	0.045915	supercritical
400.00	19.000	358.26	0.0027912	434.88	487.91	1.8010	0.88491	1.8499	305.15	2.9328	30.134	0.045623	supercritical
401.67	19.000	353.94	0.0028253	437.29	490.97	1.8086	0.88390	1.8276	305.66	2.9315	29.983	0.045347	supercritical
403.33	19.000	349.75	0.0028592	439.68	494.00	1.8161	0.88294	1.8061	306.20	2.9290	29.842	0.045086	supercritical
405.00	19.000	345.70	0.0028927	442.03	497.00	1.8235	0.88202	1.7856	306.77	2.9254	29.710	0.044839	supercritical
406.67	19.000	341.77	0.0029260	444.36	499.95	1.8308	0.88114	1.7658	307.35	2.9207	29.587	0.044606	supercritical
408.33	19.000	337.96	0.0029590	446.66	502.88	1.8380	0.88030	1.7468	307.96	2.9150	29.473	0.044385	supercritical
410.00	19.000	334.26	0.0029917	448.94	505.78	1.8451	0.87951	1.7286	308.59	2.9084	29.366	0.044178	supercritical
411.67	19.000	330.67	0.0030241	451.19	508.64	1.8521	0.87876	1.7111	309.23	2.9011	29.267	0.043981	supercritical
413.33	19.000	327.19	0.0030564	453.41	511.48	1.8590	0.87805	1.6942	309.88	2.8929	29.174	0.043796	supercritical
415.00	19.000	323.80	0.0030883	455.61	514.29	1.8657	0.87738	1.6781	310.55	2.8840	29.088	0.043622	supercritical
416.67	19.000	320.51	0.0031200	457.80	517.08	1.8724	0.87675	1.6625	311.23	2.8744	29.008	0.043458	supercritical
418.33	19.000	317.31	0.0031515	459.96	519.83	1.8790	0.87616	1.6476	311.92	2.8643	28.934	0.043303	supercritical
420.00	19.000	314.19	0.0031828	462.10	522.57	1.8856	0.87561	1.6332	312.62	2.8536	28.866	0.043158	supercritical
421.67	19.000	311.16	0.0032138	464.22	525.28	1.8920	0.87509	1.6194	313.33	2.8423	28.802	0.043021	supercritical
423.33	19.000	308.21	0.0032446	466.32	527.97	1.8984	0.87461	1.6061	314.05	2.8306	28.744	0.042893	supercritical
425.00	19.000	305.33	0.0032751	468.41	530.63	1.9046	0.87417	1.5933	314.77	2.8184	28.690	0.042773	supercritical
426.67	19.000	302.53	0.0033055	470.47	533.28	1.9109	0.87376	1.5810	315.50	2.8059	28.640	0.042660	supercritical
428.33	19.000	299.80	0.0033356	472.53	535.90	1.9170	0.87338	1.5691	316.23	2.7929	28.595	0.042555	supercritical
430.00	19.000	297.13	0.0033655	474.56	538.51	1.9231	0.87303	1.5577	316.97	2.7797	28.553	0.042456	supercritical
431.67	19.000	294.53	0.0033953	476.59	541.10	1.9291	0.87272	1.5467	317.71	2.7661	28.515	0.042364	supercritical
433.33	19.000	291.99	0.0034248	478.59	543.66	1.9350	0.87244	1.5361	318.46	2.7522	28.481	0.042278	supercritical
435.00	19.000	289.51	0.0034541	480.59	546.22	1.9409	0.87218	1.5258	319.20	2.7381	28.450	0.042198	supercritical
436.67	19.000	287.09	0.0034833	482.57	548.75	1.9467	0.87196	1.5160	319.95	2.7237	28.422	0.042123	supercritical
438.33	19.000	284.72	0.0035122	484.54	551.27	1.9525	0.87177	1.5065	320.71	2.7092	28.397	0.042053	supercritical
440.00	19.000	282.41	0.0035410	486.49	553.77	1.9582	0.87160	1.4973	321.46	2.6944	28.375	0.041988	supercritical
441.67	19.000	280.14	0.0035696	488.44	556.26	1.9638	0.87146	1.4884	322.22	2.6795	28.356	0.041927	supercritical
443.33	19.000	277.93	0.0035981	490.37	558.73	1.9694	0.87134	1.4799	322.97	2.6645	28.340	0.041870	supercritical
445.00	19.000	275.76	0.0036263	492.29	561.19	1.9749	0.87125	1.4717	323.73	2.6493	28.325	0.041817	supercritical
446.67	19.000	273.64	0.0036544	494.21	563.64	1.9804	0.87119	1.4637	324.49	2.6339	28.314	0.041766	supercritical
448.33	19.000	271.56	0.0036824	496.11	566.07	1.9859	0.87115	1.4560	325.25	2.6185	28.304	0.041718	supercritical
450.00	19.000	269.53	0.0037101	498.00	568.49	1.9912	0.87113	1.4485	326.00	2.6030	28.297	0.041671	supercritical
451.67	19.000	267.54	0.0037378	499.88	570.90	1.9966	0.87113	1.4414	326.76	2.5874	28.292	0.041623	supercritical
453.33	19.000	265.59	0.0037653	501.76	573.30	2.0019	0.87116	1.4344	327.52	2.5718	28.288	0.041570	supercritical
455.00	19.000	263.67	0.0037926	503.62	575.68	2.0071	0.87120	1.4277	328.28	2.5561	28.287	0.041503	supercritical
456.67	19.000	261.80	0.0038198	505.48	578.06	2.0123	0.87127	1.4212	329.03	2.5404	28.287	0.041382	supercritical
458.33	19.000	259.95	0.0038468	507.33	580.42	2.0175	0.87136	1.4149	329.79	2.5246	28.289	0.041399	supercritical
460.00	19.000	258.15	0.0038737	509.17	582.77	2.0226	0.87146	1.4088	330.54	2.5088	28.293	0.041418	supercritical
461.67	19.000	256.38	0.0039005	511.01	585.12	2.0277	0.87159	1.4029	331.29	2.4930	28.299	0.041439	supercritical
463.33	19.000	254.64	0.0039271	512.83	587.45	2.0328	0.87173	1.3972	332.05	2.4772	28.306	0.041463	supercritical
465.00	19.000	252.93	0.0039537	514.65	589.77	2.0378	0.87189	1.3917	332.80	2.4614	28.314	0.041489	supercritical
466.67	19.000	251.25	0.0039800	516.47	592.09	2.0427	0.87207	1.3863	333.55	2.4456	28.324	0.041518	supercritical
468.33	19.000	249.61	0.0040063	518.27	594.39	2.0477	0.87226	1.3812	334.29	2.4298	28.335	0.041549	supercritical
470.00	19.000	247.99	0.0040324	520.08	596.69	2.0526	0.87247	1.3762	335.04	2.4140	28.347	0.041582	supercritical
471.67	19.000	246.40	0.0040585	521.87	598.98	2.0574	0.87270	1.3713	335.78	2.3983	28.361	0.041617	supercritical
473.33	19.000	244.84	0.0040844	523.66	601.26	2.0623	0.87294	1.3666	336.53	2.3826	28.376	0.041654	supercritical
475.00	19.000	243.30	0.0041102	525.44	603.54	2.0671	0.87320	1.3620	337.27	2.3670	28.392	0.041693	supercritical
476.67	19.000	241.79	0.0041358	527.22	605.80	2.0718	0.87347	1.3576	338.00	2.3513	28.409	0.041734	supercritical
478.33	19.000	240.30	0.0041614	529.00	608.06	2.0766	0.87375	1.3533	338.74	2.3358	28.427	0.041776	supercritical
480.00	19.000	238.84	0.0041869	530.76	610.31	2.0813	0.87405	1.3491	339.48	2.3202	28.446	0.041821	supercritical
481.67	19.000	237.40	0.0042122	532.53	612.56	2.0859	0.87436	1.3451	340.21	2.3048	28.466	0.041867	supercritical
483.33	19.000	235.99	0.0042375	534.29	614.80	2.0906	0.87468	1.3412	340.94	2.2894	28.487	0.041915	supercritical
485.00	19.000	234.60	0.0042626	536.04	617.03	2.0952	0.87502	1.3374	341.67	2.2740	28.509	0.041964	supercritical
486.67	19.000	233.23	0.0042877	537.79	619.26	2.0998	0.87536	1.3337	342.40	2.2587	28.532	0.042015	supercritical
488.33	19.000	231.88	0.0043126	539.54	621.48	2.1043	0.87572	1.3301	343.12	2.2435	28.556	0.042068	supercritical
490.00	19.000	230.55	0.0043375	541.28	623.69	2.1088	0.87609	1.3266	343.84	2.2284	28.580	0.042122	supercritical
491.67	19.000	229.24	0.0043622	543.02	625.90	2.1133	0.87647	1.3233	344.56	2.2133	28.605	0.042177	supercritical
493.33	19.000	227.95	0.0043869	544.75	628.10	2.1178	0.87686	1.3200	345.28	2.1983	28.631	0.042234	supercritical
495.00	19.000	226.68	0.0044115	546.48	630.30	2.1223	0.87726	1.3168	346.00	2.1834	28.658	0.042292	supercritical
496.67	19.000	225.43	0.0044360	548.21	632.49	2.1267	0.87767	1.3137	346.71	2.1685	28.686	0.042351	supercritical
498.33	19.000	224.20	0.0044604	549.93	634.68	2.1311	0.87809	1.3108	347.42	2.1538	28.714	0.042412	supercritical
500.00	19.000	222.98	0.0044847	551.65	636.86	2.1354	0.87852	1.3078	348.13	2.1391	28.743	0.042474	supercritical
501.67	19.000	221.78	0.0045089	553.37	639.04	2.1398	0.87896	1.3050	348.84	2.1245	28.772	0.042537	supercritical
503.33	19.000	220.60	0.0045331	555.08	641.21	2.1441	0.87941	1.3023	349.55	2.1100	28.802	0.042602	supercritical
505.00	19.000	219.44	0.0045572	556.79	643.38	2.1484	0.87986	1.2996	350.25	2.0955	28.833	0.042667	supercritical
506.67	19.000	218.29	0.0045811	558.50	645.54	2.1527	0.88033	1.2970	350.95	2.0812	28.864	0.042734	supercritical
508.33	19.000	217.15	0.0046050	560.21	647.70	2.1569	0.88080	1.2945	351.65	2.0669	28.896	0.042802	supercritical
510.00	19.000	216.03	0.0046289	561.91	649.86	2.1612	0.88128	1.2921	352.34	2.0527	28.928	0.042871	supercritical
511.67	19.000	214.93	0.0046526	563.61	652.01	2.1654	0.88176	1.2897	353.04	2.0387	28.961	0.042940	supercritical
513.33	19.000	213.84	0.0046763	565.31	654.16	2.1696	0.88226	1.2874	353.73	2.0247	28.994	0.043011	supercritical
515.00	19.000	212.77	0.0046999	567.00	656.30	2.1738	0.88276	1.2852	354.42	2.0107	29.028	0.043083	supercritical
516.67	19.000	211.71	0.0047235	568.69	658.44	2.1779	0.88327	1.2830	355.11	1.9969	29.062	0.043156	supercritical
518.33	19.000	210.66	0.0047469	570.39	660.58	2.1820	0.88378	1.2809	355.79	1.9832	29.097	0.043229	supercritical
520.00	19.000	209.63	0.0047703	572.07	662.71	2.1861	0.88430	1.2788	356.47	1.9695	29.132	0.043304	supercritical
521.67	19.000	208.61	0.0047937	573.76	664.84	2.1902	0.88483	1.2768	357.16	1.9560	29.168	0.043380	supercritical
523.33	19.000	207.60	0.0048169	575.44	666.97	2.1943	0.88536	1.2749	357.83	1.9425	29.204	0.043456	supercritical
525.00	19.000	206.61	0.0048401	577.13	669.09	2.1983	0.88590	1.2730	358.51	1.9292	29.240	0.043533	supercritical
526.67	19.000	205.62	0.0048632	578.81	671.21	2.2024	0.88644	1.2712	359.19	1.9159	29.277	0.043611	supercritical
528.33	19.000	204.65	0.0048863	580.49	673.33	2.2064	0.88699	1.2694	359.86	1.9027	29.314	0.043690	supercritical
530.00	19.000	203.69	0.0049093	582.16	675.44	2.2104	0.88755	1.2677	360.53	1.8896	29.352	0.043769	supercritical
531.67	19.000	202.75	0.0049323	583.84	677.55	2.2144	0.88811	1.2660	361.20	1.8766	29.390	0.043850	supercritical
533.33	19.000	201.81	0.0049551	585.51	679.66	2.2183	0.88867	1.2644	361.86	1.8637	29.428	0.043931	supercritical
535.00	19.000	200.89	0.0049779	587.19	681.77	2.2223	0.88924	1.2628	362.53	1.8508	29.467	0.044012	supercritical
536.67	19.000	199.97	0.0050007	588.86	683.87	2.2262	0.88982	1.2613	363.19	1.8381	29.506	0.044095	supercritical
538.33	19.000	199.07	0.0050234	590.53	685.97	2.2301	0.89040	1.2598	363.85	1.8255	29.545	0.044178	supercritical
540.00	19.000	198.17	0.0050461	592.19	688.07	2.2340	0.89098	1.2583	364.50	1.8129	29.584	0.044262	supercritical
541.67	19.000	197.29	0.0050686	593.86	690.17	2.2379	0.89157	1.2569	365.16	1.8004	29.624	0.044346	supercritical
543.33	19.000	196.42	0.0050912	595.53	692.26	2.2417	0.89216	1.2555	365.81	1.7881	29.664	0.044432	supercritical
545.00	19.000	195.56	0.0051136	597.19	694.35	2.2456	0.89275	1.2542	366.46	1.7758	29.704	0.044517	supercritical
546.67	19.000	194.70	0.0051361	598.85	696.44	2.2494	0.89335	1.2529	367.11	1.7636	29.745	0.044604	supercritical
548.33	19.000	193.86	0.0051584	600.52	698.53	2.2532	0.89395	1.2517	367.76	1.7515	29.786	0.044691	supercritical
550.00	19.000	193.02	0.0051808	602.18	700.61	2.2570	0.89456	1.2504	368.41	1.7394	29.827	0.044778	supercritical
551.67	19.000	192.20	0.0052030	603.84	702.70	2.2608	0.89517	1.2493	369.05	1.7275	29.868	0.044867	supercritical
553.33	19.000	191.38	0.0052252	605.50	704.78	2.2646	0.89578	1.2481	369.69	1.7157	29.910	0.044955	supercritical
555.00	19.000	190.57	0.0052474	607.16	706.86	2.2683	0.89640	1.2470	370.33	1.7039	29.952	0.045045	supercritical
556.67	19.000	189.77	0.0052695	608.81	708.93	2.2720	0.89701	1.2459	370.97	1.6922	29.994	0.045134	supercritical
558.33	19.000	188.98	0.0052916	610.47	711.01	2.2758	0.89764	1.2449	371.60	1.6806	30.036	0.045225	supercritical
560.00	19.000	188.20	0.0053136	612.12	713.08	2.2795	0.89826	1.2439	372.24	1.6691	30.079	0.045316	supercritical
561.67	19.000	187.42	0.0053356	613.78	715.16	2.2832	0.89889	1.2429	372.87	1.6577	30.121	0.045407	supercritical
563.33	19.000	186.65	0.0053575	615.43	717.23	2.2869	0.89952	1.2419	373.50	1.6464	30.164	0.045499	supercritical
565.00	19.000	185.90	0.0053794	617.09	719.29	2.2905	0.90015	1.2410	374.13	1.6351	30.207	0.045591	supercritical
566.67	19.000	185.14	0.0054012	618.74	721.36	2.2942	0.90078	1.2401	374.75	1.6240	30.250	0.045684	supercritical
568.33	19.000	184.40	0.0054230	620.39	723.43	2.2978	0.90142	1.2392	375.38	1.6129	30.294	0.045777	supercritical
570.00	19.000	183.66	0.0054447	622.04	725.49	2.3014	0.90206	1.2384	376.00	1.6019	30.337	0.045871	supercritical
571.67	19.000	182.93	0.0054664	623.69	727.56	2.3051	0.90270	1.2375	376.62	1.5910	30.381	0.045965	supercritical
573.33	19.000	182.21	0.0054881	625.34	729.62	2.3087	0.90334	1.2367	377.24	1.5801	30.425	0.046059	supercritical
575.00	19.000	181.50	0.0055097	626.99	731.68	2.3123	0.90399	1.2360	377.86	1.5694	30.469	0.046154	supercritical
576.67	19.000	180.79	0.0055313	628.64	733.74	2.3158	0.90464	1.2352	378.47	1.5587	30.513	0.046250	supercritical
578.33	19.000	180.09	0.0055528	630.29	735.80	2.3194	0.90528	1.2345	379.08	1.5481	30.558	0.046346	supercritical
580.00	19.000	179.40	0.0055743	631.94	737.85	2.3229	0.90593	1.2338	379.70	1.5376	30.602	0.046442	supercritical
581.67	19.000	178.71	0.0055957	633.59	739.91	2.3265	0.90659	1.2331	380.31	1.5271	30.647	0.046538	supercritical
583.33	19.000	178.03	0.0056171	635.24	741.96	2.3300	0.90724	1.2325	380.91	1.5168	30.692	0.046635	supercritical
585.00	19.000	177.35	0.0056385	636.89	744.02	2.3335	0.90790	1.2318	381.52	1.5065	30.737	0.046733	supercritical
586.67	19.000	176.68	0.0056598	638.53	746.07	2.3370	0.90855	1.2312	382.12	1.4963	30.782	0.046830	supercritical
588.33	19.000	176.02	0.0056811	640.18	748.12	2.3405	0.90921	1.2306	382.73	1.4861	30.827	0.046928	supercritical
590.00	19.000	175.36	0.0057024	641.83	750.17	2.3440	0.90987	1.2301	383.33	1.4761	30.872	0.047027	supercritical
591.67	19.000	174.71	0.0057236	643.47	752.22	2.3475	0.91053	1.2295	383.93	1.4661	30.918	0.047126	supercritical
593.33	19.000	174.07	0.0057448	645.12	754.27	2.3509	0.91119	1.2290	384.53	1.4562	30.963	0.047225	supercritical
595.00	19.000	173.43	0.0057659	646.77	756.32	2.3544	0.91185	1.2285	385.12	1.4463	31.009	0.047324	supercritical
596.67	19.000	172.80	0.0057871	648.41	758.37	2.3578	0.91252	1.2280	385.72	1.4366	31.055	0.047424	supercritical
598.33	19.000	172.17	0.0058081	650.06	760.41	2.3612	0.91318	1.2275	386.31	1.4269	31.101	0.047524	supercritical
600.00	19.000	171.55	0.0058292	651.70	762.46	2.3646	0.91385	1.2271	386.90	1.4172	31.147	0.047624	supercritical
601.67	19.000	170.94	0.0058502	653.35	764.50	2.3681	0.91451	1.2266	387.49	1.4077	31.193	0.047725	supercritical
603.33	19.000	170.32	0.0058711	654.99	766.55	2.3714	0.91518	1.2262	388.08	1.3982	31.239	0.047826	supercritical
605.00	19.000	169.72	0.0058921	656.64	768.59	2.3748	0.91585	1.2258	388.66	1.3888	31.285	0.047927	supercritical
606.67	19.000	169.12	0.0059130	658.29	770.63	2.3782	0.91652	1.2254	389.25	1.3795	31.331	0.048028	supercritical
608.33	19.000	168.52	0.0059339	659.93	772.67	2.3816	0.91719	1.2250	389.83	1.3702	31.378	0.048130	supercritical
610.00	19.000	167.93	0.0059547	661.58	774.72	2.3849	0.91786	1.2246	390.41	1.3610	31.424	0.048232	supercritical
611.67	19.000	167.35	0.0059755	663.22	776.76	2.3883	0.91853	1.2243	390.99	1.3518	31.471	0.048335	supercritical
613.33	19.000	166.77	0.0059963	664.87	778.80	2.3916	0.91920	1.2240	391.57	1.3428	31.518	0.048437	supercritical
615.00	19.000	166.20	0.0060170	666.51	780.84	2.3949	0.91987	1.2236	392.15	1.3338	31.564	0.048540	supercritical
616.67	19.000	165.62	0.0060377	668.16	782.88	2.3982	0.92054	1.2233	392.73	1.3248	31.611	0.048643	supercritical
618.33	19.000	165.06	0.0060584	669.80	784.91	2.4015	0.92121	1.2231	393.30	1.3160	31.658	0.048746	supercritical
620.00	19.000	164.50	0.0060791	671.45	786.95	2.4048	0.92188	1.2228	393.87	1.3072	31.705	0.048850	supercritical
621.67	19.000	163.94	0.0060997	673.10	788.99	2.4081	0.92256	1.2225	394.44	1.2984	31.752	0.048954	supercritical
623.33	19.000	163.39	0.0061203	674.74	791.03	2.4114	0.92323	1.2223	395.01	1.2897	31.799	0.049058	supercritical
625.00	19.000	162.84	0.0061409	676.39	793.06	2.4146	0.92390	1.2220	395.58	1.2811	31.846	0.049162	supercritical
626.67	19.000	162.30	0.0061614	678.03	795.10	2.4179	0.92458	1.2218	396.15	1.2726	31.894	0.049266	supercritical
628.33	19.000	161.76	0.0061819	679.68	797.14	2.4211	0.92525	1.2216	396.71	1.2641	31.941	0.049371	supercritical
630.00	19.000	161.23	0.0062024	681.33	799.17	2.4244	0.92592	1.2214	397.28	1.2557	31.988	0.049476	supercritical
631.67	19.000	160.70	0.0062228	682.97	801.21	2.4276	0.92660	1.2212	397.84	1.2473	32.036	0.049581	supercritical
633.33	19.000	160.17	0.0062433	684.62	803.24	2.4308	0.92727	1.2210	398.40	1.2390	32.083	0.049686	supercritical
635.00	19.000	159.65	0.0062637	686.27	805.28	2.4340	0.92794	1.2208	398.96	1.2307	32.130	0.049792	supercritical
636.67	19.000	159.13	0.0062840	687.92	807.31	2.4372	0.92861	1.2207	399.52	1.2225	32.178	0.049897	supercritical
638.33	19.000	158.62	0.0063044	689.56	809.35	2.4404	0.92929	1.2205	400.08	1.2144	32.226	0.050003	supercritical
640.00	19.000	158.11	0.0063247	691.21	811.38	2.4436	0.92996	1.2204	400.63	1.2063	32.273	0.050109	supercritical
641.67	19.000	157.60	0.0063450	692.86	813.41	2.4468	0.93063	1.2203	401.19	1.1983	32.321	0.050216	supercritical
643.33	19.000	157.10	0.0063652	694.51	815.45	2.4499	0.93131	1.2201	401.74	1.1904	32.369	0.050322	supercritical
645.00	19.000	156.61	0.0063855	696.16	817.48	2.4531	0.93198	1.2200	402.29	1.1825	32.416	0.050429	supercritical
646.67	19.000	156.11	0.0064057	697.81	819.52	2.4562	0.93265	1.2199	402.84	1.1746	32.464	0.050535	supercritical
648.33	19.000	155.62	0.0064259	699.46	821.55	2.4594	0.93332	1.2199	403.39	1.1668	32.512	0.050642	supercritical
650.00	19.000	155.13	0.0064461	701.11	823.58	2.4625	0.93399	1.2198	403.94	1.1591	32.560	0.050749	supercritical
651.67	19.000	154.65	0.0064662	702.76	825.61	2.4656	0.93467	1.2197	404.49	1.1514	32.608	0.050857	supercritical
653.33	19.000	154.17	0.0064863	704.41	827.65	2.4687	0.93534	1.2196	405.03	1.1438	32.656	0.050964	supercritical
655.00	19.000	153.69	0.0065064	706.06	829.68	2.4718	0.93601	1.2196	405.58	1.1362	32.704	0.051072	supercritical
656.67	19.000	153.22	0.0065265	707.71	831.71	2.4749	0.93668	1.2195	406.12	1.1287	32.752	0.051179	supercritical
658.33	19.000	152.75	0.0065465	709.36	833.74	2.4780	0.93735	1.2195	406.66	1.1213	32.800	0.051287	supercritical
660.00	19.000	152.29	0.0065666	711.01	835.78	2.4811	0.93801	1.2195	407.20	1.1139	32.848	0.051395	supercritical
661.67	19.000	151.82	0.0065866	712.67	837.81	2.4842	0.93868	1.2195	407.74	1.1065	32.896	0.051504	supercritical
663.33	19.000	151.37	0.0066065	714.32	839.84	2.4873	0.93935	1.2194	408.28	1.0992	32.944	0.051612	supercritical
665.00	19.000	150.91	0.0066265	715.97	841.87	2.4903	0.94002	1.2194	408.81	1.0919	32.992	0.051720	supercritical
666.67	19.000	150.46	0.0066464	717.63	843.91	2.4934	0.94069	1.2194	409.35	1.0847	33.041	0.051829	supercritical
668.33	19.000	150.01	0.0066663	719.28	845.94	2.4964	0.94135	1.2194	409.88	1.0776	33.089	0.051937	supercritical
670.00	19.000	149.56	0.0066862	720.93	847.97	2.4995	0.94202	1.2195	410.41	1.0705	33.137	0.052046	supercritical
671.67	19.000	149.12	0.0067061	722.59	850.00	2.5025	0.94268	1.2195	410.95	1.0634	33.185	0.052155	supercritical
673.33	19.000	148.68	0.0067259	724.24	852.04	2.5055	0.94335	1.2195	411.48	1.0564	33.233	0.052264	supercritical
675.00	19.000	148.24	0.0067458	725.90	854.07	2.5085	0.94401	1.2195	412.01	1.0494	33.282	0.052373	supercritical
676.67	19.000	147.81	0.0067656	727.56	856.10	2.5115	0.94467	1.2196	412.53	1.0425	33.330	0.052483	supercritical
678.33	19.000	147.38	0.0067854	729.21	858.13	2.5145	0.94534	1.2196	413.06	1.0357	33.378	0.052592	supercritical
680.00	19.000	146.95	0.0068051	730.87	860.17	2.5175	0.94600	1.2197	413.59	1.0288	33.427	0.052702	supercritical
681.67	19.000	146.52	0.0068249	732.53	862.20	2.5205	0.94666	1.2197	414.11	1.0221	33.475	0.052811	supercritical
683.33	19.000	146.10	0.0068446	734.19	864.23	2.5235	0.94732	1.2198	414.63	1.0153	33.523	0.052921	supercritical
685.00	19.000	145.68	0.0068643	735.84	866.27	2.5265	0.94798	1.2199	415.16	1.0087	33.572	0.053031	supercritical
686.67	19.000	145.26	0.0068840	737.50	868.30	2.5294	0.94864	1.2200	415.68	1.0020	33.620	0.053141	supercritical
688.33	19.000	144.85	0.0069036	739.16	870.33	2.5324	0.94929	1.2201	416.20	0.99545	33.669	0.053251	supercritical
690.00	19.000	144.44	0.0069233	740.82	872.37	2.5353	0.94995	1.2201	416.72	0.98890	33.717	0.053361	supercritical
691.67	19.000	144.03	0.0069429	742.48	874.40	2.5383	0.95061	1.2202	417.23	0.98240	33.765	0.053471	supercritical
693.33	19.000	143.63	0.0069625	744.15	876.43	2.5412	0.95126	1.2203	417.75	0.97595	33.814	0.053582	supercritical
695.00	19.000	143.22	0.0069821	745.81	878.47	2.5441	0.95192	1.2204	418.27	0.96953	33.862	0.053692	supercritical
696.67	19.000	142.82	0.0070017	747.47	880.50	2.5471	0.95257	1.2206	418.78	0.96316	33.911	0.053802	supercritical
698.33	19.000	142.42	0.0070212	749.13	882.54	2.5500	0.95322	1.2207	419.30	0.95684	33.959	0.053913	supercritical
700.00	19.000	142.03	0.0070408	750.80	884.57	2.5529	0.95387	1.2208	419.81	0.95055	34.008	0.054024	supercritical
701.67	19.000	141.64	0.0070603	752.46	886.61	2.5558	0.95453	1.2209	420.32	0.94431	34.056	0.054134	supercritical
703.33	19.000	141.25	0.0070798	754.12	888.64	2.5587	0.95518	1.2210	420.83	0.93811	34.105	0.054245	supercritical
705.00	19.000	140.86	0.0070993	755.79	890.68	2.5616	0.95582	1.2212	421.34	0.93195	34.153	0.054356	supercritical
706.67	19.000	140.47	0.0071187	757.45	892.71	2.5645	0.95647	1.2213	421.85	0.92583	34.201	0.054467	supercritical
708.33	19.000	140.09	0.0071382	759.12	894.75	2.5674	0.95712	1.2215	422.36	0.91975	34.250	0.054578	supercritical
710.00	19.000	139.71	0.0071576	760.79	896.78	2.5702	0.95776	1.2216	422.86	0.91371	34.298	0.054689	supercritical
711.67	19.000	139.33	0.0071770	762.46	898.82	2.5731	0.95841	1.2218	423.37	0.90771	34.347	0.054800	supercritical
713.33	19.000	138.96	0.0071964	764.12	900.86	2.5759	0.95905	1.2219	423.87	0.90175	34.395	0.054912	supercritical
715.00	19.000	138.58	0.0072158	765.79	902.89	2.5788	0.95970	1.2221	424.37	0.89583	34.444	0.055023	supercritical
716.67	19.000	138.21	0.0072352	767.46	904.93	2.5816	0.96034	1.2222	424.88	0.88995	34.492	0.055134	supercritical
718.33	19.000	137.84	0.0072545	769.13	906.97	2.5845	0.96098	1.2224	425.38	0.88410	34.541	0.055246	supercritical
720.00	19.000	137.48	0.0072739	770.80	909.00	2.5873	0.96162	1.2226	425.88	0.87830	34.589	0.055357	supercritical
721.67	19.000	137.11	0.0072932	772.47	911.04	2.5901	0.96226	1.2227	426.38	0.87253	34.638	0.055469	supercritical
723.33	19.000	136.75	0.0073125	774.14	913.08	2.5930	0.96289	1.2229	426.88	0.86680	34.686	0.055581	supercritical
725.00	19.000	136.39	0.0073318	775.81	915.12	2.5958	0.96353	1.2231	427.37	0.86110	34.735	0.055692	supercritical
726.67	19.000	136.04	0.0073510	777.49	917.16	2.5986	0.96417	1.2233	427.87	0.85545	34.783	0.055804	supercritical
728.33	19.000	135.68	0.0073703	779.16	919.20	2.6014	0.96480	1.2235	428.37	0.84983	34.832	0.055916	supercritical
730.00	19.000	135.33	0.0073895	780.83	921.23	2.6042	0.96543	1.2237	428.86	0.84424	34.880	0.056028	supercritical
731.67	19.000	134.98	0.0074087	782.51	923.27	2.6070	0.96607	1.2239	429.35	0.83869	34.929	0.056140	supercritical
733.33	19.000	134.63	0.0074279	784.18	925.31	2.6098	0.96670	1.2241	429.85	0.83318	34.977	0.056252	supercritical
735.00	19.000	134.28	0.0074471	785.86	927.35	2.6125	0.96733	1.2243	430.34	0.82770	35.025	0.056363	supercritical
736.67	19.000	133.93	0.0074663	787.54	929.40	2.6153	0.96796	1.2245	430.83	0.82226	35.074	0.056476	supercritical
738.33	19.000	133.59	0.0074855	789.21	931.44	2.6181	0.96858	1.2247	431.32	0.81685	35.122	0.056588	supercritical
740.00	19.000	133.25	0.0075046	790.89	933.48	2.6208	0.96921	1.2249	431.81	0.81147	35.171	0.056700	supercritical
741.67	19.000	132.91	0.0075238	792.57	935.52	2.6236	0.96984	1.2251	432.30	0.80613	35.219	0.056812	supercritical
743.33	19.000	132.58	0.0075429	794.25	937.56	2.6263	0.97046	1.2253	432.78	0.80082	35.268	0.056924	supercritical
745.00	19.000	132.24	0.0075620	795.93	939.60	2.6291	0.97108	1.2255	433.27	0.79555	35.316	0.057036	supercritical
746.67	19.000	131.91	0.0075811	797.61	941.65	2.6318	0.97170	1.2258	433.76	0.79031	35.364	0.057149	supercritical
748.33	19.000	131.58	0.0076002	799.29	943.69	2.6346	0.97233	1.2260	434.24	0.78510	35.413	0.057261	supercritical
750.00	19.000	131.25	0.0076192	800.97	945.73	2.6373	0.97294	1.2262	434.72	0.77993	35.461	0.057373	supercritical
751.67	19.000	130.92	0.0076383	802.65	947.78	2.6400	0.97356	1.2264	435.21	0.77478	35.510	0.057486	supercritical
753.33	19.000	130.59	0.0076573	804.33	949.82	2.6427	0.97418	1.2267	435.69	0.76967	35.558	0.057598	supercritical
755.00	19.000	130.27	0.0076763	806.02	951.87	2.6454	0.97480	1.2269	436.17	0.76459	35.606	0.057710	supercritical
756.67	19.000	129.95	0.0076953	807.70	953.91	2.6481	0.97541	1.2272	436.65	0.75954	35.655	0.057823	supercritical
758.33	19.000	129.63	0.0077143	809.38	955.96	2.6508	0.97602	1.2274	437.13	0.75452	35.703	0.057935	supercritical
760.00	19.000	129.31	0.0077333	811.07	958.00	2.6535	0.97664	1.2276	437.61	0.74954	35.751	0.058048	supercritical
761.67	19.000	128.99	0.0077523	812.75	960.05	2.6562	0.97725	1.2279	438.08	0.74458	35.799	0.058160	supercritical
763.33	19.000	128.68	0.0077712	814.44	962.09	2.6589	0.97786	1.2281	438.56	0.73966	35.848	0.058273	supercritical
765.00	19.000	128.37	0.0077902	816.13	964.14	2.6616	0.97846	1.2284	439.04	0.73476	35.896	0.058386	supercritical
766.67	19.000	128.06	0.0078091	817.82	966.19	2.6643	0.97907	1.2286	439.51	0.72990	35.944	0.058498	supercritical
768.33	19.000	127.75	0.0078280	819.50	968.24	2.6669	0.97968	1.2289	439.99	0.72506	35.993	0.058611	supercritical
770.00	19.000	127.44	0.0078469	821.19	970.29	2.6696	0.98028	1.2291	440.46	0.72025	36.041	0.058724	supercritical
771.67	19.000	127.13	0.0078658	822.88	972.33	2.6723	0.98089	1.2294	440.93	0.71548	36.089	0.058836	supercritical
773.33	19.000	126.83	0.0078847	824.57	974.38	2.6749	0.98149	1.2296	441.40	0.71073	36.137	0.058949	supercritical
775.00	19.000	126.52	0.0079036	826.26	976.43	2.6776	0.98209	1.2299	441.88	0.70601	36.185	0.059062	supercritical
776.67	19.000	126.22	0.0079225	827.96	978.48	2.6802	0.98269	1.2302	442.35	0.70132	36.234	0.059174	supercritical
778.33	19.000	125.92	0.0079413	829.65	980.53	2.6828	0.98329	1.2304	442.82	0.69665	36.282	0.059287	supercritical
780.00	19.000	125.63	0.0079601	831.34	982.58	2.6855	0.98388	1.2307	443.28	0.69202	36.330	0.059400	supercritical
781.67	19.000	125.33	0.0079790	833.04	984.64	2.6881	0.98448	1.2310	443.75	0.68741	36.378	0.059513	supercritical
783.33	19.000	125.03	0.0079978	834.73	986.69	2.6907	0.98507	1.2312	444.22	0.68283	36.426	0.059625	supercritical
785.00	19.000	124.74	0.0080166	836.43	988.74	2.6933	0.98567	1.2315	444.69	0.67828	36.474	0.059738	supercritical
786.67	19.000	124.45	0.0080354	838.12	990.79	2.6959	0.98626	1.2318	445.15	0.67375	36.522	0.059851	supercritical
788.33	19.000	124.16	0.0080541	839.82	992.85	2.6986	0.98685	1.2320	445.62	0.66925	36.570	0.059964	supercritical
790.00	19.000	123.87	0.0080729	841.51	994.90	2.7012	0.98744	1.2323	446.08	0.66478	36.618	0.060077	supercritical
791.67	19.000	123.58	0.0080917	843.21	996.95	2.7038	0.98803	1.2326	446.54	0.66033	36.667	0.060189	supercritical
793.33	19.000	123.30	0.0081104	844.91	999.01	2.7063	0.98861	1.2329	447.01	0.65591	36.715	0.060302	supercritical
795.00	19.000	123.01	0.0081291	846.61	1001.1	2.7089	0.98920	1.2331	447.47	0.65152	36.763	0.060415	supercritical
796.67	19.000	122.73	0.0081478	848.31	1003.1	2.7115	0.98978	1.2334	447.93	0.64715	36.811	0.060528	supercritical
798.33	19.000	122.45	0.0081666	850.01	1005.2	2.7141	0.99037	1.2337	448.39	0.64281	36.859	0.060641	supercritical
800.00	19.000	122.17	0.0081853	851.71	1007.2	2.7167	0.99095	1.2340	448.85	0.63849	36.906	0.060754	supercritical
801.67	19.000	121.89	0.0082039	853.41	1009.3	2.7192	0.99153	1.2343	449.31	0.63419	36.954	0.060867	supercritical
803.33	19.000	121.62	0.0082226	855.12	1011.3	2.7218	0.99211	1.2346	449.77	0.62993	37.002	0.060979	supercritical
805.00	19.000	121.34	0.0082413	856.82	1013.4	2.7244	0.99269	1.2348	450.22	0.62568	37.050	0.061092	supercritical
806.67	19.000	121.07	0.0082600	858.52	1015.5	2.7269	0.99326	1.2351	450.68	0.62147	37.098	0.061205	supercritical
808.33	19.000	120.79	0.0082786	860.23	1017.5	2.7295	0.99384	1.2354	451.14	0.61727	37.146	0.061318	supercritical
810.00	19.000	120.52	0.0082972	861.93	1019.6	2.7320	0.99441	1.2357	451.59	0.61310	37.194	0.061431	supercritical
811.67	19.000	120.25	0.0083159	863.64	1021.6	2.7345	0.99498	1.2360	452.04	0.60895	37.242	0.061544	supercritical
813.33	19.000	119.98	0.0083345	865.34	1023.7	2.7371	0.99555	1.2363	452.50	0.60483	37.289	0.061657	supercritical
815.00	19.000	119.72	0.0083531	867.05	1025.8	2.7396	0.99612	1.2366	452.95	0.60073	37.337	0.061769	supercritical
816.67	19.000	119.45	0.0083717	868.76	1027.8	2.7421	0.99669	1.2369	453.40	0.59666	37.385	0.061882	supercritical
818.33	19.000	119.19	0.0083903	870.47	1029.9	2.7447	0.99726	1.2372	453.86	0.59260	37.433	0.061995	supercritical
820.00	19.000	118.92	0.0084088	872.18	1031.9	2.7472	0.99783	1.2375	454.31	0.58857	37.481	0.062108	supercritical
821.67	19.000	118.66	0.0084274	873.89	1034.0	2.7497	0.99839	1.2378	454.76	0.58457	37.528	0.062221	supercritical
823.33	19.000	118.40	0.0084460	875.60	1036.1	2.7522	0.99895	1.2381	455.21	0.58058	37.576	0.062333	supercritical
825.00	19.000	118.14	0.0084645	877.31	1038.1	2.7547	0.99952	1.2384	455.66	0.57662	37.624	0.062446	supercritical
826.67	19.000	117.88	0.0084831	879.02	1040.2	2.7572	1.0001	1.2387	456.10	0.57268	37.671	0.062559	supercritical
828.33	19.000	117.63	0.0085016	880.73	1042.3	2.7597	1.0006	1.2390	456.55	0.56876	37.719	0.062672	supercritical
830.00	19.000	117.37	0.0085201	882.45	1044.3	2.7622	1.0012	1.2393	457.00	0.56487	37.767	0.062785	supercritical
831.67	19.000	117.12	0.0085386	884.16	1046.4	2.7647	1.0018	1.2396	457.44	0.56099	37.814	0.062897	supercritical
833.33	19.000	116.86	0.0085571	885.88	1048.5	2.7672	1.0023	1.2399	457.89	0.55714	37.862	0.063010	supercritical
835.00	19.000	116.61	0.0085756	887.59	1050.5	2.7696	1.0029	1.2402	458.33	0.55331	37.909	0.063123	supercritical
836.67	19.000	116.36	0.0085941	889.31	1052.6	2.7721	1.0034	1.2405	458.78	0.54950	37.957	0.063236	supercritical
838.33	19.000	116.11	0.0086126	891.02	1054.7	2.7746	1.0040	1.2408	459.22	0.54571	38.004	0.063348	supercritical
840.00	19.000	115.86	0.0086310	892.74	1056.7	2.7770	1.0045	1.2411	459.67	0.54194	38.052	0.063461	supercritical
841.67	19.000	115.61	0.0086495	894.46	1058.8	2.7795	1.0051	1.2414	460.11	0.53819	38.099	0.063574	supercritical
843.33	19.000	115.37	0.0086679	896.18	1060.9	2.7820	1.0056	1.2417	460.55	0.53447	38.147	0.063686	supercritical
845.00	19.000	115.12	0.0086864	897.90	1062.9	2.7844	1.0062	1.2420	460.99	0.53076	38.194	0.063799	supercritical
846.67	19.000	114.88	0.0087048	899.62	1065.0	2.7869	1.0067	1.2423	461.43	0.52708	38.242	0.063912	supercritical
848.33	19.000	114.64	0.0087232	901.34	1067.1	2.7893	1.0072	1.2426	461.87	0.52341	38.289	0.064024	supercritical
850.00	19.000	114.40	0.0087416	903.06	1069.2	2.7917	1.0078	1.2429	462.31	0.51976	38.336	0.064137	supercritical
851.67	19.000	114.15	0.0087600	904.78	1071.2	2.7942	1.0083	1.2432	462.75	0.51614	38.384	0.064249	supercritical
853.33	19.000	113.92	0.0087784	906.50	1073.3	2.7966	1.0089	1.2435	463.19	0.51253	38.431	0.064362	supercritical
855.00	19.000	113.68	0.0087968	908.23	1075.4	2.7990	1.0094	1.2438	463.62	0.50894	38.478	0.064475	supercritical
856.67	19.000	113.44	0.0088152	909.95	1077.4	2.8015	1.0099	1.2441	464.06	0.50538	38.526	0.064587	supercritical
858.33	19.000	113.20	0.0088335	911.68	1079.5	2.8039	1.0105	1.2445	464.50	0.50183	38.573	0.064700	supercritical
860.00	19.000	112.97	0.0088519	913.40	1081.6	2.8063	1.0110	1.2448	464.93	0.49830	38.620	0.064812	supercritical
861.67	19.000	112.74	0.0088703	915.13	1083.7	2.8087	1.0115	1.2451	465.37	0.49479	38.667	0.064925	supercritical
863.33	19.000	112.50	0.0088886	916.86	1085.7	2.8111	1.0121	1.2454	465.80	0.49129	38.714	0.065037	supercritical
865.00	19.000	112.27	0.0089069	918.58	1087.8	2.8135	1.0126	1.2457	466.23	0.48782	38.762	0.065149	supercritical
866.67	19.000	112.04	0.0089253	920.31	1089.9	2.8159	1.0131	1.2460	466.67	0.48437	38.809	0.065262	supercritical
868.33	19.000	111.81	0.0089436	922.04	1092.0	2.8183	1.0137	1.2463	467.10	0.48093	38.856	0.065374	supercritical
870.00	19.000	111.58	0.0089619	923.77	1094.0	2.8207	1.0142	1.2466	467.53	0.47751	38.903	0.065487	supercritical
871.67	19.000	111.36	0.0089802	925.50	1096.1	2.8231	1.0147	1.2470	467.96	0.47411	38.950	0.065599	supercritical
873.33	19.000	111.13	0.0089985	927.23	1098.2	2.8255	1.0152	1.2473	468.39	0.47073	38.997	0.065711	supercritical
875.00	19.000	110.90	0.0090168	928.96	1100.3	2.8278	1.0158	1.2476	468.82	0.46736	39.044	0.065824	supercritical
876.67	19.000	110.68	0.0090351	930.69	1102.4	2.8302	1.0163	1.2479	469.25	0.46402	39.091	0.065936	supercritical
878.33	19.000	110.46	0.0090534	932.43	1104.4	2.8326	1.0168	1.2482	469.68	0.46069	39.138	0.066048	supercritical
880.00	19.000	110.23	0.0090716	934.16	1106.5	2.8350	1.0173	1.2485	470.11	0.45737	39.185	0.066160	supercritical
881.67	19.000	110.01	0.0090899	935.90	1108.6	2.8373	1.0178	1.2488	470.54	0.45408	39.232	0.066272	supercritical
883.33	19.000	109.79	0.0091081	937.63	1110.7	2.8397	1.0184	1.2492	470.96	0.45080	39.279	0.066385	supercritical
885.00	19.000	109.57	0.0091264	939.37	1112.8	2.8420	1.0189	1.2495	471.39	0.44754	39.326	0.066497	supercritical
886.67	19.000	109.35	0.0091446	941.10	1114.8	2.8444	1.0194	1.2498	471.81	0.44430	39.373	0.066609	supercritical
888.33	19.000	109.14	0.0091628	942.84	1116.9	2.8467	1.0199	1.2501	472.24	0.44107	39.420	0.066721	supercritical
890.00	19.000	108.92	0.0091811	944.58	1119.0	2.8491	1.0204	1.2504	472.67	0.43786	39.466	0.066833	supercritical
891.67	19.000	108.70	0.0091993	946.31	1121.1	2.8514	1.0209	1.2507	473.09	0.43467	39.513	0.066945	supercritical
893.33	19.000	108.49	0.0092175	948.05	1123.2	2.8537	1.0214	1.2510	473.51	0.43149	39.560	0.067057	supercritical
895.00	19.000	108.28	0.0092357	949.79	1125.3	2.8561	1.0219	1.2514	473.94	0.42833	39.607	0.067169	supercritical
896.67	19.000	108.06	0.0092539	951.53	1127.4	2.8584	1.0224	1.2517	474.36	0.42518	39.654	0.067281	supercritical
898.33	19.000	107.85	0.0092721	953.27	1129.4	2.8607	1.0229	1.2520	474.78	0.42205	39.700	0.067393	supercritical
900.00	19.000	107.64	0.0092902	955.02	1131.5	2.8631	1.0234	1.2523	475.20	0.41894	39.747	0.067504	supercritical
901.67	19.000	107.43	0.0093084	956.76	1133.6	2.8654	1.0239	1.2526	475.62	0.41584	39.794	0.067616	supercritical
903.33	19.000	107.22	0.0093266	958.50	1135.7	2.8677	1.0244	1.2529	476.04	0.41276	39.840	0.067728	supercritical
905.00	19.000	107.01	0.0093447	960.24	1137.8	2.8700	1.0249	1.2533	476.46	0.40969	39.887	0.067840	supercritical
906.67	19.000	106.80	0.0093629	961.99	1139.9	2.8723	1.0254	1.2536	476.88	0.40664	39.934	0.067952	supercritical
908.33	19.000	106.60	0.0093810	963.73	1142.0	2.8746	1.0259	1.2539	477.30	0.40361	39.980	0.068063	supercritical
910.00	19.000	106.39	0.0093992	965.48	1144.1	2.8769	1.0264	1.2542	477.72	0.40059	40.027	0.068175	supercritical
911.67	19.000	106.19	0.0094173	967.22	1146.2	2.8792	1.0269	1.2545	478.14	0.39758	40.073	0.068287	supercritical
913.33	19.000	105.98	0.0094354	968.97	1148.2	2.8815	1.0274	1.2548	478.55	0.39459	40.120	0.068398	supercritical
915.00	19.000	105.78	0.0094535	970.72	1150.3	2.8838	1.0279	1.2551	478.97	0.39162	40.166	0.068510	supercritical
916.67	19.000	105.58	0.0094717	972.47	1152.4	2.8861	1.0284	1.2555	479.39	0.38866	40.213	0.068621	supercritical
918.33	19.000	105.38	0.0094898	974.22	1154.5	2.8883	1.0289	1.2558	479.80	0.38571	40.259	0.068733	supercritical
920.00	19.000	105.18	0.0095079	975.96	1156.6	2.8906	1.0294	1.2561	480.22	0.38278	40.305	0.068844	supercritical
921.67	19.000	104.98	0.0095260	977.71	1158.7	2.8929	1.0299	1.2564	480.63	0.37986	40.352	0.068956	supercritical
923.33	19.000	104.78	0.0095440	979.47	1160.8	2.8952	1.0303	1.2567	481.05	0.37696	40.398	0.069067	supercritical
925.00	19.000	104.58	0.0095621	981.22	1162.9	2.8974	1.0308	1.2570	481.46	0.37407	40.445	0.069178	supercritical
926.67	19.000	104.38	0.0095802	982.97	1165.0	2.8997	1.0313	1.2574	481.87	0.37120	40.491	0.069290	supercritical
928.33	19.000	104.19	0.0095983	984.72	1167.1	2.9020	1.0318	1.2577	482.29	0.36834	40.537	0.069401	supercritical
930.00	19.000	103.99	0.0096163	986.47	1169.2	2.9042	1.0323	1.2580	482.70	0.36549	40.583	0.069512	supercritical
931.67	19.000	103.80	0.0096344	988.23	1171.3	2.9065	1.0327	1.2583	483.11	0.36266	40.630	0.069624	supercritical
933.33	19.000	103.60	0.0096524	989.98	1173.4	2.9087	1.0332	1.2586	483.52	0.35984	40.676	0.069735	supercritical
935.00	19.000	103.41	0.0096705	991.74	1175.5	2.9110	1.0337	1.2589	483.93	0.35704	40.722	0.069846	supercritical
936.67	19.000	103.22	0.0096885	993.49	1177.6	2.9132	1.0342	1.2592	484.34	0.35425	40.768	0.069957	supercritical
938.33	19.000	103.02	0.0097065	995.25	1179.7	2.9154	1.0347	1.2596	484.75	0.35147	40.814	0.070068	supercritical
940.00	19.000	102.83	0.0097246	997.01	1181.8	2.9177	1.0351	1.2599	485.16	0.34871	40.861	0.070179	supercritical
941.67	19.000	102.64	0.0097426	998.76	1183.9	2.9199	1.0356	1.2602	485.57	0.34596	40.907	0.070290	supercritical
943.33	19.000	102.45	0.0097606	1000.5	1186.0	2.9221	1.0361	1.2605	485.98	0.34322	40.953	0.070401	supercritical
945.00	19.000	102.26	0.0097786	1002.3	1188.1	2.9244	1.0365	1.2608	486.38	0.34049	40.999	0.070512	supercritical
946.67	19.000	102.08	0.0097966	1004.0	1190.2	2.9266	1.0370	1.2611	486.79	0.33778	41.045	0.070623	supercritical
948.33	19.000	101.89	0.0098146	1005.8	1192.3	2.9288	1.0375	1.2614	487.20	0.33508	41.091	0.070734	supercritical
950.00	19.000	101.70	0.0098326	1007.6	1194.4	2.9310	1.0379	1.2617	487.60	0.33240	41.137	0.070844	supercritical
951.67	19.000	101.52	0.0098506	1009.3	1196.5	2.9332	1.0384	1.2621	488.01	0.32973	41.183	0.070955	supercritical
953.33	19.000	101.33	0.0098685	1011.1	1198.6	2.9354	1.0389	1.2624	488.41	0.32707	41.229	0.071066	supercritical
955.00	19.000	101.15	0.0098865	1012.8	1200.7	2.9376	1.0393	1.2627	488.82	0.32442	41.275	0.071176	supercritical
956.67	19.000	100.96	0.0099045	1014.6	1202.8	2.9398	1.0398	1.2630	489.22	0.32178	41.321	0.071287	supercritical
958.33	19.000	100.78	0.0099224	1016.4	1204.9	2.9420	1.0402	1.2633	489.63	0.31916	41.366	0.071398	supercritical
960.00	19.000	100.60	0.0099404	1018.1	1207.0	2.9442	1.0407	1.2636	490.03	0.31655	41.412	0.071508	supercritical
961.67	19.000	100.42	0.0099583	1019.9	1209.1	2.9464	1.0412	1.2639	490.43	0.31395	41.458	0.071619	supercritical
963.33	19.000	100.24	0.0099763	1021.7	1211.2	2.9486	1.0416	1.2642	490.83	0.31137	41.504	0.071729	supercritical
965.00	19.000	100.06	0.0099942	1023.4	1213.3	2.9508	1.0421	1.2646	491.24	0.30879	41.550	0.071840	supercritical
966.67	19.000	99.879	0.010012	1025.2	1215.4	2.9530	1.0425	1.2649	491.64	0.30623	41.595	0.071950	supercritical
968.33	19.000	99.700	0.010030	1027.0	1217.5	2.9552	1.0430	1.2652	492.04	0.30368	41.641	0.072060	supercritical
970.00	19.000	99.522	0.010048	1028.7	1219.7	2.9573	1.0434	1.2655	492.44	0.30115	41.687	0.072171	supercritical
971.67	19.000	99.345	0.010066	1030.5	1221.8	2.9595	1.0439	1.2658	492.84	0.29862	41.733	0.072281	supercritical
973.33	19.000	99.169	0.010084	1032.3	1223.9	2.9617	1.0443	1.2661	493.24	0.29610	41.778	0.072391	supercritical
975.00	19.000	98.993	0.010102	1034.1	1226.0	2.9638	1.0448	1.2664	493.64	0.29360	41.824	0.072501	supercritical
976.67	19.000	98.818	0.010120	1035.8	1228.1	2.9660	1.0452	1.2667	494.04	0.29111	41.869	0.072611	supercritical
978.33	19.000	98.643	0.010138	1037.6	1230.2	2.9682	1.0457	1.2670	494.44	0.28863	41.915	0.072721	supercritical
980.00	19.000	98.470	0.010155	1039.4	1232.3	2.9703	1.0461	1.2673	494.83	0.28616	41.961	0.072831	supercritical
981.67	19.000	98.296	0.010173	1041.1	1234.4	2.9725	1.0465	1.2676	495.23	0.28371	42.006	0.072941	supercritical
983.33	19.000	98.124	0.010191	1042.9	1236.5	2.9746	1.0470	1.2679	495.63	0.28126	42.052	0.073051	supercritical
985.00	19.000	97.952	0.010209	1044.7	1238.7	2.9768	1.0474	1.2683	496.02	0.27882	42.097	0.073161	supercritical
986.67	19.000	97.781	0.010227	1046.5	1240.8	2.9789	1.0479	1.2686	496.42	0.27640	42.143	0.073271	supercritical
988.33	19.000	97.611	0.010245	1048.2	1242.9	2.9811	1.0483	1.2689	496.82	0.27399	42.188	0.073381	supercritical
990.00	19.000	97.441	0.010263	1050.0	1245.0	2.9832	1.0487	1.2692	497.21	0.27159	42.234	0.073491	supercritical
991.67	19.000	97.271	0.010281	1051.8	1247.1	2.9853	1.0492	1.2695	497.61	0.26920	42.279	0.073600	supercritical
993.33	19.000	97.103	0.010298	1053.6	1249.2	2.9875	1.0496	1.2698	498.00	0.26682	42.324	0.073710	supercritical
995.00	19.000	96.935	0.010316	1055.3	1251.3	2.9896	1.0500	1.2701	498.39	0.26445	42.370	0.073820	supercritical
996.67	19.000	96.767	0.010334	1057.1	1253.5	2.9917	1.0505	1.2704	498.79	0.26209	42.415	0.073929	supercritical
998.33	19.000	96.601	0.010352	1058.9	1255.6	2.9938	1.0509	1.2707	499.18	0.25974	42.460	0.074039	supercritical
1000.0	19.000	96.435	0.010370	1060.7	1257.7	2.9960	1.0513	1.2710	499.57	0.25740	42.506	0.074148	supercritical
1001.7	19.000	96.269	0.010388	1062.5	1259.8	2.9981	1.0518	1.2713	499.96	0.25507	42.551	0.074258	supercritical
1003.3	19.000	96.104	0.010405	1064.2	1261.9	3.0002	1.0522	1.2716	500.36	0.25276	42.596	0.074367	supercritical
1005.0	19.000	95.940	0.010423	1066.0	1264.1	3.0023	1.0526	1.2719	500.75	0.25045	42.641	0.074476	supercritical
1006.7	19.000	95.776	0.010441	1067.8	1266.2	3.0044	1.0530	1.2722	501.14	0.24815	42.686	0.074586	supercritical
1008.3	19.000	95.613	0.010459	1069.6	1268.3	3.0065	1.0535	1.2725	501.53	0.24587	42.732	0.074695	supercritical
1010.0	19.000	95.451	0.010477	1071.4	1270.4	3.0086	1.0539	1.2728	501.92	0.24359	42.777	0.074804	supercritical
1011.7	19.000	95.289	0.010494	1073.1	1272.5	3.0107	1.0543	1.2731	502.31	0.24133	42.822	0.074913	supercritical
1013.3	19.000	95.128	0.010512	1074.9	1274.7	3.0128	1.0547	1.2734	502.70	0.23907	42.867	0.075022	supercritical
1015.0	19.000	94.967	0.010530	1076.7	1276.8	3.0149	1.0551	1.2737	503.09	0.23682	42.912	0.075132	supercritical
1016.7	19.000	94.807	0.010548	1078.5	1278.9	3.0170	1.0556	1.2740	503.47	0.23459	42.957	0.075241	supercritical
1018.3	19.000	94.647	0.010566	1080.3	1281.0	3.0191	1.0560	1.2743	503.86	0.23236	43.002	0.075350	supercritical
1020.0	19.000	94.488	0.010583	1082.1	1283.2	3.0212	1.0564	1.2746	504.25	0.23014	43.047	0.075459	supercritical
1021.7	19.000	94.330	0.010601	1083.9	1285.3	3.0233	1.0568	1.2749	504.64	0.22794	43.092	0.075567	supercritical
1023.3	19.000	94.172	0.010619	1085.6	1287.4	3.0253	1.0572	1.2752	505.02	0.22574	43.137	0.075676	supercritical
1025.0	19.000	94.015	0.010637	1087.4	1289.5	3.0274	1.0576	1.2755	505.41	0.22355	43.182	0.075785	supercritical
1026.7	19.000	93.858	0.010654	1089.2	1291.7	3.0295	1.0580	1.2758	505.80	0.22137	43.227	0.075894	supercritical
1028.3	19.000	93.702	0.010672	1091.0	1293.8	3.0316	1.0585	1.2761	506.18	0.21920	43.272	0.076002	supercritical
1030.0	19.000	93.547	0.010690	1092.8	1295.9	3.0336	1.0589	1.2764	506.57	0.21704	43.317	0.076111	supercritical
1031.7	19.000	93.392	0.010708	1094.6	1298.0	3.0357	1.0593	1.2767	506.95	0.21489	43.361	0.076220	supercritical
1033.3	19.000	93.237	0.010725	1096.4	1300.2	3.0377	1.0597	1.2770	507.34	0.21275	43.406	0.076328	supercritical
1035.0	19.000	93.083	0.010743	1098.2	1302.3	3.0398	1.0601	1.2773	507.72	0.21062	43.451	0.076437	supercritical
1036.7	19.000	92.930	0.010761	1100.0	1304.4	3.0419	1.0605	1.2776	508.10	0.20850	43.496	0.076545	supercritical
1038.3	19.000	92.777	0.010779	1101.8	1306.6	3.0439	1.0609	1.2779	508.49	0.20638	43.540	0.076654	supercritical
1040.0	19.000	92.625	0.010796	1103.6	1308.7	3.0460	1.0613	1.2782	508.87	0.20428	43.585	0.076762	supercritical
1041.7	19.000	92.473	0.010814	1105.4	1310.8	3.0480	1.0617	1.2785	509.25	0.20218	43.630	0.076870	supercritical
1043.3	19.000	92.322	0.010832	1107.1	1312.9	3.0500	1.0621	1.2788	509.63	0.20009	43.675	0.076978	supercritical
1045.0	19.000	92.171	0.010849	1108.9	1315.1	3.0521	1.0625	1.2790	510.02	0.19802	43.719	0.077087	supercritical
1046.7	19.000	92.021	0.010867	1110.7	1317.2	3.0541	1.0629	1.2793	510.40	0.19595	43.764	0.077195	supercritical
1048.3	19.000	91.871	0.010885	1112.5	1319.3	3.0562	1.0633	1.2796	510.78	0.19389	43.808	0.077303	supercritical
1050.0	19.000	91.722	0.010903	1114.3	1321.5	3.0582	1.0637	1.2799	511.16	0.19183	43.853	0.077411	supercritical
1051.7	19.000	91.573	0.010920	1116.1	1323.6	3.0602	1.0641	1.2802	511.54	0.18979	43.898	0.077519	supercritical
1053.3	19.000	91.425	0.010938	1117.9	1325.7	3.0623	1.0645	1.2805	511.92	0.18776	43.942	0.077627	supercritical
1055.0	19.000	91.278	0.010956	1119.7	1327.9	3.0643	1.0649	1.2808	512.30	0.18573	43.987	0.077735	supercritical
1056.7	19.000	91.131	0.010973	1121.5	1330.0	3.0663	1.0653	1.2811	512.68	0.18371	44.031	0.077843	supercritical
1058.3	19.000	90.984	0.010991	1123.3	1332.1	3.0683	1.0657	1.2814	513.06	0.18170	44.076	0.077951	supercritical
1060.0	19.000	90.838	0.011009	1125.1	1334.3	3.0703	1.0661	1.2817	513.43	0.17970	44.120	0.078058	supercritical
1061.7	19.000	90.692	0.011026	1126.9	1336.4	3.0724	1.0664	1.2819	513.81	0.17771	44.164	0.078166	supercritical
1063.3	19.000	90.547	0.011044	1128.7	1338.6	3.0744	1.0668	1.2822	514.19	0.17572	44.209	0.078274	supercritical
1065.0	19.000	90.403	0.011062	1130.5	1340.7	3.0764	1.0672	1.2825	514.57	0.17375	44.253	0.078381	supercritical
1066.7	19.000	90.259	0.011079	1132.3	1342.8	3.0784	1.0676	1.2828	514.94	0.17178	44.298	0.078489	supercritical
1068.3	19.000	90.115	0.011097	1134.1	1345.0	3.0804	1.0680	1.2831	515.32	0.16982	44.342	0.078596	supercritical
1070.0	19.000	89.972	0.011115	1135.9	1347.1	3.0824	1.0684	1.2834	515.70	0.16787	44.386	0.078704	supercritical
1071.7	19.000	89.829	0.011132	1137.7	1349.2	3.0844	1.0688	1.2837	516.07	0.16592	44.431	0.078811	supercritical
1073.3	19.000	89.687	0.011150	1139.5	1351.4	3.0864	1.0691	1.2839	516.45	0.16399	44.475	0.078919	supercritical
1075.0	19.000	89.546	0.011167	1141.3	1353.5	3.0884	1.0695	1.2842	516.82	0.16206	44.519	0.079026	supercritical
1076.7	19.000	89.404	0.011185	1143.2	1355.7	3.0904	1.0699	1.2845	517.20	0.16014	44.563	0.079133	supercritical
1078.3	19.000	89.264	0.011203	1145.0	1357.8	3.0923	1.0703	1.2848	517.57	0.15823	44.607	0.079240	supercritical
1080.0	19.000	89.123	0.011220	1146.8	1360.0	3.0943	1.0706	1.2851	517.94	0.15632	44.652	0.079347	supercritical
1081.7	19.000	88.984	0.011238	1148.6	1362.1	3.0963	1.0710	1.2854	518.32	0.15443	44.696	0.079455	supercritical
1083.3	19.000	88.844	0.011256	1150.4	1364.2	3.0983	1.0714	1.2856	518.69	0.15254	44.740	0.079562	supercritical
1085.0	19.000	88.706	0.011273	1152.2	1366.4	3.1003	1.0718	1.2859	519.06	0.15066	44.784	0.079669	supercritical
1086.7	19.000	88.567	0.011291	1154.0	1368.5	3.1022	1.0721	1.2862	519.44	0.14878	44.828	0.079776	supercritical
1088.3	19.000	88.429	0.011308	1155.8	1370.7	3.1042	1.0725	1.2865	519.81	0.14692	44.872	0.079882	supercritical
1090.0	19.000	88.292	0.011326	1157.6	1372.8	3.1062	1.0729	1.2868	520.18	0.14506	44.916	0.079989	supercritical
1091.7	19.000	88.155	0.011344	1159.4	1375.0	3.1081	1.0733	1.2870	520.55	0.14320	44.960	0.080096	supercritical
1093.3	19.000	88.018	0.011361	1161.2	1377.1	3.1101	1.0736	1.2873	520.92	0.14136	45.004	0.080203	supercritical
1095.0	19.000	87.882	0.011379	1163.0	1379.2	3.1121	1.0740	1.2876	521.29	0.13952	45.048	0.080309	supercritical
1096.7	19.000	87.747	0.011396	1164.9	1381.4	3.1140	1.0744	1.2879	521.66	0.13769	45.092	0.080416	supercritical
1098.3	19.000	87.611	0.011414	1166.7	1383.5	3.1160	1.0747	1.2881	522.03	0.13587	45.136	0.080523	supercritical
1100.0	19.000	87.477	0.011432	1168.5	1385.7	3.1179	1.0751	1.2884	522.40	0.13406	45.180	0.080629	supercritical
1101.7	19.000	87.342	0.011449	1170.3	1387.8	3.1199	1.0755	1.2887	522.77	0.13225	45.224	0.080736	supercritical
1103.3	19.000	87.208	0.011467	1172.1	1390.0	3.1218	1.0758	1.2890	523.14	0.13045	45.268	0.080842	supercritical
1105.0	19.000	87.075	0.011484	1173.9	1392.1	3.1238	1.0762	1.2892	523.51	0.12866	45.311	0.080948	supercritical
1106.7	19.000	86.942	0.011502	1175.7	1394.3	3.1257	1.0766	1.2895	523.88	0.12687	45.355	0.081055	supercritical
1108.3	19.000	86.809	0.011519	1177.6	1396.4	3.1277	1.0769	1.2898	524.25	0.12509	45.399	0.081161	supercritical
1110.0	19.000	86.677	0.011537	1179.4	1398.6	3.1296	1.0773	1.2901	524.61	0.12332	45.443	0.081267	supercritical
1111.7	19.000	86.545	0.011555	1181.2	1400.7	3.1315	1.0776	1.2903	524.98	0.12155	45.487	0.081373	supercritical
1113.3	19.000	86.414	0.011572	1183.0	1402.9	3.1335	1.0780	1.2906	525.35	0.11980	45.530	0.081480	supercritical
1115.0	19.000	86.283	0.011590	1184.8	1405.0	3.1354	1.0783	1.2909	525.72	0.11804	45.574	0.081586	supercritical
1116.7	19.000	86.153	0.011607	1186.6	1407.2	3.1373	1.0787	1.2912	526.08	0.11630	45.618	0.081692	supercritical
1118.3	19.000	86.023	0.011625	1188.5	1409.3	3.1393	1.0791	1.2914	526.45	0.11456	45.661	0.081798	supercritical
1120.0	19.000	85.893	0.011642	1190.3	1411.5	3.1412	1.0794	1.2917	526.81	0.11283	45.705	0.081904	supercritical
1121.7	19.000	85.764	0.011660	1192.1	1413.6	3.1431	1.0798	1.2920	527.18	0.11111	45.749	0.082009	supercritical
1123.3	19.000	85.635	0.011677	1193.9	1415.8	3.1450	1.0801	1.2922	527.54	0.10939	45.792	0.082115	supercritical
1125.0	19.000	85.507	0.011695	1195.7	1417.9	3.1469	1.0805	1.2925	527.91	0.10768	45.836	0.082221	supercritical
1126.7	19.000	85.379	0.011713	1197.6	1420.1	3.1489	1.0808	1.2928	528.27	0.10597	45.879	0.082327	supercritical
1128.3	19.000	85.251	0.011730	1199.4	1422.3	3.1508	1.0812	1.2930	528.64	0.10427	45.923	0.082432	supercritical
1130.0	19.000	85.124	0.011748	1201.2	1424.4	3.1527	1.0815	1.2933	529.00	0.10258	45.966	0.082538	supercritical
1131.7	19.000	84.997	0.011765	1203.0	1426.6	3.1546	1.0819	1.2936	529.36	0.10090	46.010	0.082643	supercritical
1133.3	19.000	84.871	0.011783	1204.9	1428.7	3.1565	1.0822	1.2938	529.73	0.099220	46.053	0.082749	supercritical
1135.0	19.000	84.745	0.011800	1206.7	1430.9	3.1584	1.0826	1.2941	530.09	0.097548	46.097	0.082854	supercritical
1136.7	19.000	84.619	0.011818	1208.5	1433.0	3.1603	1.0829	1.2944	530.45	0.095882	46.140	0.082960	supercritical
1138.3	19.000	84.494	0.011835	1210.3	1435.2	3.1622	1.0832	1.2946	530.81	0.094222	46.184	0.083065	supercritical
1140.0	19.000	84.369	0.011853	1212.2	1437.4	3.1641	1.0836	1.2949	531.18	0.092569	46.227	0.083170	supercritical
1141.7	19.000	84.245	0.011870	1214.0	1439.5	3.1660	1.0839	1.2952	531.54	0.090923	46.270	0.083276	supercritical
1143.3	19.000	84.121	0.011888	1215.8	1441.7	3.1679	1.0843	1.2954	531.90	0.089282	46.314	0.083381	supercritical
1145.0	19.000	83.997	0.011905	1217.6	1443.8	3.1697	1.0846	1.2957	532.26	0.087648	46.357	0.083486	supercritical
1146.7	19.000	83.874	0.011923	1219.5	1446.0	3.1716	1.0850	1.2960	532.62	0.086020	46.400	0.083591	supercritical
1148.3	19.000	83.751	0.011940	1221.3	1448.2	3.1735	1.0853	1.2962	532.98	0.084397	46.443	0.083696	supercritical
1150.0	19.000	83.629	0.011958	1223.1	1450.3	3.1754	1.0856	1.2965	533.34	0.082781	46.487	0.083801	supercritical
1151.7	19.000	83.507	0.011975	1224.9	1452.5	3.1773	1.0860	1.2967	533.70	0.081172	46.530	0.083906	supercritical
1153.3	19.000	83.385	0.011993	1226.8	1454.6	3.1791	1.0863	1.2970	534.06	0.079568	46.573	0.084011	supercritical
1155.0	19.000	83.264	0.012010	1228.6	1456.8	3.1810	1.0866	1.2973	534.42	0.077970	46.616	0.084115	supercritical
1156.7	19.000	83.143	0.012028	1230.4	1459.0	3.1829	1.0870	1.2975	534.78	0.076378	46.660	0.084220	supercritical
1158.3	19.000	83.022	0.012045	1232.3	1461.1	3.1848	1.0873	1.2978	535.13	0.074792	46.703	0.084325	supercritical
1160.0	19.000	82.902	0.012062	1234.1	1463.3	3.1866	1.0876	1.2980	535.49	0.073212	46.746	0.084429	supercritical
1161.7	19.000	82.782	0.012080	1235.9	1465.4	3.1885	1.0880	1.2983	535.85	0.071638	46.789	0.084534	supercritical
1163.3	19.000	82.662	0.012097	1237.8	1467.6	3.1903	1.0883	1.2986	536.21	0.070069	46.832	0.084639	supercritical
1165.0	19.000	82.543	0.012115	1239.6	1469.8	3.1922	1.0886	1.2988	536.56	0.068507	46.875	0.084743	supercritical
1166.7	19.000	82.424	0.012132	1241.4	1471.9	3.1941	1.0890	1.2991	536.92	0.066950	46.918	0.084847	supercritical
1168.3	19.000	82.306	0.012150	1243.3	1474.1	3.1959	1.0893	1.2993	537.28	0.065399	46.961	0.084952	supercritical
1170.0	19.000	82.188	0.012167	1245.1	1476.3	3.1978	1.0896	1.2996	537.63	0.063853	47.004	0.085056	supercritical
1171.7	19.000	82.070	0.012185	1246.9	1478.4	3.1996	1.0899	1.2998	537.99	0.062314	47.047	0.085160	supercritical
1173.3	19.000	81.953	0.012202	1248.8	1480.6	3.2015	1.0903	1.3001	538.34	0.060779	47.090	0.085265	supercritical
1175.0	19.000	81.836	0.012220	1250.6	1482.8	3.2033	1.0906	1.3003	538.70	0.059251	47.133	0.085369	supercritical
1176.7	19.000	81.719	0.012237	1252.4	1484.9	3.2052	1.0909	1.3006	539.05	0.057728	47.176	0.085473	supercritical
1178.3	19.000	81.603	0.012254	1254.3	1487.1	3.2070	1.0912	1.3008	539.41	0.056211	47.219	0.085577	supercritical
1180.0	19.000	81.487	0.012272	1256.1	1489.3	3.2088	1.0915	1.3011	539.76	0.054699	47.262	0.085681	supercritical
1181.7	19.000	81.372	0.012289	1257.9	1491.4	3.2107	1.0919	1.3013	540.12	0.053193	47.304	0.085785	supercritical
1183.3	19.000	81.256	0.012307	1259.8	1493.6	3.2125	1.0922	1.3016	540.47	0.051692	47.347	0.085889	supercritical
1185.0	19.000	81.141	0.012324	1261.6	1495.8	3.2143	1.0925	1.3018	540.83	0.050196	47.390	0.085993	supercritical
1186.7	19.000	81.027	0.012342	1263.5	1498.0	3.2162	1.0928	1.3021	541.18	0.048706	47.433	0.086096	supercritical
1188.3	19.000	80.913	0.012359	1265.3	1500.1	3.2180	1.0931	1.3023	541.53	0.047222	47.476	0.086200	supercritical
1190.0	19.000	80.799	0.012376	1267.1	1502.3	3.2198	1.0935	1.3026	541.88	0.045742	47.518	0.086304	supercritical
1191.7	19.000	80.685	0.012394	1269.0	1504.5	3.2216	1.0938	1.3028	542.24	0.044268	47.561	0.086407	supercritical
1193.3	19.000	80.572	0.012411	1270.8	1506.6	3.2235	1.0941	1.3031	542.59	0.042800	47.604	0.086511	supercritical
1195.0	19.000	80.459	0.012429	1272.7	1508.8	3.2253	1.0944	1.3033	542.94	0.041336	47.646	0.086615	supercritical
1196.7	19.000	80.347	0.012446	1274.5	1511.0	3.2271	1.0947	1.3036	543.29	0.039878	47.689	0.086718	supercritical
1198.3	19.000	80.234	0.012463	1276.3	1513.2	3.2289	1.0950	1.3038	543.64	0.038425	47.732	0.086821	supercritical
1200.0	19.000	80.123	0.012481	1278.2	1515.3	3.2307	1.0953	1.3041	543.99	0.036977	47.774	0.086925	supercritical
1201.7	19.000	80.011	0.012498	1280.0	1517.5	3.2325	1.0957	1.3043	544.34	0.035534	47.817	0.087028	supercritical
1203.3	19.000	79.900	0.012516	1281.9	1519.7	3.2343	1.0960	1.3046	544.69	0.034097	47.860	0.087131	supercritical
1205.0	19.000	79.789	0.012533	1283.7	1521.8	3.2362	1.0963	1.3048	545.04	0.032664	47.902	0.087235	supercritical
1206.7	19.000	79.678	0.012550	1285.6	1524.0	3.2380	1.0966	1.3051	545.39	0.031237	47.945	0.087338	supercritical
1208.3	19.000	79.568	0.012568	1287.4	1526.2	3.2398	1.0969	1.3053	545.74	0.029815	47.987	0.087441	supercritical
1210.0	19.000	79.458	0.012585	1289.3	1528.4	3.2416	1.0972	1.3055	546.09	0.028397	48.030	0.087544	supercritical
1211.7	19.000	79.348	0.012603	1291.1	1530.6	3.2434	1.0975	1.3058	546.44	0.026985	48.072	0.087647	supercritical
1213.3	19.000	79.239	0.012620	1292.9	1532.7	3.2452	1.0978	1.3060	546.79	0.025578	48.115	0.087750	supercritical
1215.0	19.000	79.130	0.012637	1294.8	1534.9	3.2469	1.0981	1.3063	547.14	0.024175	48.157	0.087853	supercritical
1216.7	19.000	79.022	0.012655	1296.6	1537.1	3.2487	1.0984	1.3065	547.49	0.022778	48.199	0.087955	supercritical
1218.3	19.000	78.913	0.012672	1298.5	1539.3	3.2505	1.0987	1.3067	547.84	0.021385	48.242	0.088058	supercritical
1220.0	19.000	78.805	0.012690	1300.3	1541.4	3.2523	1.0990	1.3070	548.18	0.019997	48.284	0.088161	supercritical
1221.7	19.000	78.697	0.012707	1302.2	1543.6	3.2541	1.0993	1.3072	548.53	0.018614	48.327	0.088264	supercritical
1223.3	19.000	78.590	0.012724	1304.0	1545.8	3.2559	1.0996	1.3075	548.88	0.017236	48.369	0.088366	supercritical
1225.0	19.000	78.483	0.012742	1305.9	1548.0	3.2577	1.0999	1.3077	549.22	0.015863	48.411	0.088469	supercritical
1226.7	19.000	78.376	0.012759	1307.7	1550.2	3.2594	1.1002	1.3079	549.57	0.014494	48.453	0.088571	supercritical
1228.3	19.000	78.270	0.012776	1309.6	1552.3	3.2612	1.1005	1.3082	549.92	0.013130	48.496	0.088674	supercritical
1230.0	19.000	78.163	0.012794	1311.4	1554.5	3.2630	1.1008	1.3084	550.26	0.011771	48.538	0.088776	supercritical
1231.7	19.000	78.058	0.012811	1313.3	1556.7	3.2648	1.1011	1.3087	550.61	0.010417	48.580	0.088878	supercritical
1233.3	19.000	77.952	0.012828	1315.1	1558.9	3.2665	1.1014	1.3089	550.95	0.0090668	48.622	0.088981	supercritical
1235.0	19.000	77.847	0.012846	1317.0	1561.1	3.2683	1.1017	1.3091	551.30	0.0077216	48.665	0.089083	supercritical
1236.7	19.000	77.742	0.012863	1318.8	1563.2	3.2701	1.1020	1.3094	551.64	0.0063811	48.707	0.089185	supercritical
1238.3	19.000	77.637	0.012880	1320.7	1565.4	3.2718	1.1023	1.3096	551.99	0.0050451	48.749	0.089287	supercritical
1240.0	19.000	77.533	0.012898	1322.5	1567.6	3.2736	1.1026	1.3098	552.33	0.0037137	48.791	0.089389	supercritical
1241.7	19.000	77.429	0.012915	1324.4	1569.8	3.2753	1.1029	1.3101	552.68	0.0023868	48.833	0.089491	supercritical
1243.3	19.000	77.325	0.012932	1326.3	1572.0	3.2771	1.1032	1.3103	553.02	0.0010645	48.875	0.089593	supercritical
1245.0	19.000	77.221	0.012950	1328.1	1574.2	3.2789	1.1034	1.3105	553.36	-0.00025334	48.917	0.089695	supercritical
1246.7	19.000	77.118	0.012967	1330.0	1576.3	3.2806	1.1037	1.3108	553.71	-0.0015667	48.959	0.089797	supercritical
1248.3	19.000	77.015	0.012984	1331.8	1578.5	3.2824	1.1040	1.3110	554.05	-0.0028756	49.002	0.089899	supercritical
1250.0	19.000	76.912	0.013002	1333.7	1580.7	3.2841	1.1043	1.3112	554.39	-0.0041801	49.044	0.090001	supercritical
1251.7	19.000	76.810	0.013019	1335.5	1582.9	3.2859	1.1046	1.3114	554.73	-0.0054802	49.086	0.090102	supercritical
1253.3	19.000	76.708	0.013036	1337.4	1585.1	3.2876	1.1049	1.3117	555.08	-0.0067758	49.127	0.090204	supercritical
1255.0	19.000	76.606	0.013054	1339.2	1587.3	3.2893	1.1052	1.3119	555.42	-0.0080672	49.169	0.090306	supercritical
1256.7	19.000	76.505	0.013071	1341.1	1589.5	3.2911	1.1055	1.3121	555.76	-0.0093541	49.211	0.090407	supercritical
1258.3	19.000	76.403	0.013088	1343.0	1591.6	3.2928	1.1057	1.3124	556.10	-0.010637	49.253	0.090509	supercritical
1260.0	19.000	76.302	0.013106	1344.8	1593.8	3.2946	1.1060	1.3126	556.44	-0.011915	49.295	0.090610	supercritical
1261.7	19.000	76.202	0.013123	1346.7	1596.0	3.2963	1.1063	1.3128	556.78	-0.013189	49.337	0.090712	supercritical
1263.3	19.000	76.101	0.013140	1348.5	1598.2	3.2980	1.1066	1.3130	557.12	-0.014459	49.379	0.090813	supercritical
1265.0	19.000	76.001	0.013158	1350.4	1600.4	3.2998	1.1069	1.3133	557.46	-0.015725	49.421	0.090914	supercritical
1266.7	19.000	75.901	0.013175	1352.3	1602.6	3.3015	1.1072	1.3135	557.80	-0.016986	49.463	0.091015	supercritical
1268.3	19.000	75.802	0.013192	1354.1	1604.8	3.3032	1.1074	1.3137	558.14	-0.018243	49.504	0.091117	supercritical
1270.0	19.000	75.703	0.013210	1356.0	1607.0	3.3049	1.1077	1.3140	558.48	-0.019496	49.546	0.091218	supercritical
1271.7	19.000	75.604	0.013227	1357.8	1609.2	3.3067	1.1080	1.3142	558.82	-0.020745	49.588	0.091319	supercritical
1273.3	19.000	75.505	0.013244	1359.7	1611.3	3.3084	1.1083	1.3144	559.16	-0.021990	49.630	0.091420	supercritical
1275.0	19.000	75.406	0.013261	1361.6	1613.5	3.3101	1.1085	1.3146	559.50	-0.023230	49.671	0.091521	supercritical
1276.7	19.000	75.308	0.013279	1363.4	1615.7	3.3118	1.1088	1.3148	559.84	-0.024467	49.713	0.091622	supercritical
1278.3	19.000	75.210	0.013296	1365.3	1617.9	3.3135	1.1091	1.3151	560.18	-0.025699	49.755	0.091723	supercritical
1280.0	19.000	75.112	0.013313	1367.2	1620.1	3.3153	1.1094	1.3153	560.52	-0.026928	49.797	0.091823	supercritical
1281.7	19.000	75.015	0.013331	1369.0	1622.3	3.3170	1.1096	1.3155	560.85	-0.028152	49.838	0.091924	supercritical
1283.3	19.000	74.918	0.013348	1370.9	1624.5	3.3187	1.1099	1.3157	561.19	-0.029373	49.880	0.092025	supercritical
1285.0	19.000	74.821	0.013365	1372.7	1626.7	3.3204	1.1102	1.3160	561.53	-0.030589	49.921	0.092125	supercritical
1286.7	19.000	74.724	0.013383	1374.6	1628.9	3.3221	1.1105	1.3162	561.87	-0.031801	49.963	0.092226	supercritical
1288.3	19.000	74.628	0.013400	1376.5	1631.1	3.3238	1.1107	1.3164	562.20	-0.033010	50.005	0.092327	supercritical
1290.0	19.000	74.532	0.013417	1378.3	1633.3	3.3255	1.1110	1.3166	562.54	-0.034214	50.046	0.092427	supercritical
1291.7	19.000	74.436	0.013434	1380.2	1635.5	3.3272	1.1113	1.3168	562.88	-0.035415	50.088	0.092527	supercritical
1293.3	19.000	74.341	0.013452	1382.1	1637.7	3.3289	1.1115	1.3171	563.21	-0.036612	50.129	0.092628	supercritical
1295.0	19.000	74.245	0.013469	1383.9	1639.9	3.3306	1.1118	1.3173	563.55	-0.037804	50.171	0.092728	supercritical
1296.7	19.000	74.150	0.013486	1385.8	1642.0	3.3323	1.1121	1.3175	563.88	-0.038993	50.212	0.092828	supercritical
1298.3	19.000	74.055	0.013503	1387.7	1644.2	3.3340	1.1123	1.3177	564.22	-0.040179	50.254	0.092929	supercritical
1300.0	19.000	73.961	0.013521	1389.5	1646.4	3.3357	1.1126	1.3179	564.55	-0.041360	50.295	0.093029	supercritical