Temperature (K)	Pressure (MPa)	Density (kg/m3)	Volume (m3/kg)	Internal Energy (kJ/kg)	Enthalpy (kJ/kg)	Entropy (J/g*K)	Cv (J/g*K)	Cp (J/g*K)	Sound Spd. (m/s)	Joule-Thomson (K/MPa)	Viscosity (uPa*s)	Therm. Cond. (W/m*K)	Phase
300.00	20.000	905.57	0.0011043	226.17	248.26	1.1056	0.91763	2.1267	586.17	0.29295	94.047	0.10599	liquid
301.67	20.000	897.64	0.0011140	229.53	251.81	1.1174	0.91759	2.1408	576.71	0.31685	92.071	0.10450	liquid
303.33	20.000	889.61	0.0011241	232.91	255.39	1.1293	0.91759	2.1556	567.29	0.34191	90.132	0.10302	liquid
305.00	20.000	881.46	0.0011345	236.31	259.00	1.1411	0.91763	2.1709	557.91	0.36817	88.228	0.10155	supercritical
306.67	20.000	873.19	0.0011452	239.73	262.63	1.1530	0.91768	2.1869	548.57	0.39570	86.357	0.10008	supercritical
308.33	20.000	864.79	0.0011563	243.16	266.29	1.1649	0.91774	2.2034	539.28	0.42457	84.519	0.098629	supercritical
310.00	20.000	856.27	0.0011679	246.62	269.98	1.1768	0.91780	2.2204	530.04	0.45483	82.712	0.097186	supercritical
311.67	20.000	847.62	0.0011798	250.10	273.69	1.1888	0.91784	2.2379	520.86	0.48653	80.935	0.095752	supercritical
313.33	20.000	838.84	0.0011921	253.59	277.44	1.2008	0.91789	2.2559	511.75	0.51974	79.188	0.094330	supercritical
315.00	20.000	829.92	0.0012049	257.11	281.21	1.2128	0.91794	2.2743	502.71	0.55451	77.469	0.092918	supercritical
316.67	20.000	820.87	0.0012182	260.65	285.02	1.2248	0.91803	2.2932	493.75	0.59091	75.777	0.091518	supercritical
318.33	20.000	811.67	0.0012320	264.21	288.86	1.2369	0.91816	2.3126	484.89	0.62898	74.113	0.090129	supercritical
320.00	20.000	802.33	0.0012464	267.80	292.73	1.2490	0.91835	2.3324	476.13	0.66880	72.475	0.088753	supercritical
321.67	20.000	792.85	0.0012613	271.41	296.63	1.2612	0.91862	2.3528	467.49	0.71043	70.863	0.087390	supercritical
323.33	20.000	783.23	0.0012768	275.03	300.57	1.2734	0.91896	2.3738	458.97	0.75392	69.277	0.086040	supercritical
325.00	20.000	773.46	0.0012929	278.69	304.54	1.2857	0.91938	2.3952	450.59	0.79933	67.716	0.084704	supercritical
326.67	20.000	763.55	0.0013097	282.36	308.55	1.2980	0.91986	2.4169	442.37	0.84668	66.180	0.083383	supercritical
328.33	20.000	753.49	0.0013272	286.06	312.60	1.3103	0.92039	2.4390	434.31	0.89600	64.670	0.082078	supercritical
330.00	20.000	743.30	0.0013453	289.78	316.68	1.3227	0.92095	2.4610	426.44	0.94726	63.186	0.080788	supercritical
331.67	20.000	732.98	0.0013643	293.52	320.80	1.3352	0.92151	2.4828	418.77	1.0004	61.727	0.079514	supercritical
333.33	20.000	722.53	0.0013840	297.28	324.96	1.3477	0.92205	2.5042	411.32	1.0554	60.295	0.078258	supercritical
335.00	20.000	711.96	0.0014046	301.06	329.15	1.3602	0.92254	2.5246	404.10	1.1122	58.891	0.077019	supercritical
336.67	20.000	701.28	0.0014260	304.85	333.37	1.3728	0.92295	2.5439	397.13	1.1706	57.515	0.075799	supercritical
338.33	20.000	690.52	0.0014482	308.67	337.63	1.3854	0.92325	2.5617	390.43	1.2304	56.169	0.074599	supercritical
340.00	20.000	679.68	0.0014713	312.49	341.91	1.3981	0.92342	2.5778	384.01	1.2917	54.854	0.073418	supercritical
341.67	20.000	668.78	0.0014953	316.32	346.22	1.4107	0.92344	2.5917	377.87	1.3542	53.573	0.072259	supercritical
343.33	20.000	657.85	0.0015201	320.15	350.55	1.4233	0.92329	2.6032	372.01	1.4178	52.325	0.071123	supercritical
345.00	20.000	646.90	0.0015458	323.98	354.90	1.4360	0.92298	2.6122	366.45	1.4822	51.113	0.070008	supercritical
346.67	20.000	635.95	0.0015724	327.81	359.26	1.4486	0.92250	2.6182	361.18	1.5472	49.937	0.068918	supercritical
348.33	20.000	625.04	0.0015999	331.62	363.62	1.4611	0.92189	2.6211	356.20	1.6126	48.800	0.067851	supercritical
350.00	20.000	614.18	0.0016282	335.43	367.99	1.4736	0.92115	2.6207	351.52	1.6780	47.703	0.066808	supercritical
351.67	20.000	603.40	0.0016573	339.21	372.36	1.4861	0.92032	2.6170	347.13	1.7430	46.646	0.065791	supercritical
353.33	20.000	592.72	0.0016871	342.97	376.71	1.4984	0.91942	2.6100	343.04	1.8074	45.630	0.064798	supercritical
355.00	20.000	582.18	0.0017177	346.70	381.05	1.5107	0.91847	2.5996	339.24	1.8707	44.657	0.063832	supercritical
356.67	20.000	571.79	0.0017489	350.40	385.38	1.5228	0.91749	2.5862	335.73	1.9327	43.726	0.062892	supercritical
358.33	20.000	561.57	0.0017807	354.06	389.67	1.5349	0.91650	2.5700	332.50	1.9932	42.838	0.061979	supercritical
360.00	20.000	551.54	0.0018131	357.68	393.94	1.5468	0.91549	2.5511	329.54	2.0518	41.992	0.061093	supercritical
361.67	20.000	541.72	0.0018460	361.26	398.18	1.5585	0.91447	2.5299	326.85	2.1085	41.188	0.060234	supercritical
363.33	20.000	532.13	0.0018793	364.79	402.37	1.5701	0.91343	2.5066	324.41	2.1629	40.426	0.059402	supercritical
365.00	20.000	522.76	0.0019129	368.27	406.53	1.5815	0.91238	2.4814	322.21	2.2150	39.703	0.058597	supercritical
366.67	20.000	513.64	0.0019469	371.71	410.64	1.5927	0.91131	2.4547	320.24	2.2646	39.020	0.057820	supercritical
368.33	20.000	504.76	0.0019811	375.09	414.71	1.6038	0.91022	2.4267	318.49	2.3117	38.374	0.057070	supercritical
370.00	20.000	496.14	0.0020156	378.42	418.73	1.6147	0.90910	2.3976	316.94	2.3560	37.765	0.056346	supercritical
371.67	20.000	487.76	0.0020502	381.70	422.70	1.6254	0.90795	2.3676	315.57	2.3977	37.192	0.055649	supercritical
373.33	20.000	479.65	0.0020849	384.93	426.62	1.6359	0.90679	2.3370	314.39	2.4367	36.651	0.054978	supercritical
375.00	20.000	471.78	0.0021196	388.10	430.49	1.6463	0.90560	2.3061	313.37	2.4729	36.143	0.054333	supercritical
376.67	20.000	464.17	0.0021544	391.22	434.31	1.6564	0.90439	2.2750	312.49	2.5064	35.665	0.053714	supercritical
378.33	20.000	456.80	0.0021891	394.29	438.08	1.6664	0.90318	2.2438	311.76	2.5372	35.215	0.053119	supercritical
380.00	20.000	449.68	0.0022238	397.31	441.79	1.6762	0.90195	2.2129	311.16	2.5655	34.793	0.052549	supercritical
381.67	20.000	442.79	0.0022584	400.28	445.45	1.6858	0.90073	2.1822	310.67	2.5913	34.397	0.052003	supercritical
383.33	20.000	436.13	0.0022929	403.21	449.06	1.6952	0.89950	2.1519	310.29	2.6146	34.025	0.051481	supercritical
385.00	20.000	429.69	0.0023273	406.08	452.63	1.7045	0.89829	2.1222	310.01	2.6356	33.676	0.050981	supercritical
386.67	20.000	423.46	0.0023615	408.91	456.14	1.7136	0.89708	2.0931	309.83	2.6544	33.349	0.050503	supercritical
388.33	20.000	417.44	0.0023955	411.69	459.60	1.7226	0.89589	2.0646	309.72	2.6710	33.041	0.050047	supercritical
390.00	20.000	411.63	0.0024294	414.43	463.02	1.7313	0.89472	2.0369	309.69	2.6856	32.753	0.049612	supercritical
391.67	20.000	406.00	0.0024630	417.13	466.39	1.7400	0.89357	2.0099	309.73	2.6982	32.483	0.049197	supercritical
393.33	20.000	400.56	0.0024965	419.79	469.72	1.7485	0.89245	1.9836	309.83	2.7090	32.229	0.048802	supercritical
395.00	20.000	395.30	0.0025297	422.41	473.01	1.7568	0.89136	1.9582	309.98	2.7180	31.991	0.048425	supercritical
396.67	20.000	390.20	0.0025628	424.99	476.25	1.7650	0.89030	1.9336	310.19	2.7254	31.768	0.048066	supercritical
398.33	20.000	385.27	0.0025956	427.54	479.45	1.7730	0.88927	1.9098	310.45	2.7313	31.558	0.047725	supercritical
400.00	20.000	380.50	0.0026281	430.05	482.61	1.7810	0.88827	1.8868	310.75	2.7356	31.361	0.047400	supercritical
401.67	20.000	375.87	0.0026605	432.53	485.74	1.7888	0.88731	1.8645	311.09	2.7386	31.177	0.047091	supercritical
403.33	20.000	371.39	0.0026926	434.98	488.83	1.7964	0.88638	1.8430	311.47	2.7403	31.004	0.046798	supercritical
405.00	20.000	367.05	0.0027245	437.40	491.88	1.8040	0.88549	1.8223	311.88	2.7408	30.842	0.046519	supercritical
406.67	20.000	362.83	0.0027561	439.78	494.90	1.8114	0.88464	1.8023	312.32	2.7402	30.690	0.046254	supercritical
408.33	20.000	358.74	0.0027875	442.14	497.89	1.8188	0.88382	1.7831	312.79	2.7384	30.548	0.046003	supercritical
410.00	20.000	354.77	0.0028187	444.47	500.85	1.8260	0.88304	1.7645	313.29	2.7357	30.414	0.045765	supercritical
411.67	20.000	350.91	0.0028497	446.78	503.77	1.8331	0.88230	1.7466	313.80	2.7321	30.289	0.045539	supercritical
413.33	20.000	347.17	0.0028804	449.06	506.67	1.8401	0.88159	1.7294	314.34	2.7275	30.172	0.045325	supercritical
415.00	20.000	343.53	0.0029110	451.32	509.54	1.8471	0.88092	1.7127	314.89	2.7222	30.062	0.045122	supercritical
416.67	20.000	339.99	0.0029413	453.56	512.38	1.8539	0.88028	1.6967	315.47	2.7161	29.960	0.044930	supercritical
418.33	20.000	336.55	0.0029714	455.77	515.20	1.8606	0.87968	1.6813	316.06	2.7093	29.864	0.044748	supercritical
420.00	20.000	333.19	0.0030012	457.96	517.99	1.8673	0.87912	1.6664	316.66	2.7018	29.774	0.044576	supercritical
421.67	20.000	329.93	0.0030309	460.13	520.75	1.8739	0.87859	1.6521	317.28	2.6937	29.690	0.044413	supercritical
423.33	20.000	326.76	0.0030604	462.28	523.49	1.8804	0.87809	1.6383	317.91	2.6851	29.612	0.044259	supercritical
425.00	20.000	323.66	0.0030897	464.42	526.21	1.8868	0.87763	1.6249	318.55	2.6759	29.540	0.044114	supercritical
426.67	20.000	320.64	0.0031187	466.53	528.91	1.8931	0.87720	1.6121	319.20	2.6662	29.472	0.043977	supercritical
428.33	20.000	317.70	0.0031476	468.63	531.59	1.8994	0.87680	1.5997	319.85	2.6561	29.409	0.043848	supercritical
430.00	20.000	314.83	0.0031763	470.72	534.24	1.9055	0.87643	1.5878	320.52	2.6456	29.351	0.043726	supercritical
431.67	20.000	312.03	0.0032048	472.78	536.88	1.9117	0.87609	1.5762	321.19	2.6346	29.297	0.043611	supercritical
433.33	20.000	309.30	0.0032331	474.83	539.50	1.9177	0.87578	1.5651	321.87	2.6233	29.247	0.043503	supercritical
435.00	20.000	306.63	0.0032612	476.87	542.10	1.9237	0.87551	1.5544	322.56	2.6117	29.201	0.043401	supercritical
436.67	20.000	304.03	0.0032892	478.89	544.68	1.9296	0.87525	1.5440	323.25	2.5998	29.159	0.043305	supercritical
438.33	20.000	301.48	0.0033170	480.90	547.24	1.9355	0.87503	1.5340	323.95	2.5876	29.120	0.043214	supercritical
440.00	20.000	298.99	0.0033446	482.90	549.79	1.9413	0.87484	1.5244	324.64	2.5752	29.085	0.043129	supercritical
441.67	20.000	296.55	0.0033721	484.88	552.32	1.9470	0.87467	1.5150	325.35	2.5625	29.052	0.043048	supercritical
443.33	20.000	294.17	0.0033994	486.85	554.84	1.9527	0.87452	1.5060	326.05	2.5496	29.023	0.042972	supercritical
445.00	20.000	291.84	0.0034265	488.81	557.34	1.9584	0.87440	1.4973	326.76	2.5365	28.997	0.042899	supercritical
446.67	20.000	289.56	0.0034535	490.76	559.83	1.9639	0.87431	1.4889	327.48	2.5232	28.973	0.042830	supercritical
448.33	20.000	287.33	0.0034803	492.70	562.31	1.9695	0.87423	1.4807	328.19	2.5098	28.952	0.042763	supercritical
450.00	20.000	285.14	0.0035070	494.63	564.77	1.9750	0.87419	1.4729	328.91	2.4962	28.934	0.042696	supercritical
451.67	20.000	283.00	0.0035335	496.55	567.22	1.9804	0.87416	1.4652	329.62	2.4825	28.918	0.042629	supercritical
453.33	20.000	280.91	0.0035599	498.45	569.65	1.9858	0.87415	1.4579	330.34	2.4687	28.905	0.042558	supercritical
455.00	20.000	278.85	0.0035862	500.35	572.08	1.9911	0.87417	1.4507	331.06	2.4548	28.893	0.042470	supercritical
456.67	20.000	276.83	0.0036123	502.24	574.49	1.9964	0.87421	1.4438	331.78	2.4408	28.884	0.042322	supercritical
458.33	20.000	274.86	0.0036383	504.12	576.89	2.0016	0.87426	1.4372	332.50	2.4267	28.877	0.042326	supercritical
460.00	20.000	272.92	0.0036641	506.00	579.28	2.0069	0.87434	1.4307	333.22	2.4126	28.871	0.042333	supercritical
461.67	20.000	271.02	0.0036898	507.86	581.66	2.0120	0.87443	1.4244	333.94	2.3984	28.868	0.042343	supercritical
463.33	20.000	269.15	0.0037154	509.72	584.03	2.0171	0.87455	1.4184	334.66	2.3841	28.866	0.042355	supercritical
465.00	20.000	267.32	0.0037409	511.57	586.39	2.0222	0.87468	1.4125	335.38	2.3699	28.866	0.042370	supercritical
466.67	20.000	265.52	0.0037662	513.41	588.74	2.0273	0.87482	1.4068	336.10	2.3555	28.867	0.042388	supercritical
468.33	20.000	263.75	0.0037914	515.25	591.08	2.0323	0.87499	1.4013	336.82	2.3412	28.871	0.042408	supercritical
470.00	20.000	262.02	0.0038166	517.08	593.41	2.0372	0.87517	1.3959	337.54	2.3269	28.875	0.042430	supercritical
471.67	20.000	260.31	0.0038416	518.90	595.73	2.0422	0.87537	1.3907	338.26	2.3125	28.881	0.042455	supercritical
473.33	20.000	258.64	0.0038664	520.71	598.04	2.0471	0.87558	1.3857	338.98	2.2982	28.889	0.042482	supercritical
475.00	20.000	256.99	0.0038912	522.52	600.35	2.0519	0.87581	1.3808	339.70	2.2838	28.898	0.042511	supercritical
476.67	20.000	255.37	0.0039159	524.33	602.65	2.0568	0.87605	1.3761	340.41	2.2695	28.908	0.042542	supercritical
478.33	20.000	253.78	0.0039404	526.13	604.94	2.0616	0.87630	1.3715	341.13	2.2551	28.919	0.042576	supercritical
480.00	20.000	252.21	0.0039649	527.92	607.22	2.0663	0.87657	1.3671	341.84	2.2408	28.932	0.042611	supercritical
481.67	20.000	250.67	0.0039892	529.71	609.49	2.0710	0.87686	1.3627	342.55	2.2266	28.946	0.042648	supercritical
483.33	20.000	249.16	0.0040135	531.49	611.76	2.0757	0.87715	1.3586	343.26	2.2123	28.961	0.042687	supercritical
485.00	20.000	247.67	0.0040376	533.27	614.02	2.0804	0.87746	1.3545	343.97	2.1981	28.976	0.042728	supercritical
486.67	20.000	246.20	0.0040617	535.04	616.28	2.0851	0.87778	1.3505	344.68	2.1839	28.993	0.042770	supercritical
488.33	20.000	244.76	0.0040857	536.81	618.52	2.0897	0.87811	1.3467	345.39	2.1698	29.011	0.042815	supercritical
490.00	20.000	243.34	0.0041095	538.57	620.76	2.0942	0.87845	1.3430	346.09	2.1557	29.030	0.042861	supercritical
491.67	20.000	241.94	0.0041333	540.33	623.00	2.0988	0.87881	1.3394	346.79	2.1417	29.050	0.042908	supercritical
493.33	20.000	240.56	0.0041570	542.09	625.23	2.1033	0.87917	1.3359	347.50	2.1277	29.071	0.042957	supercritical
495.00	20.000	239.20	0.0041806	543.84	627.45	2.1078	0.87955	1.3325	348.20	2.1137	29.092	0.043008	supercritical
496.67	20.000	237.86	0.0042041	545.59	629.67	2.1123	0.87994	1.3291	348.89	2.0999	29.114	0.043060	supercritical
498.33	20.000	236.54	0.0042276	547.33	631.88	2.1167	0.88033	1.3259	349.59	2.0860	29.138	0.043113	supercritical
500.00	20.000	235.24	0.0042509	549.07	634.09	2.1212	0.88074	1.3228	350.29	2.0723	29.161	0.043168	supercritical
501.67	20.000	233.96	0.0042742	550.81	636.29	2.1256	0.88115	1.3198	350.98	2.0586	29.186	0.043224	supercritical
503.33	20.000	232.70	0.0042974	552.54	638.49	2.1299	0.88158	1.3168	351.67	2.0449	29.211	0.043281	supercritical
505.00	20.000	231.46	0.0043205	554.27	640.68	2.1343	0.88201	1.3139	352.36	2.0314	29.238	0.043340	supercritical
506.67	20.000	230.23	0.0043435	556.00	642.87	2.1386	0.88245	1.3112	353.05	2.0179	29.264	0.043400	supercritical
508.33	20.000	229.02	0.0043665	557.72	645.05	2.1429	0.88290	1.3085	353.74	2.0044	29.292	0.043461	supercritical
510.00	20.000	227.83	0.0043893	559.44	647.23	2.1472	0.88335	1.3058	354.42	1.9911	29.320	0.043524	supercritical
511.67	20.000	226.65	0.0044121	561.16	649.41	2.1515	0.88382	1.3033	355.10	1.9778	29.348	0.043587	supercritical
513.33	20.000	225.49	0.0044349	562.88	651.58	2.1557	0.88429	1.3008	355.78	1.9646	29.378	0.043652	supercritical
515.00	20.000	224.34	0.0044575	564.59	653.74	2.1599	0.88477	1.2984	356.46	1.9514	29.407	0.043717	supercritical
516.67	20.000	223.21	0.0044801	566.30	655.90	2.1641	0.88526	1.2960	357.14	1.9383	29.438	0.043784	supercritical
518.33	20.000	222.09	0.0045026	568.01	658.06	2.1683	0.88575	1.2937	357.81	1.9253	29.469	0.043852	supercritical
520.00	20.000	220.99	0.0045251	569.71	660.22	2.1724	0.88625	1.2915	358.49	1.9124	29.500	0.043921	supercritical
521.67	20.000	219.90	0.0045475	571.42	662.37	2.1765	0.88676	1.2893	359.16	1.8996	29.532	0.043990	supercritical
523.33	20.000	218.83	0.0045698	573.12	664.51	2.1806	0.88727	1.2872	359.83	1.8868	29.564	0.044061	supercritical
525.00	20.000	217.77	0.0045921	574.82	666.66	2.1847	0.88779	1.2852	360.49	1.8741	29.597	0.044133	supercritical
526.67	20.000	216.72	0.0046142	576.51	668.80	2.1888	0.88832	1.2832	361.16	1.8615	29.630	0.044205	supercritical
528.33	20.000	215.69	0.0046364	578.21	670.93	2.1929	0.88885	1.2813	361.82	1.8489	29.664	0.044279	supercritical
530.00	20.000	214.66	0.0046584	579.90	673.07	2.1969	0.88938	1.2794	362.48	1.8365	29.698	0.044353	supercritical
531.67	20.000	213.65	0.0046805	581.59	675.20	2.2009	0.88992	1.2776	363.14	1.8241	29.733	0.044428	supercritical
533.33	20.000	212.66	0.0047024	583.28	677.33	2.2049	0.89047	1.2758	363.80	1.8118	29.768	0.044504	supercritical
535.00	20.000	211.67	0.0047243	584.97	679.45	2.2089	0.89102	1.2741	364.46	1.7996	29.803	0.044581	supercritical
536.67	20.000	210.70	0.0047461	586.65	681.57	2.2128	0.89158	1.2724	365.11	1.7874	29.839	0.044658	supercritical
538.33	20.000	209.74	0.0047679	588.34	683.69	2.2168	0.89214	1.2708	365.77	1.7754	29.875	0.044737	supercritical
540.00	20.000	208.79	0.0047896	590.02	685.81	2.2207	0.89270	1.2692	366.42	1.7634	29.912	0.044816	supercritical
541.67	20.000	207.84	0.0048113	591.70	687.92	2.2246	0.89327	1.2677	367.06	1.7515	29.948	0.044896	supercritical
543.33	20.000	206.92	0.0048329	593.38	690.04	2.2285	0.89385	1.2662	367.71	1.7397	29.985	0.044976	supercritical
545.00	20.000	206.00	0.0048544	595.06	692.14	2.2324	0.89443	1.2647	368.36	1.7279	30.023	0.045057	supercritical
546.67	20.000	205.09	0.0048759	596.73	694.25	2.2362	0.89501	1.2633	369.00	1.7162	30.061	0.045139	supercritical
548.33	20.000	204.19	0.0048974	598.41	696.36	2.2401	0.89559	1.2619	369.64	1.7047	30.099	0.045222	supercritical
550.00	20.000	203.30	0.0049188	600.08	698.46	2.2439	0.89618	1.2606	370.28	1.6931	30.137	0.045305	supercritical
551.67	20.000	202.42	0.0049401	601.75	700.56	2.2477	0.89678	1.2593	370.92	1.6817	30.176	0.045389	supercritical
553.33	20.000	201.55	0.0049614	603.43	702.66	2.2515	0.89737	1.2580	371.55	1.6704	30.215	0.045473	supercritical
555.00	20.000	200.69	0.0049827	605.10	704.75	2.2553	0.89797	1.2568	372.19	1.6591	30.254	0.045558	supercritical
556.67	20.000	199.84	0.0050039	606.77	706.84	2.2591	0.89858	1.2556	372.82	1.6479	30.294	0.045644	supercritical
558.33	20.000	199.00	0.0050250	608.44	708.94	2.2628	0.89918	1.2544	373.45	1.6368	30.333	0.045730	supercritical
560.00	20.000	198.17	0.0050461	610.10	711.03	2.2666	0.89979	1.2533	374.08	1.6257	30.373	0.045817	supercritical
561.67	20.000	197.35	0.0050672	611.77	713.11	2.2703	0.90041	1.2522	374.70	1.6148	30.414	0.045904	supercritical
563.33	20.000	196.53	0.0050882	613.44	715.20	2.2740	0.90102	1.2512	375.33	1.6039	30.454	0.045992	supercritical
565.00	20.000	195.73	0.0051092	615.10	717.28	2.2777	0.90164	1.2501	375.95	1.5931	30.495	0.046081	supercritical
566.67	20.000	194.93	0.0051301	616.77	719.37	2.2814	0.90226	1.2491	376.57	1.5823	30.536	0.046170	supercritical
568.33	20.000	194.14	0.0051510	618.43	721.45	2.2850	0.90288	1.2482	377.19	1.5717	30.577	0.046259	supercritical
570.00	20.000	193.36	0.0051718	620.09	723.53	2.2887	0.90351	1.2472	377.81	1.5611	30.618	0.046349	supercritical
571.67	20.000	192.58	0.0051926	621.75	725.61	2.2923	0.90414	1.2463	378.43	1.5506	30.660	0.046440	supercritical
573.33	20.000	191.81	0.0052134	623.41	727.68	2.2960	0.90477	1.2454	379.04	1.5401	30.701	0.046531	supercritical
575.00	20.000	191.06	0.0052341	625.08	729.76	2.2996	0.90540	1.2446	379.65	1.5298	30.743	0.046622	supercritical
576.67	20.000	190.30	0.0052548	626.74	731.83	2.3032	0.90603	1.2437	380.26	1.5195	30.785	0.046714	supercritical
578.33	20.000	189.56	0.0052754	628.40	733.90	2.3068	0.90667	1.2429	380.87	1.5093	30.828	0.046806	supercritical
580.00	20.000	188.82	0.0052960	630.05	735.97	2.3103	0.90731	1.2421	381.48	1.4991	30.870	0.046899	supercritical
581.67	20.000	188.09	0.0053165	631.71	738.04	2.3139	0.90795	1.2414	382.09	1.4891	30.913	0.046992	supercritical
583.33	20.000	187.37	0.0053370	633.37	740.11	2.3174	0.90859	1.2406	382.69	1.4791	30.956	0.047086	supercritical
585.00	20.000	186.65	0.0053575	635.03	742.18	2.3210	0.90923	1.2399	383.29	1.4691	30.999	0.047180	supercritical
586.67	20.000	185.94	0.0053779	636.69	744.24	2.3245	0.90987	1.2392	383.90	1.4593	31.042	0.047274	supercritical
588.33	20.000	185.24	0.0053983	638.34	746.31	2.3280	0.91052	1.2385	384.49	1.4495	31.085	0.047369	supercritical
590.00	20.000	184.55	0.0054187	640.00	748.37	2.3315	0.91117	1.2379	385.09	1.4398	31.129	0.047464	supercritical
591.67	20.000	183.86	0.0054390	641.66	750.44	2.3350	0.91182	1.2373	385.69	1.4301	31.172	0.047560	supercritical
593.33	20.000	183.17	0.0054593	643.31	752.50	2.3385	0.91247	1.2367	386.28	1.4206	31.216	0.047656	supercritical
595.00	20.000	182.50	0.0054796	644.97	754.56	2.3420	0.91312	1.2361	386.88	1.4110	31.260	0.047752	supercritical
596.67	20.000	181.83	0.0054998	646.62	756.62	2.3454	0.91377	1.2355	387.47	1.4016	31.304	0.047849	supercritical
598.33	20.000	181.16	0.0055200	648.28	758.68	2.3489	0.91442	1.2350	388.06	1.3922	31.348	0.047946	supercritical
600.00	20.000	180.50	0.0055401	649.93	760.73	2.3523	0.91508	1.2344	388.65	1.3829	31.392	0.048043	supercritical
601.67	20.000	179.85	0.0055602	651.59	762.79	2.3557	0.91573	1.2339	389.23	1.3737	31.436	0.048141	supercritical
603.33	20.000	179.20	0.0055803	653.24	764.85	2.3591	0.91639	1.2334	389.82	1.3645	31.481	0.048239	supercritical
605.00	20.000	178.56	0.0056004	654.90	766.90	2.3625	0.91705	1.2329	390.40	1.3554	31.525	0.048338	supercritical
606.67	20.000	177.92	0.0056204	656.55	768.96	2.3659	0.91771	1.2325	390.98	1.3464	31.570	0.048436	supercritical
608.33	20.000	177.29	0.0056403	658.20	771.01	2.3693	0.91837	1.2320	391.57	1.3374	31.615	0.048535	supercritical
610.00	20.000	176.67	0.0056603	659.86	773.06	2.3727	0.91903	1.2316	392.14	1.3285	31.660	0.048634	supercritical
611.67	20.000	176.05	0.0056802	661.51	775.12	2.3760	0.91969	1.2312	392.72	1.3196	31.705	0.048734	supercritical
613.33	20.000	175.44	0.0057001	663.17	777.17	2.3794	0.92035	1.2308	393.30	1.3108	31.750	0.048834	supercritical
615.00	20.000	174.83	0.0057200	664.82	779.22	2.3827	0.92101	1.2304	393.87	1.3021	31.795	0.048934	supercritical
616.67	20.000	174.22	0.0057398	666.47	781.27	2.3861	0.92167	1.2301	394.45	1.2934	31.840	0.049035	supercritical
618.33	20.000	173.62	0.0057596	668.13	783.32	2.3894	0.92233	1.2297	395.02	1.2848	31.886	0.049135	supercritical
620.00	20.000	173.03	0.0057794	669.78	785.37	2.3927	0.92300	1.2294	395.59	1.2763	31.931	0.049236	supercritical
621.67	20.000	172.44	0.0057991	671.43	787.42	2.3960	0.92366	1.2290	396.16	1.2678	31.977	0.049337	supercritical
623.33	20.000	171.86	0.0058188	673.09	789.47	2.3993	0.92432	1.2287	396.73	1.2594	32.023	0.049439	supercritical
625.00	20.000	171.28	0.0058385	674.74	791.51	2.4026	0.92499	1.2284	397.29	1.2510	32.068	0.049541	supercritical
626.67	20.000	170.70	0.0058581	676.40	793.56	2.4058	0.92565	1.2282	397.86	1.2427	32.114	0.049643	supercritical
628.33	20.000	170.13	0.0058778	678.05	795.61	2.4091	0.92632	1.2279	398.42	1.2345	32.160	0.049745	supercritical
630.00	20.000	169.57	0.0058974	679.71	797.65	2.4124	0.92698	1.2276	398.98	1.2263	32.206	0.049847	supercritical
631.67	20.000	169.01	0.0059169	681.36	799.70	2.4156	0.92765	1.2274	399.54	1.2182	32.252	0.049950	supercritical
633.33	20.000	168.45	0.0059365	683.01	801.74	2.4188	0.92831	1.2271	400.10	1.2101	32.298	0.050053	supercritical
635.00	20.000	167.90	0.0059560	684.67	803.79	2.4221	0.92898	1.2269	400.66	1.2021	32.344	0.050156	supercritical
636.67	20.000	167.35	0.0059755	686.32	805.83	2.4253	0.92964	1.2267	401.22	1.1942	32.390	0.050260	supercritical
638.33	20.000	166.81	0.0059950	687.98	807.88	2.4285	0.93031	1.2265	401.77	1.1863	32.437	0.050363	supercritical
640.00	20.000	166.27	0.0060144	689.63	809.92	2.4317	0.93097	1.2263	402.33	1.1784	32.483	0.050467	supercritical
641.67	20.000	165.73	0.0060338	691.29	811.97	2.4349	0.93164	1.2261	402.88	1.1706	32.529	0.050571	supercritical
643.33	20.000	165.20	0.0060532	692.95	814.01	2.4380	0.93230	1.2260	403.43	1.1629	32.576	0.050675	supercritical
645.00	20.000	164.68	0.0060726	694.60	816.05	2.4412	0.93297	1.2258	403.98	1.1552	32.622	0.050780	supercritical
646.67	20.000	164.15	0.0060919	696.26	818.10	2.4444	0.93363	1.2257	404.53	1.1476	32.669	0.050884	supercritical
648.33	20.000	163.63	0.0061112	697.91	820.14	2.4475	0.93429	1.2255	405.08	1.1400	32.716	0.050989	supercritical
650.00	20.000	163.12	0.0061305	699.57	822.18	2.4507	0.93496	1.2254	405.62	1.1325	32.762	0.051094	supercritical
651.67	20.000	162.61	0.0061498	701.23	824.22	2.4538	0.93562	1.2253	406.17	1.1250	32.809	0.051199	supercritical
653.33	20.000	162.10	0.0061690	702.88	826.26	2.4569	0.93629	1.2252	406.71	1.1176	32.856	0.051304	supercritical
655.00	20.000	161.60	0.0061882	704.54	828.31	2.4601	0.93695	1.2251	407.25	1.1102	32.903	0.051410	supercritical
656.67	20.000	161.10	0.0062074	706.20	830.35	2.4632	0.93761	1.2250	407.80	1.1029	32.950	0.051516	supercritical
658.33	20.000	160.60	0.0062266	707.86	832.39	2.4663	0.93827	1.2249	408.34	1.0956	32.996	0.051621	supercritical
660.00	20.000	160.11	0.0062457	709.52	834.43	2.4694	0.93894	1.2248	408.87	1.0884	33.043	0.051728	supercritical
661.67	20.000	159.62	0.0062649	711.18	836.47	2.4725	0.93960	1.2248	409.41	1.0813	33.090	0.051834	supercritical
663.33	20.000	159.13	0.0062840	712.83	838.51	2.4756	0.94026	1.2247	409.95	1.0741	33.137	0.051940	supercritical
665.00	20.000	158.65	0.0063031	714.49	840.56	2.4786	0.94092	1.2247	410.48	1.0671	33.184	0.052046	supercritical
666.67	20.000	158.17	0.0063221	716.15	842.60	2.4817	0.94158	1.2246	411.02	1.0601	33.232	0.052153	supercritical
668.33	20.000	157.70	0.0063412	717.81	844.64	2.4847	0.94224	1.2246	411.55	1.0531	33.279	0.052260	supercritical
670.00	20.000	157.23	0.0063602	719.47	846.68	2.4878	0.94290	1.2246	412.08	1.0462	33.326	0.052367	supercritical
671.67	20.000	156.76	0.0063792	721.14	848.72	2.4908	0.94356	1.2246	412.61	1.0393	33.373	0.052474	supercritical
673.33	20.000	156.30	0.0063982	722.80	850.76	2.4939	0.94422	1.2246	413.14	1.0325	33.420	0.052581	supercritical
675.00	20.000	155.83	0.0064171	724.46	852.80	2.4969	0.94487	1.2246	413.67	1.0257	33.468	0.052688	supercritical
676.67	20.000	155.37	0.0064360	726.12	854.84	2.4999	0.94553	1.2246	414.20	1.0189	33.515	0.052796	supercritical
678.33	20.000	154.92	0.0064550	727.78	856.88	2.5029	0.94619	1.2246	414.72	1.0122	33.562	0.052904	supercritical
680.00	20.000	154.47	0.0064739	729.45	858.92	2.5059	0.94684	1.2246	415.25	1.0056	33.609	0.053011	supercritical
681.67	20.000	154.02	0.0064927	731.11	860.97	2.5089	0.94750	1.2246	415.77	0.99899	33.657	0.053119	supercritical
683.33	20.000	153.57	0.0065116	732.77	863.01	2.5119	0.94815	1.2246	416.29	0.99243	33.704	0.053227	supercritical
685.00	20.000	153.13	0.0065304	734.44	865.05	2.5149	0.94880	1.2247	416.82	0.98591	33.752	0.053335	supercritical
686.67	20.000	152.69	0.0065492	736.10	867.09	2.5179	0.94946	1.2247	417.34	0.97944	33.799	0.053443	supercritical
688.33	20.000	152.25	0.0065680	737.77	869.13	2.5209	0.95011	1.2248	417.85	0.97301	33.846	0.053552	supercritical
690.00	20.000	151.82	0.0065868	739.43	871.17	2.5238	0.95076	1.2248	418.37	0.96663	33.894	0.053660	supercritical
691.67	20.000	151.39	0.0066056	741.10	873.21	2.5268	0.95141	1.2249	418.89	0.96029	33.941	0.053769	supercritical
693.33	20.000	150.96	0.0066243	742.77	875.25	2.5297	0.95206	1.2249	419.41	0.95398	33.989	0.053877	supercritical
695.00	20.000	150.53	0.0066430	744.43	877.30	2.5327	0.95271	1.2250	419.92	0.94772	34.036	0.053986	supercritical
696.67	20.000	150.11	0.0066618	746.10	879.34	2.5356	0.95336	1.2251	420.43	0.94151	34.084	0.054095	supercritical
698.33	20.000	149.69	0.0066804	747.77	881.38	2.5385	0.95400	1.2252	420.95	0.93533	34.132	0.054204	supercritical
700.00	20.000	149.27	0.0066991	749.44	883.42	2.5414	0.95465	1.2253	421.46	0.92919	34.179	0.054313	supercritical
701.67	20.000	148.86	0.0067178	751.11	885.46	2.5444	0.95530	1.2254	421.97	0.92310	34.227	0.054422	supercritical
703.33	20.000	148.45	0.0067364	752.78	887.51	2.5473	0.95594	1.2255	422.48	0.91704	34.274	0.054531	supercritical
705.00	20.000	148.04	0.0067550	754.45	889.55	2.5502	0.95658	1.2256	422.99	0.91102	34.322	0.054641	supercritical
706.67	20.000	147.63	0.0067736	756.12	891.59	2.5531	0.95723	1.2257	423.50	0.90505	34.370	0.054750	supercritical
708.33	20.000	147.23	0.0067922	757.79	893.63	2.5560	0.95787	1.2258	424.00	0.89911	34.417	0.054860	supercritical
710.00	20.000	146.83	0.0068108	759.46	895.68	2.5588	0.95851	1.2259	424.51	0.89321	34.465	0.054969	supercritical
711.67	20.000	146.43	0.0068293	761.13	897.72	2.5617	0.95915	1.2260	425.01	0.88735	34.512	0.055079	supercritical
713.33	20.000	146.03	0.0068478	762.81	899.76	2.5646	0.95979	1.2261	425.52	0.88152	34.560	0.055189	supercritical
715.00	20.000	145.64	0.0068664	764.48	901.81	2.5674	0.96043	1.2263	426.02	0.87574	34.608	0.055299	supercritical
716.67	20.000	145.25	0.0068849	766.15	903.85	2.5703	0.96106	1.2264	426.52	0.86999	34.655	0.055409	supercritical
718.33	20.000	144.86	0.0069034	767.83	905.90	2.5731	0.96170	1.2266	427.02	0.86427	34.703	0.055519	supercritical
720.00	20.000	144.47	0.0069218	769.50	907.94	2.5760	0.96233	1.2267	427.52	0.85860	34.751	0.055629	supercritical
721.67	20.000	144.09	0.0069403	771.18	909.98	2.5788	0.96297	1.2268	428.02	0.85296	34.798	0.055739	supercritical
723.33	20.000	143.70	0.0069587	772.86	912.03	2.5816	0.96360	1.2270	428.52	0.84736	34.846	0.055849	supercritical
725.00	20.000	143.33	0.0069771	774.53	914.07	2.5845	0.96423	1.2271	429.01	0.84179	34.894	0.055959	supercritical
726.67	20.000	142.95	0.0069955	776.21	916.12	2.5873	0.96486	1.2273	429.51	0.83626	34.942	0.056070	supercritical
728.33	20.000	142.57	0.0070139	777.89	918.17	2.5901	0.96549	1.2275	430.00	0.83076	34.989	0.056180	supercritical
730.00	20.000	142.20	0.0070323	779.57	920.21	2.5929	0.96612	1.2276	430.50	0.82530	35.037	0.056291	supercritical
731.67	20.000	141.83	0.0070507	781.24	922.26	2.5957	0.96675	1.2278	430.99	0.81987	35.085	0.056401	supercritical
733.33	20.000	141.46	0.0070690	782.92	924.30	2.5985	0.96738	1.2280	431.48	0.81448	35.132	0.056512	supercritical
735.00	20.000	141.10	0.0070873	784.60	926.35	2.6013	0.96800	1.2282	431.97	0.80912	35.180	0.056622	supercritical
736.67	20.000	140.73	0.0071057	786.28	928.40	2.6041	0.96863	1.2283	432.46	0.80379	35.228	0.056733	supercritical
738.33	20.000	140.37	0.0071240	787.97	930.45	2.6068	0.96925	1.2285	432.95	0.79850	35.275	0.056844	supercritical
740.00	20.000	140.01	0.0071423	789.65	932.49	2.6096	0.96987	1.2287	433.44	0.79324	35.323	0.056955	supercritical
741.67	20.000	139.65	0.0071605	791.33	934.54	2.6124	0.97049	1.2289	433.93	0.78802	35.371	0.057065	supercritical
743.33	20.000	139.30	0.0071788	793.01	936.59	2.6151	0.97111	1.2291	434.42	0.78282	35.419	0.057176	supercritical
745.00	20.000	138.95	0.0071970	794.70	938.64	2.6179	0.97173	1.2293	434.90	0.77766	35.466	0.057287	supercritical
746.67	20.000	138.60	0.0072153	796.38	940.69	2.6206	0.97235	1.2295	435.39	0.77253	35.514	0.057398	supercritical
748.33	20.000	138.25	0.0072335	798.07	942.74	2.6234	0.97297	1.2297	435.87	0.76743	35.562	0.057509	supercritical
750.00	20.000	137.90	0.0072517	799.75	944.79	2.6261	0.97358	1.2299	436.35	0.76237	35.609	0.057621	supercritical
751.67	20.000	137.55	0.0072699	801.44	946.84	2.6288	0.97420	1.2301	436.84	0.75733	35.657	0.057732	supercritical
753.33	20.000	137.21	0.0072881	803.12	948.89	2.6316	0.97481	1.2303	437.32	0.75233	35.705	0.057843	supercritical
755.00	20.000	136.87	0.0073062	804.81	950.94	2.6343	0.97542	1.2305	437.80	0.74735	35.752	0.057954	supercritical
756.67	20.000	136.53	0.0073244	806.50	952.99	2.6370	0.97603	1.2307	438.28	0.74241	35.800	0.058065	supercritical
758.33	20.000	136.19	0.0073425	808.19	955.04	2.6397	0.97664	1.2309	438.76	0.73750	35.848	0.058177	supercritical
760.00	20.000	135.86	0.0073606	809.88	957.09	2.6424	0.97725	1.2312	439.24	0.73261	35.895	0.058288	supercritical
761.67	20.000	135.52	0.0073788	811.57	959.14	2.6451	0.97786	1.2314	439.71	0.72776	35.943	0.058399	supercritical
763.33	20.000	135.19	0.0073969	813.26	961.20	2.6478	0.97846	1.2316	440.19	0.72294	35.991	0.058511	supercritical
765.00	20.000	134.86	0.0074149	814.95	963.25	2.6505	0.97907	1.2318	440.66	0.71814	36.038	0.058622	supercritical
766.67	20.000	134.53	0.0074330	816.64	965.30	2.6532	0.97967	1.2321	441.14	0.71338	36.086	0.058734	supercritical
768.33	20.000	134.21	0.0074511	818.33	967.36	2.6559	0.98028	1.2323	441.61	0.70864	36.133	0.058845	supercritical
770.00	20.000	133.88	0.0074691	820.03	969.41	2.6585	0.98088	1.2325	442.09	0.70393	36.181	0.058957	supercritical
771.67	20.000	133.56	0.0074872	821.72	971.46	2.6612	0.98148	1.2328	442.56	0.69925	36.229	0.059068	supercritical
773.33	20.000	133.24	0.0075052	823.41	973.52	2.6638	0.98207	1.2330	443.03	0.69460	36.276	0.059180	supercritical
775.00	20.000	132.92	0.0075232	825.11	975.57	2.6665	0.98267	1.2332	443.50	0.68997	36.324	0.059291	supercritical
776.67	20.000	132.60	0.0075412	826.80	977.63	2.6691	0.98327	1.2335	443.97	0.68537	36.371	0.059403	supercritical
778.33	20.000	132.29	0.0075592	828.50	979.69	2.6718	0.98386	1.2337	444.44	0.68080	36.419	0.059515	supercritical
780.00	20.000	131.98	0.0075772	830.20	981.74	2.6744	0.98446	1.2340	444.91	0.67626	36.467	0.059626	supercritical
781.67	20.000	131.66	0.0075952	831.90	983.80	2.6771	0.98505	1.2342	445.37	0.67175	36.514	0.059738	supercritical
783.33	20.000	131.35	0.0076131	833.59	985.86	2.6797	0.98564	1.2345	445.84	0.66726	36.562	0.059850	supercritical
785.00	20.000	131.04	0.0076311	835.29	987.91	2.6823	0.98623	1.2347	446.31	0.66279	36.609	0.059962	supercritical
786.67	20.000	130.74	0.0076490	836.99	989.97	2.6849	0.98682	1.2350	446.77	0.65836	36.657	0.060073	supercritical
788.33	20.000	130.43	0.0076669	838.69	992.03	2.6876	0.98741	1.2352	447.24	0.65395	36.704	0.060185	supercritical
790.00	20.000	130.13	0.0076848	840.39	994.09	2.6902	0.98799	1.2355	447.70	0.64956	36.752	0.060297	supercritical
791.67	20.000	129.82	0.0077027	842.09	996.15	2.6928	0.98858	1.2357	448.16	0.64520	36.799	0.060409	supercritical
793.33	20.000	129.52	0.0077206	843.80	998.21	2.6954	0.98916	1.2360	448.63	0.64087	36.847	0.060521	supercritical
795.00	20.000	129.22	0.0077385	845.50	1000.3	2.6980	0.98975	1.2363	449.09	0.63656	36.894	0.060632	supercritical
796.67	20.000	128.93	0.0077564	847.20	1002.3	2.7005	0.99033	1.2365	449.55	0.63228	36.941	0.060744	supercritical
798.33	20.000	128.63	0.0077742	848.91	1004.4	2.7031	0.99091	1.2368	450.01	0.62802	36.989	0.060856	supercritical
800.00	20.000	128.34	0.0077921	850.61	1006.5	2.7057	0.99148	1.2370	450.47	0.62378	37.036	0.060968	supercritical
801.67	20.000	128.04	0.0078099	852.32	1008.5	2.7083	0.99206	1.2373	450.93	0.61957	37.084	0.061080	supercritical
803.33	20.000	127.75	0.0078277	854.02	1010.6	2.7109	0.99264	1.2376	451.38	0.61539	37.131	0.061192	supercritical
805.00	20.000	127.46	0.0078455	855.73	1012.6	2.7134	0.99321	1.2378	451.84	0.61122	37.178	0.061304	supercritical
806.67	20.000	127.17	0.0078633	857.44	1014.7	2.7160	0.99379	1.2381	452.30	0.60709	37.226	0.061415	supercritical
808.33	20.000	126.89	0.0078811	859.14	1016.8	2.7185	0.99436	1.2384	452.75	0.60297	37.273	0.061527	supercritical
810.00	20.000	126.60	0.0078989	860.85	1018.8	2.7211	0.99493	1.2387	453.21	0.59888	37.320	0.061639	supercritical
811.67	20.000	126.32	0.0079167	862.56	1020.9	2.7236	0.99550	1.2389	453.66	0.59481	37.368	0.061751	supercritical
813.33	20.000	126.03	0.0079345	864.27	1023.0	2.7262	0.99607	1.2392	454.11	0.59077	37.415	0.061863	supercritical
815.00	20.000	125.75	0.0079522	865.98	1025.0	2.7287	0.99663	1.2395	454.57	0.58675	37.462	0.061975	supercritical
816.67	20.000	125.47	0.0079700	867.69	1027.1	2.7312	0.99720	1.2398	455.02	0.58275	37.510	0.062087	supercritical
818.33	20.000	125.19	0.0079877	869.40	1029.2	2.7338	0.99777	1.2400	455.47	0.57877	37.557	0.062199	supercritical
820.00	20.000	124.92	0.0080054	871.12	1031.2	2.7363	0.99833	1.2403	455.92	0.57482	37.604	0.062311	supercritical
821.67	20.000	124.64	0.0080231	872.83	1033.3	2.7388	0.99889	1.2406	456.37	0.57089	37.651	0.062423	supercritical
823.33	20.000	124.37	0.0080408	874.54	1035.4	2.7413	0.99945	1.2409	456.82	0.56698	37.698	0.062535	supercritical
825.00	20.000	124.09	0.0080585	876.26	1037.4	2.7438	1.0000	1.2412	457.27	0.56309	37.746	0.062647	supercritical
826.67	20.000	123.82	0.0080762	877.97	1039.5	2.7463	1.0006	1.2415	457.72	0.55922	37.793	0.062759	supercritical
828.33	20.000	123.55	0.0080939	879.69	1041.6	2.7488	1.0011	1.2417	458.16	0.55538	37.840	0.062870	supercritical
830.00	20.000	123.28	0.0081116	881.41	1043.6	2.7513	1.0017	1.2420	458.61	0.55155	37.887	0.062982	supercritical
831.67	20.000	123.01	0.0081292	883.12	1045.7	2.7538	1.0022	1.2423	459.06	0.54775	37.934	0.063094	supercritical
833.33	20.000	122.75	0.0081469	884.84	1047.8	2.7563	1.0028	1.2426	459.50	0.54397	37.981	0.063206	supercritical
835.00	20.000	122.48	0.0081645	886.56	1049.8	2.7588	1.0033	1.2429	459.95	0.54021	38.028	0.063318	supercritical
836.67	20.000	122.22	0.0081822	888.28	1051.9	2.7613	1.0039	1.2432	460.39	0.53647	38.075	0.063430	supercritical
838.33	20.000	121.95	0.0081998	890.00	1054.0	2.7638	1.0044	1.2435	460.83	0.53275	38.122	0.063542	supercritical
840.00	20.000	121.69	0.0082174	891.72	1056.1	2.7662	1.0050	1.2438	461.28	0.52905	38.169	0.063654	supercritical
841.67	20.000	121.43	0.0082350	893.44	1058.1	2.7687	1.0055	1.2440	461.72	0.52537	38.216	0.063766	supercritical
843.33	20.000	121.17	0.0082526	895.16	1060.2	2.7712	1.0061	1.2443	462.16	0.52171	38.263	0.063877	supercritical
845.00	20.000	120.92	0.0082702	896.88	1062.3	2.7736	1.0066	1.2446	462.60	0.51807	38.310	0.063989	supercritical
846.67	20.000	120.66	0.0082878	898.61	1064.4	2.7761	1.0072	1.2449	463.04	0.51445	38.357	0.064101	supercritical
848.33	20.000	120.40	0.0083053	900.33	1066.4	2.7785	1.0077	1.2452	463.48	0.51085	38.404	0.064213	supercritical
850.00	20.000	120.15	0.0083229	902.05	1068.5	2.7810	1.0082	1.2455	463.92	0.50727	38.451	0.064325	supercritical
851.67	20.000	119.90	0.0083405	903.78	1070.6	2.7834	1.0088	1.2458	464.36	0.50371	38.498	0.064436	supercritical
853.33	20.000	119.65	0.0083580	905.50	1072.7	2.7858	1.0093	1.2461	464.79	0.50017	38.545	0.064548	supercritical
855.00	20.000	119.40	0.0083755	907.23	1074.7	2.7883	1.0099	1.2464	465.23	0.49664	38.592	0.064660	supercritical
856.67	20.000	119.15	0.0083931	908.96	1076.8	2.7907	1.0104	1.2467	465.67	0.49314	38.639	0.064772	supercritical
858.33	20.000	118.90	0.0084106	910.69	1078.9	2.7931	1.0109	1.2470	466.10	0.48965	38.685	0.064884	supercritical
860.00	20.000	118.65	0.0084281	912.41	1081.0	2.7955	1.0115	1.2473	466.54	0.48619	38.732	0.064995	supercritical
861.67	20.000	118.40	0.0084456	914.14	1083.1	2.7980	1.0120	1.2476	466.97	0.48274	38.779	0.065107	supercritical
863.33	20.000	118.16	0.0084631	915.87	1085.1	2.8004	1.0125	1.2479	467.41	0.47931	38.826	0.065219	supercritical
865.00	20.000	117.92	0.0084806	917.60	1087.2	2.8028	1.0130	1.2482	467.84	0.47590	38.873	0.065330	supercritical
866.67	20.000	117.67	0.0084981	919.33	1089.3	2.8052	1.0136	1.2485	468.27	0.47250	38.919	0.065442	supercritical
868.33	20.000	117.43	0.0085155	921.07	1091.4	2.8076	1.0141	1.2488	468.70	0.46913	38.966	0.065554	supercritical
870.00	20.000	117.19	0.0085330	922.80	1093.5	2.8100	1.0146	1.2491	469.14	0.46577	39.013	0.065665	supercritical
871.67	20.000	116.95	0.0085505	924.53	1095.5	2.8124	1.0151	1.2494	469.57	0.46243	39.059	0.065777	supercritical
873.33	20.000	116.71	0.0085679	926.26	1097.6	2.8147	1.0157	1.2497	470.00	0.45910	39.106	0.065888	supercritical
875.00	20.000	116.48	0.0085854	928.00	1099.7	2.8171	1.0162	1.2500	470.43	0.45580	39.153	0.066000	supercritical
876.67	20.000	116.24	0.0086028	929.73	1101.8	2.8195	1.0167	1.2503	470.86	0.45251	39.199	0.066112	supercritical
878.33	20.000	116.01	0.0086202	931.47	1103.9	2.8219	1.0172	1.2506	471.28	0.44924	39.246	0.066223	supercritical
880.00	20.000	115.77	0.0086376	933.20	1106.0	2.8243	1.0177	1.2509	471.71	0.44598	39.292	0.066335	supercritical
881.67	20.000	115.54	0.0086550	934.94	1108.0	2.8266	1.0183	1.2512	472.14	0.44274	39.339	0.066446	supercritical
883.33	20.000	115.31	0.0086725	936.68	1110.1	2.8290	1.0188	1.2515	472.57	0.43952	39.385	0.066558	supercritical
885.00	20.000	115.08	0.0086898	938.42	1112.2	2.8313	1.0193	1.2518	472.99	0.43632	39.432	0.066669	supercritical
886.67	20.000	114.85	0.0087072	940.16	1114.3	2.8337	1.0198	1.2521	473.42	0.43313	39.478	0.066780	supercritical
888.33	20.000	114.62	0.0087246	941.90	1116.4	2.8360	1.0203	1.2524	473.84	0.42996	39.525	0.066892	supercritical
890.00	20.000	114.39	0.0087420	943.64	1118.5	2.8384	1.0208	1.2527	474.27	0.42680	39.571	0.067003	supercritical
891.67	20.000	114.16	0.0087594	945.38	1120.6	2.8407	1.0213	1.2530	474.69	0.42366	39.618	0.067114	supercritical
893.33	20.000	113.94	0.0087767	947.12	1122.7	2.8431	1.0218	1.2533	475.12	0.42054	39.664	0.067226	supercritical
895.00	20.000	113.71	0.0087941	948.86	1124.7	2.8454	1.0223	1.2536	475.54	0.41743	39.711	0.067337	supercritical
896.67	20.000	113.49	0.0088114	950.60	1126.8	2.8477	1.0228	1.2539	475.96	0.41434	39.757	0.067448	supercritical
898.33	20.000	113.27	0.0088288	952.35	1128.9	2.8501	1.0233	1.2542	476.38	0.41126	39.803	0.067560	supercritical
900.00	20.000	113.04	0.0088461	954.09	1131.0	2.8524	1.0238	1.2545	476.80	0.40820	39.850	0.067671	supercritical
901.67	20.000	112.82	0.0088634	955.83	1133.1	2.8547	1.0243	1.2548	477.22	0.40516	39.896	0.067782	supercritical
903.33	20.000	112.60	0.0088807	957.58	1135.2	2.8570	1.0248	1.2552	477.64	0.40213	39.942	0.067893	supercritical
905.00	20.000	112.38	0.0088981	959.33	1137.3	2.8594	1.0253	1.2555	478.06	0.39911	39.988	0.068004	supercritical
906.67	20.000	112.17	0.0089154	961.07	1139.4	2.8617	1.0258	1.2558	478.48	0.39611	40.035	0.068115	supercritical
908.33	20.000	111.95	0.0089327	962.82	1141.5	2.8640	1.0263	1.2561	478.90	0.39313	40.081	0.068226	supercritical
910.00	20.000	111.73	0.0089500	964.57	1143.6	2.8663	1.0268	1.2564	479.32	0.39016	40.127	0.068337	supercritical
911.67	20.000	111.52	0.0089672	966.32	1145.7	2.8686	1.0273	1.2567	479.74	0.38720	40.173	0.068449	supercritical
913.33	20.000	111.30	0.0089845	968.06	1147.8	2.8709	1.0278	1.2570	480.15	0.38426	40.219	0.068559	supercritical
915.00	20.000	111.09	0.0090018	969.81	1149.9	2.8732	1.0283	1.2573	480.57	0.38134	40.265	0.068670	supercritical
916.67	20.000	110.88	0.0090191	971.56	1151.9	2.8755	1.0288	1.2576	480.99	0.37843	40.312	0.068781	supercritical
918.33	20.000	110.66	0.0090363	973.32	1154.0	2.8777	1.0293	1.2579	481.40	0.37553	40.358	0.068892	supercritical
920.00	20.000	110.45	0.0090536	975.07	1156.1	2.8800	1.0297	1.2582	481.82	0.37265	40.404	0.069003	supercritical
921.67	20.000	110.24	0.0090708	976.82	1158.2	2.8823	1.0302	1.2585	482.23	0.36978	40.450	0.069114	supercritical
923.33	20.000	110.03	0.0090881	978.57	1160.3	2.8846	1.0307	1.2588	482.65	0.36693	40.496	0.069225	supercritical
925.00	20.000	109.83	0.0091053	980.33	1162.4	2.8868	1.0312	1.2591	483.06	0.36409	40.542	0.069336	supercritical
926.67	20.000	109.62	0.0091225	982.08	1164.5	2.8891	1.0317	1.2594	483.47	0.36126	40.588	0.069446	supercritical
928.33	20.000	109.41	0.0091398	983.84	1166.6	2.8914	1.0322	1.2597	483.88	0.35845	40.634	0.069557	supercritical
930.00	20.000	109.21	0.0091570	985.59	1168.7	2.8936	1.0326	1.2600	484.30	0.35565	40.680	0.069668	supercritical
931.67	20.000	109.00	0.0091742	987.35	1170.8	2.8959	1.0331	1.2603	484.71	0.35286	40.725	0.069778	supercritical
933.33	20.000	108.80	0.0091914	989.10	1172.9	2.8981	1.0336	1.2607	485.12	0.35009	40.771	0.069889	supercritical
935.00	20.000	108.59	0.0092086	990.86	1175.0	2.9004	1.0341	1.2610	485.53	0.34733	40.817	0.069999	supercritical
936.67	20.000	108.39	0.0092258	992.62	1177.1	2.9026	1.0345	1.2613	485.94	0.34459	40.863	0.070110	supercritical
938.33	20.000	108.19	0.0092430	994.38	1179.2	2.9049	1.0350	1.2616	486.35	0.34185	40.909	0.070220	supercritical
940.00	20.000	107.99	0.0092601	996.14	1181.3	2.9071	1.0355	1.2619	486.76	0.33913	40.955	0.070331	supercritical
941.67	20.000	107.79	0.0092773	997.90	1183.4	2.9094	1.0360	1.2622	487.16	0.33643	41.000	0.070441	supercritical
943.33	20.000	107.59	0.0092945	999.66	1185.5	2.9116	1.0364	1.2625	487.57	0.33374	41.046	0.070552	supercritical
945.00	20.000	107.39	0.0093117	1001.4	1187.7	2.9138	1.0369	1.2628	487.98	0.33105	41.092	0.070662	supercritical
946.67	20.000	107.19	0.0093288	1003.2	1189.8	2.9160	1.0374	1.2631	488.39	0.32839	41.138	0.070772	supercritical
948.33	20.000	107.00	0.0093460	1004.9	1191.9	2.9183	1.0378	1.2634	488.79	0.32573	41.183	0.070883	supercritical
950.00	20.000	106.80	0.0093631	1006.7	1194.0	2.9205	1.0383	1.2637	489.20	0.32309	41.229	0.070993	supercritical
951.67	20.000	106.61	0.0093802	1008.5	1196.1	2.9227	1.0387	1.2640	489.60	0.32046	41.275	0.071103	supercritical
953.33	20.000	106.41	0.0093974	1010.2	1198.2	2.9249	1.0392	1.2643	490.01	0.31784	41.320	0.071213	supercritical
955.00	20.000	106.22	0.0094145	1012.0	1200.3	2.9271	1.0397	1.2646	490.41	0.31524	41.366	0.071323	supercritical
956.67	20.000	106.03	0.0094316	1013.8	1202.4	2.9293	1.0401	1.2649	490.82	0.31265	41.412	0.071434	supercritical
958.33	20.000	105.83	0.0094488	1015.5	1204.5	2.9315	1.0406	1.2652	491.22	0.31006	41.457	0.071544	supercritical
960.00	20.000	105.64	0.0094659	1017.3	1206.6	2.9337	1.0410	1.2655	491.62	0.30750	41.503	0.071654	supercritical
961.67	20.000	105.45	0.0094830	1019.1	1208.7	2.9359	1.0415	1.2658	492.03	0.30494	41.548	0.071764	supercritical
963.33	20.000	105.26	0.0095001	1020.8	1210.8	2.9381	1.0419	1.2661	492.43	0.30239	41.594	0.071874	supercritical
965.00	20.000	105.07	0.0095172	1022.6	1212.9	2.9403	1.0424	1.2664	492.83	0.29986	41.639	0.071984	supercritical
966.67	20.000	104.88	0.0095343	1024.4	1215.1	2.9425	1.0429	1.2667	493.23	0.29734	41.685	0.072093	supercritical
968.33	20.000	104.70	0.0095513	1026.1	1217.2	2.9447	1.0433	1.2670	493.63	0.29483	41.730	0.072203	supercritical
970.00	20.000	104.51	0.0095684	1027.9	1219.3	2.9468	1.0438	1.2673	494.03	0.29233	41.775	0.072313	supercritical
971.67	20.000	104.32	0.0095855	1029.7	1221.4	2.9490	1.0442	1.2676	494.43	0.28985	41.821	0.072423	supercritical
973.33	20.000	104.14	0.0096026	1031.5	1223.5	2.9512	1.0446	1.2679	494.83	0.28737	41.866	0.072532	supercritical
975.00	20.000	103.95	0.0096196	1033.2	1225.6	2.9534	1.0451	1.2682	495.23	0.28491	41.911	0.072642	supercritical
976.67	20.000	103.77	0.0096367	1035.0	1227.7	2.9555	1.0455	1.2685	495.63	0.28246	41.957	0.072752	supercritical
978.33	20.000	103.59	0.0096537	1036.8	1229.8	2.9577	1.0460	1.2688	496.03	0.28002	42.002	0.072861	supercritical
980.00	20.000	103.40	0.0096708	1038.5	1232.0	2.9599	1.0464	1.2691	496.42	0.27759	42.047	0.072971	supercritical
981.67	20.000	103.22	0.0096878	1040.3	1234.1	2.9620	1.0469	1.2694	496.82	0.27517	42.093	0.073080	supercritical
983.33	20.000	103.04	0.0097049	1042.1	1236.2	2.9642	1.0473	1.2697	497.22	0.27276	42.138	0.073190	supercritical
985.00	20.000	102.86	0.0097219	1043.9	1238.3	2.9663	1.0477	1.2700	497.61	0.27036	42.183	0.073299	supercritical
986.67	20.000	102.68	0.0097389	1045.6	1240.4	2.9685	1.0482	1.2703	498.01	0.26798	42.228	0.073409	supercritical
988.33	20.000	102.50	0.0097560	1047.4	1242.5	2.9706	1.0486	1.2706	498.40	0.26560	42.273	0.073518	supercritical
990.00	20.000	102.32	0.0097730	1049.2	1244.7	2.9727	1.0491	1.2709	498.80	0.26324	42.318	0.073627	supercritical
991.67	20.000	102.15	0.0097900	1051.0	1246.8	2.9749	1.0495	1.2712	499.19	0.26088	42.364	0.073737	supercritical
993.33	20.000	101.97	0.0098070	1052.8	1248.9	2.9770	1.0499	1.2715	499.59	0.25854	42.409	0.073846	supercritical
995.00	20.000	101.79	0.0098240	1054.5	1251.0	2.9792	1.0504	1.2718	499.98	0.25621	42.454	0.073955	supercritical
996.67	20.000	101.62	0.0098410	1056.3	1253.1	2.9813	1.0508	1.2721	500.37	0.25388	42.499	0.074064	supercritical
998.33	20.000	101.44	0.0098580	1058.1	1255.3	2.9834	1.0512	1.2724	500.77	0.25157	42.544	0.074173	supercritical
1000.0	20.000	101.27	0.0098750	1059.9	1257.4	2.9855	1.0516	1.2727	501.16	0.24927	42.589	0.074282	supercritical
1001.7	20.000	101.09	0.0098920	1061.7	1259.5	2.9876	1.0521	1.2730	501.55	0.24698	42.634	0.074391	supercritical
1003.3	20.000	100.92	0.0099090	1063.4	1261.6	2.9898	1.0525	1.2733	501.94	0.24470	42.679	0.074500	supercritical
1005.0	20.000	100.75	0.0099259	1065.2	1263.7	2.9919	1.0529	1.2736	502.33	0.24242	42.724	0.074609	supercritical
1006.7	20.000	100.57	0.0099429	1067.0	1265.9	2.9940	1.0533	1.2739	502.73	0.24016	42.769	0.074718	supercritical
1008.3	20.000	100.40	0.0099599	1068.8	1268.0	2.9961	1.0538	1.2742	503.12	0.23791	42.813	0.074827	supercritical
1010.0	20.000	100.23	0.0099768	1070.6	1270.1	2.9982	1.0542	1.2745	503.51	0.23567	42.858	0.074936	supercritical
1011.7	20.000	100.06	0.0099938	1072.4	1272.2	3.0003	1.0546	1.2748	503.89	0.23344	42.903	0.075044	supercritical
1013.3	20.000	99.893	0.010011	1074.2	1274.4	3.0024	1.0550	1.2751	504.28	0.23122	42.948	0.075153	supercritical
1015.0	20.000	99.724	0.010028	1075.9	1276.5	3.0045	1.0554	1.2754	504.67	0.22900	42.993	0.075262	supercritical
1016.7	20.000	99.556	0.010045	1077.7	1278.6	3.0066	1.0559	1.2757	505.06	0.22680	43.038	0.075370	supercritical
1018.3	20.000	99.388	0.010062	1079.5	1280.7	3.0087	1.0563	1.2760	505.45	0.22461	43.082	0.075479	supercritical
1020.0	20.000	99.221	0.010078	1081.3	1282.9	3.0108	1.0567	1.2763	505.84	0.22243	43.127	0.075587	supercritical
1021.7	20.000	99.055	0.010095	1083.1	1285.0	3.0129	1.0571	1.2765	506.22	0.22025	43.172	0.075696	supercritical
1023.3	20.000	98.889	0.010112	1084.9	1287.1	3.0149	1.0575	1.2768	506.61	0.21809	43.217	0.075804	supercritical
1025.0	20.000	98.724	0.010129	1086.7	1289.3	3.0170	1.0579	1.2771	506.99	0.21593	43.261	0.075913	supercritical
1026.7	20.000	98.559	0.010146	1088.5	1291.4	3.0191	1.0583	1.2774	507.38	0.21379	43.306	0.076021	supercritical
1028.3	20.000	98.395	0.010163	1090.2	1293.5	3.0212	1.0587	1.2777	507.77	0.21165	43.350	0.076129	supercritical
1030.0	20.000	98.232	0.010180	1092.0	1295.6	3.0232	1.0592	1.2780	508.15	0.20952	43.395	0.076237	supercritical
1031.7	20.000	98.069	0.010197	1093.8	1297.8	3.0253	1.0596	1.2783	508.54	0.20740	43.440	0.076346	supercritical
1033.3	20.000	97.907	0.010214	1095.6	1299.9	3.0274	1.0600	1.2786	508.92	0.20530	43.484	0.076454	supercritical
1035.0	20.000	97.745	0.010231	1097.4	1302.0	3.0294	1.0604	1.2789	509.30	0.20319	43.529	0.076562	supercritical
1036.7	20.000	97.584	0.010248	1099.2	1304.2	3.0315	1.0608	1.2792	509.69	0.20110	43.573	0.076670	supercritical
1038.3	20.000	97.423	0.010264	1101.0	1306.3	3.0335	1.0612	1.2794	510.07	0.19902	43.618	0.076778	supercritical
1040.0	20.000	97.263	0.010281	1102.8	1308.4	3.0356	1.0616	1.2797	510.45	0.19695	43.662	0.076886	supercritical
1041.7	20.000	97.104	0.010298	1104.6	1310.6	3.0376	1.0620	1.2800	510.83	0.19488	43.707	0.076994	supercritical
1043.3	20.000	96.945	0.010315	1106.4	1312.7	3.0397	1.0624	1.2803	511.22	0.19283	43.751	0.077102	supercritical
1045.0	20.000	96.787	0.010332	1108.2	1314.8	3.0417	1.0628	1.2806	511.60	0.19078	43.796	0.077210	supercritical
1046.7	20.000	96.629	0.010349	1110.0	1317.0	3.0438	1.0632	1.2809	511.98	0.18874	43.840	0.077317	supercritical
1048.3	20.000	96.472	0.010366	1111.8	1319.1	3.0458	1.0636	1.2812	512.36	0.18671	43.884	0.077425	supercritical
1050.0	20.000	96.315	0.010383	1113.6	1321.2	3.0478	1.0640	1.2814	512.74	0.18469	43.929	0.077533	supercritical
1051.7	20.000	96.159	0.010399	1115.4	1323.4	3.0499	1.0644	1.2817	513.12	0.18267	43.973	0.077640	supercritical
1053.3	20.000	96.004	0.010416	1117.2	1325.5	3.0519	1.0648	1.2820	513.50	0.18067	44.017	0.077748	supercritical
1055.0	20.000	95.849	0.010433	1119.0	1327.6	3.0539	1.0652	1.2823	513.88	0.17867	44.062	0.077856	supercritical
1056.7	20.000	95.694	0.010450	1120.8	1329.8	3.0560	1.0655	1.2826	514.26	0.17668	44.106	0.077963	supercritical
1058.3	20.000	95.540	0.010467	1122.6	1331.9	3.0580	1.0659	1.2829	514.64	0.17470	44.150	0.078070	supercritical
1060.0	20.000	95.387	0.010484	1124.4	1334.1	3.0600	1.0663	1.2831	515.01	0.17273	44.194	0.078178	supercritical
1061.7	20.000	95.234	0.010500	1126.2	1336.2	3.0620	1.0667	1.2834	515.39	0.17077	44.238	0.078285	supercritical
1063.3	20.000	95.081	0.010517	1128.0	1338.3	3.0640	1.0671	1.2837	515.77	0.16881	44.283	0.078392	supercritical
1065.0	20.000	94.930	0.010534	1129.8	1340.5	3.0660	1.0675	1.2840	516.14	0.16687	44.327	0.078500	supercritical
1066.7	20.000	94.778	0.010551	1131.6	1342.6	3.0680	1.0679	1.2843	516.52	0.16493	44.371	0.078607	supercritical
1068.3	20.000	94.627	0.010568	1133.4	1344.8	3.0700	1.0683	1.2846	516.90	0.16300	44.415	0.078714	supercritical
1070.0	20.000	94.477	0.010585	1135.2	1346.9	3.0720	1.0686	1.2848	517.27	0.16107	44.459	0.078821	supercritical
1071.7	20.000	94.327	0.010601	1137.0	1349.0	3.0740	1.0690	1.2851	517.65	0.15916	44.503	0.078928	supercritical
1073.3	20.000	94.178	0.010618	1138.8	1351.2	3.0760	1.0694	1.2854	518.02	0.15725	44.547	0.079035	supercritical
1075.0	20.000	94.029	0.010635	1140.6	1353.3	3.0780	1.0698	1.2857	518.40	0.15535	44.591	0.079142	supercritical
1076.7	20.000	93.881	0.010652	1142.4	1355.5	3.0800	1.0702	1.2859	518.77	0.15346	44.635	0.079249	supercritical
1078.3	20.000	93.733	0.010669	1144.2	1357.6	3.0820	1.0705	1.2862	519.15	0.15157	44.679	0.079356	supercritical
1080.0	20.000	93.586	0.010685	1146.0	1359.8	3.0840	1.0709	1.2865	519.52	0.14969	44.723	0.079463	supercritical
1081.7	20.000	93.439	0.010702	1147.9	1361.9	3.0860	1.0713	1.2868	519.89	0.14782	44.767	0.079570	supercritical
1083.3	20.000	93.293	0.010719	1149.7	1364.0	3.0880	1.0717	1.2871	520.27	0.14596	44.811	0.079676	supercritical
1085.0	20.000	93.147	0.010736	1151.5	1366.2	3.0900	1.0720	1.2873	520.64	0.14411	44.855	0.079783	supercritical
1086.7	20.000	93.002	0.010752	1153.3	1368.3	3.0919	1.0724	1.2876	521.01	0.14226	44.899	0.079890	supercritical
1088.3	20.000	92.857	0.010769	1155.1	1370.5	3.0939	1.0728	1.2879	521.38	0.14042	44.942	0.079996	supercritical
1090.0	20.000	92.713	0.010786	1156.9	1372.6	3.0959	1.0731	1.2882	521.75	0.13859	44.986	0.080103	supercritical
1091.7	20.000	92.569	0.010803	1158.7	1374.8	3.0978	1.0735	1.2884	522.13	0.13676	45.030	0.080209	supercritical
1093.3	20.000	92.425	0.010820	1160.5	1376.9	3.0998	1.0739	1.2887	522.50	0.13495	45.074	0.080316	supercritical
1095.0	20.000	92.283	0.010836	1162.3	1379.1	3.1018	1.0743	1.2890	522.87	0.13314	45.118	0.080422	supercritical
1096.7	20.000	92.140	0.010853	1164.2	1381.2	3.1037	1.0746	1.2892	523.24	0.13133	45.161	0.080528	supercritical
1098.3	20.000	91.998	0.010870	1166.0	1383.4	3.1057	1.0750	1.2895	523.61	0.12954	45.205	0.080634	supercritical
1100.0	20.000	91.857	0.010887	1167.8	1385.5	3.1076	1.0754	1.2898	523.98	0.12775	45.249	0.080741	supercritical
1101.7	20.000	91.716	0.010903	1169.6	1387.7	3.1096	1.0757	1.2901	524.35	0.12596	45.292	0.080847	supercritical
1103.3	20.000	91.575	0.010920	1171.4	1389.8	3.1115	1.0761	1.2903	524.71	0.12419	45.336	0.080953	supercritical
1105.0	20.000	91.435	0.010937	1173.2	1392.0	3.1135	1.0764	1.2906	525.08	0.12242	45.380	0.081059	supercritical
1106.7	20.000	91.295	0.010953	1175.1	1394.1	3.1154	1.0768	1.2909	525.45	0.12066	45.423	0.081165	supercritical
1108.3	20.000	91.156	0.010970	1176.9	1396.3	3.1174	1.0772	1.2911	525.82	0.11891	45.467	0.081271	supercritical
1110.0	20.000	91.017	0.010987	1178.7	1398.4	3.1193	1.0775	1.2914	526.19	0.11716	45.510	0.081377	supercritical
1111.7	20.000	90.879	0.011004	1180.5	1400.6	3.1213	1.0779	1.2917	526.55	0.11542	45.554	0.081483	supercritical
1113.3	20.000	90.741	0.011020	1182.3	1402.7	3.1232	1.0782	1.2919	526.92	0.11369	45.597	0.081589	supercritical
1115.0	20.000	90.604	0.011037	1184.1	1404.9	3.1251	1.0786	1.2922	527.29	0.11196	45.641	0.081694	supercritical
1116.7	20.000	90.467	0.011054	1186.0	1407.0	3.1271	1.0789	1.2925	527.65	0.11024	45.684	0.081800	supercritical
1118.3	20.000	90.330	0.011071	1187.8	1409.2	3.1290	1.0793	1.2927	528.02	0.10852	45.728	0.081906	supercritical
1120.0	20.000	90.194	0.011087	1189.6	1411.3	3.1309	1.0797	1.2930	528.38	0.10682	45.771	0.082011	supercritical
1121.7	20.000	90.058	0.011104	1191.4	1413.5	3.1328	1.0800	1.2933	528.75	0.10512	45.815	0.082117	supercritical
1123.3	20.000	89.923	0.011121	1193.2	1415.7	3.1348	1.0804	1.2935	529.11	0.10342	45.858	0.082222	supercritical
1125.0	20.000	89.788	0.011137	1195.1	1417.8	3.1367	1.0807	1.2938	529.48	0.10174	45.902	0.082328	supercritical
1126.7	20.000	89.654	0.011154	1196.9	1420.0	3.1386	1.0811	1.2941	529.84	0.10006	45.945	0.082433	supercritical
1128.3	20.000	89.520	0.011171	1198.7	1422.1	3.1405	1.0814	1.2943	530.20	0.098382	45.988	0.082539	supercritical
1130.0	20.000	89.386	0.011187	1200.5	1424.3	3.1424	1.0818	1.2946	530.57	0.096714	46.032	0.082644	supercritical
1131.7	20.000	89.253	0.011204	1202.4	1426.4	3.1443	1.0821	1.2949	530.93	0.095052	46.075	0.082749	supercritical
1133.3	20.000	89.121	0.011221	1204.2	1428.6	3.1462	1.0824	1.2951	531.29	0.093397	46.118	0.082854	supercritical
1135.0	20.000	88.988	0.011237	1206.0	1430.8	3.1481	1.0828	1.2954	531.66	0.091748	46.161	0.082960	supercritical
1136.7	20.000	88.856	0.011254	1207.8	1432.9	3.1500	1.0831	1.2956	532.02	0.090105	46.205	0.083065	supercritical
1138.3	20.000	88.725	0.011271	1209.7	1435.1	3.1519	1.0835	1.2959	532.38	0.088469	46.248	0.083170	supercritical
1140.0	20.000	88.594	0.011287	1211.5	1437.2	3.1538	1.0838	1.2962	532.74	0.086839	46.291	0.083275	supercritical
1141.7	20.000	88.463	0.011304	1213.3	1439.4	3.1557	1.0842	1.2964	533.10	0.085214	46.334	0.083380	supercritical
1143.3	20.000	88.333	0.011321	1215.1	1441.6	3.1576	1.0845	1.2967	533.46	0.083596	46.377	0.083485	supercritical
1145.0	20.000	88.203	0.011337	1217.0	1443.7	3.1595	1.0848	1.2969	533.82	0.081985	46.420	0.083589	supercritical
1146.7	20.000	88.074	0.011354	1218.8	1445.9	3.1614	1.0852	1.2972	534.18	0.080379	46.463	0.083694	supercritical
1148.3	20.000	87.945	0.011371	1220.6	1448.0	3.1633	1.0855	1.2975	534.54	0.078779	46.507	0.083799	supercritical
1150.0	20.000	87.816	0.011387	1222.5	1450.2	3.1652	1.0859	1.2977	534.90	0.077185	46.550	0.083904	supercritical
1151.7	20.000	87.688	0.011404	1224.3	1452.4	3.1670	1.0862	1.2980	535.26	0.075597	46.593	0.084008	supercritical
1153.3	20.000	87.560	0.011421	1226.1	1454.5	3.1689	1.0865	1.2982	535.62	0.074015	46.636	0.084113	supercritical
1155.0	20.000	87.433	0.011437	1228.0	1456.7	3.1708	1.0869	1.2985	535.98	0.072439	46.679	0.084217	supercritical
1156.7	20.000	87.306	0.011454	1229.8	1458.9	3.1727	1.0872	1.2987	536.34	0.070869	46.722	0.084322	supercritical
1158.3	20.000	87.179	0.011471	1231.6	1461.0	3.1745	1.0875	1.2990	536.70	0.069305	46.765	0.084426	supercritical
1160.0	20.000	87.053	0.011487	1233.4	1463.2	3.1764	1.0879	1.2992	537.06	0.067746	46.808	0.084531	supercritical
1161.7	20.000	86.927	0.011504	1235.3	1465.4	3.1783	1.0882	1.2995	537.41	0.066193	46.850	0.084635	supercritical
1163.3	20.000	86.802	0.011520	1237.1	1467.5	3.1801	1.0885	1.2998	537.77	0.064646	46.893	0.084739	supercritical
1165.0	20.000	86.677	0.011537	1238.9	1469.7	3.1820	1.0888	1.3000	538.13	0.063105	46.936	0.084843	supercritical
1166.7	20.000	86.552	0.011554	1240.8	1471.9	3.1838	1.0892	1.3003	538.48	0.061569	46.979	0.084948	supercritical
1168.3	20.000	86.428	0.011570	1242.6	1474.0	3.1857	1.0895	1.3005	538.84	0.060039	47.022	0.085052	supercritical
1170.0	20.000	86.304	0.011587	1244.5	1476.2	3.1876	1.0898	1.3008	539.20	0.058515	47.065	0.085156	supercritical
1171.7	20.000	86.180	0.011604	1246.3	1478.4	3.1894	1.0901	1.3010	539.55	0.056996	47.108	0.085260	supercritical
1173.3	20.000	86.057	0.011620	1248.1	1480.5	3.1913	1.0905	1.3013	539.91	0.055482	47.150	0.085364	supercritical
1175.0	20.000	85.934	0.011637	1250.0	1482.7	3.1931	1.0908	1.3015	540.26	0.053974	47.193	0.085468	supercritical
1176.7	20.000	85.812	0.011653	1251.8	1484.9	3.1949	1.0911	1.3018	540.62	0.052472	47.236	0.085572	supercritical
1178.3	20.000	85.690	0.011670	1253.6	1487.0	3.1968	1.0914	1.3020	540.97	0.050975	47.278	0.085675	supercritical
1180.0	20.000	85.568	0.011687	1255.5	1489.2	3.1986	1.0918	1.3023	541.32	0.049484	47.321	0.085779	supercritical
1181.7	20.000	85.447	0.011703	1257.3	1491.4	3.2005	1.0921	1.3025	541.68	0.047997	47.364	0.085883	supercritical
1183.3	20.000	85.326	0.011720	1259.2	1493.5	3.2023	1.0924	1.3028	542.03	0.046517	47.407	0.085987	supercritical
1185.0	20.000	85.205	0.011736	1261.0	1495.7	3.2041	1.0927	1.3030	542.38	0.045041	47.449	0.086090	supercritical
1186.7	20.000	85.085	0.011753	1262.8	1497.9	3.2060	1.0930	1.3032	542.74	0.043571	47.492	0.086194	supercritical
1188.3	20.000	84.965	0.011770	1264.7	1500.1	3.2078	1.0934	1.3035	543.09	0.042106	47.534	0.086297	supercritical
1190.0	20.000	84.845	0.011786	1266.5	1502.2	3.2096	1.0937	1.3037	543.44	0.040647	47.577	0.086401	supercritical
1191.7	20.000	84.726	0.011803	1268.4	1504.4	3.2115	1.0940	1.3040	543.79	0.039193	47.619	0.086504	supercritical
1193.3	20.000	84.607	0.011819	1270.2	1506.6	3.2133	1.0943	1.3042	544.15	0.037743	47.662	0.086607	supercritical
1195.0	20.000	84.489	0.011836	1272.0	1508.8	3.2151	1.0946	1.3045	544.50	0.036299	47.705	0.086711	supercritical
1196.7	20.000	84.371	0.011852	1273.9	1510.9	3.2169	1.0949	1.3047	544.85	0.034861	47.747	0.086814	supercritical
1198.3	20.000	84.253	0.011869	1275.7	1513.1	3.2187	1.0952	1.3050	545.20	0.033427	47.789	0.086917	supercritical
1200.0	20.000	84.136	0.011886	1277.6	1515.3	3.2205	1.0955	1.3052	545.55	0.031998	47.832	0.087020	supercritical
1201.7	20.000	84.018	0.011902	1279.4	1517.5	3.2224	1.0959	1.3054	545.90	0.030575	47.874	0.087123	supercritical
1203.3	20.000	83.902	0.011919	1281.3	1519.6	3.2242	1.0962	1.3057	546.25	0.029156	47.917	0.087226	supercritical
1205.0	20.000	83.785	0.011935	1283.1	1521.8	3.2260	1.0965	1.3059	546.60	0.027743	47.959	0.087329	supercritical
1206.7	20.000	83.669	0.011952	1284.9	1524.0	3.2278	1.0968	1.3062	546.95	0.026334	48.002	0.087432	supercritical
1208.3	20.000	83.553	0.011968	1286.8	1526.2	3.2296	1.0971	1.3064	547.30	0.024931	48.044	0.087535	supercritical
1210.0	20.000	83.438	0.011985	1288.6	1528.3	3.2314	1.0974	1.3066	547.65	0.023532	48.086	0.087638	supercritical
1211.7	20.000	83.323	0.012001	1290.5	1530.5	3.2332	1.0977	1.3069	548.00	0.022138	48.129	0.087741	supercritical
1213.3	20.000	83.208	0.012018	1292.3	1532.7	3.2350	1.0980	1.3071	548.35	0.020749	48.171	0.087843	supercritical
1215.0	20.000	83.094	0.012035	1294.2	1534.9	3.2368	1.0983	1.3074	548.69	0.019365	48.213	0.087946	supercritical
1216.7	20.000	82.980	0.012051	1296.0	1537.1	3.2386	1.0986	1.3076	549.04	0.017986	48.255	0.088049	supercritical
1218.3	20.000	82.866	0.012068	1297.9	1539.2	3.2404	1.0989	1.3078	549.39	0.016612	48.298	0.088151	supercritical
1220.0	20.000	82.753	0.012084	1299.7	1541.4	3.2421	1.0992	1.3081	549.74	0.015242	48.340	0.088254	supercritical
1221.7	20.000	82.640	0.012101	1301.6	1543.6	3.2439	1.0995	1.3083	550.08	0.013877	48.382	0.088356	supercritical
1223.3	20.000	82.527	0.012117	1303.4	1545.8	3.2457	1.0998	1.3085	550.43	0.012517	48.424	0.088459	supercritical
1225.0	20.000	82.414	0.012134	1305.3	1548.0	3.2475	1.1001	1.3088	550.78	0.011162	48.466	0.088561	supercritical
1226.7	20.000	82.302	0.012150	1307.1	1550.1	3.2493	1.1004	1.3090	551.12	0.0098108	48.508	0.088663	supercritical
1228.3	20.000	82.191	0.012167	1309.0	1552.3	3.2511	1.1007	1.3092	551.47	0.0084647	48.551	0.088766	supercritical
1230.0	20.000	82.079	0.012183	1310.8	1554.5	3.2528	1.1010	1.3095	551.81	0.0071232	48.593	0.088868	supercritical
1231.7	20.000	81.968	0.012200	1312.7	1556.7	3.2546	1.1013	1.3097	552.16	0.0057864	48.635	0.088970	supercritical
1233.3	20.000	81.857	0.012216	1314.5	1558.9	3.2564	1.1016	1.3099	552.50	0.0044541	48.677	0.089072	supercritical
1235.0	20.000	81.747	0.012233	1316.4	1561.1	3.2581	1.1019	1.3102	552.85	0.0031264	48.719	0.089174	supercritical
1236.7	20.000	81.636	0.012249	1318.2	1563.2	3.2599	1.1022	1.3104	553.19	0.0018032	48.761	0.089276	supercritical
1238.3	20.000	81.527	0.012266	1320.1	1565.4	3.2617	1.1025	1.3106	553.54	0.00048452	48.803	0.089378	supercritical
1240.0	20.000	81.417	0.012282	1322.0	1567.6	3.2634	1.1028	1.3109	553.88	-0.00082966	48.845	0.089480	supercritical
1241.7	20.000	81.308	0.012299	1323.8	1569.8	3.2652	1.1031	1.3111	554.23	-0.0021394	48.887	0.089582	supercritical
1243.3	20.000	81.199	0.012315	1325.7	1572.0	3.2670	1.1034	1.3113	554.57	-0.0034446	48.929	0.089683	supercritical
1245.0	20.000	81.090	0.012332	1327.5	1574.2	3.2687	1.1036	1.3116	554.91	-0.0047455	48.971	0.089785	supercritical
1246.7	20.000	80.982	0.012348	1329.4	1576.3	3.2705	1.1039	1.3118	555.26	-0.0060419	49.013	0.089887	supercritical
1248.3	20.000	80.874	0.012365	1331.2	1578.5	3.2722	1.1042	1.3120	555.60	-0.0073340	49.054	0.089988	supercritical
1250.0	20.000	80.766	0.012381	1333.1	1580.7	3.2740	1.1045	1.3122	555.94	-0.0086217	49.096	0.090090	supercritical
1251.7	20.000	80.659	0.012398	1334.9	1582.9	3.2757	1.1048	1.3125	556.28	-0.0099050	49.138	0.090191	supercritical
1253.3	20.000	80.551	0.012414	1336.8	1585.1	3.2775	1.1051	1.3127	556.62	-0.011184	49.180	0.090293	supercritical
1255.0	20.000	80.445	0.012431	1338.7	1587.3	3.2792	1.1054	1.3129	556.97	-0.012459	49.222	0.090394	supercritical
1256.7	20.000	80.338	0.012447	1340.5	1589.5	3.2810	1.1056	1.3131	557.31	-0.013729	49.264	0.090496	supercritical
1258.3	20.000	80.232	0.012464	1342.4	1591.7	3.2827	1.1059	1.3134	557.65	-0.014996	49.305	0.090597	supercritical
1260.0	20.000	80.126	0.012480	1344.2	1593.8	3.2844	1.1062	1.3136	557.99	-0.016258	49.347	0.090698	supercritical
1261.7	20.000	80.020	0.012497	1346.1	1596.0	3.2862	1.1065	1.3138	558.33	-0.017515	49.389	0.090799	supercritical
1263.3	20.000	79.915	0.012513	1348.0	1598.2	3.2879	1.1068	1.3140	558.67	-0.018769	49.431	0.090901	supercritical
1265.0	20.000	79.810	0.012530	1349.8	1600.4	3.2896	1.1071	1.3143	559.01	-0.020019	49.472	0.091002	supercritical
1266.7	20.000	79.705	0.012546	1351.7	1602.6	3.2914	1.1073	1.3145	559.35	-0.021264	49.514	0.091103	supercritical
1268.3	20.000	79.600	0.012563	1353.5	1604.8	3.2931	1.1076	1.3147	559.69	-0.022505	49.556	0.091204	supercritical
1270.0	20.000	79.496	0.012579	1355.4	1607.0	3.2948	1.1079	1.3149	560.03	-0.023742	49.597	0.091305	supercritical
1271.7	20.000	79.392	0.012596	1357.3	1609.2	3.2965	1.1082	1.3152	560.37	-0.024975	49.639	0.091406	supercritical
1273.3	20.000	79.289	0.012612	1359.1	1611.4	3.2983	1.1084	1.3154	560.71	-0.026204	49.681	0.091506	supercritical
1275.0	20.000	79.185	0.012629	1361.0	1613.6	3.3000	1.1087	1.3156	561.05	-0.027429	49.722	0.091607	supercritical
1276.7	20.000	79.082	0.012645	1362.9	1615.8	3.3017	1.1090	1.3158	561.38	-0.028650	49.764	0.091708	supercritical
1278.3	20.000	78.979	0.012662	1364.7	1618.0	3.3034	1.1093	1.3160	561.72	-0.029867	49.805	0.091809	supercritical
1280.0	20.000	78.877	0.012678	1366.6	1620.1	3.3051	1.1096	1.3163	562.06	-0.031080	49.847	0.091909	supercritical
1281.7	20.000	78.775	0.012694	1368.5	1622.3	3.3069	1.1098	1.3165	562.40	-0.032289	49.888	0.092010	supercritical
1283.3	20.000	78.673	0.012711	1370.3	1624.5	3.3086	1.1101	1.3167	562.73	-0.033494	49.930	0.092110	supercritical
1285.0	20.000	78.571	0.012727	1372.2	1626.7	3.3103	1.1104	1.3169	563.07	-0.034695	49.971	0.092211	supercritical
1286.7	20.000	78.470	0.012744	1374.0	1628.9	3.3120	1.1106	1.3171	563.41	-0.035892	50.013	0.092311	supercritical
1288.3	20.000	78.369	0.012760	1375.9	1631.1	3.3137	1.1109	1.3173	563.74	-0.037085	50.054	0.092412	supercritical
1290.0	20.000	78.268	0.012777	1377.8	1633.3	3.3154	1.1112	1.3176	564.08	-0.038275	50.096	0.092512	supercritical
1291.7	20.000	78.167	0.012793	1379.7	1635.5	3.3171	1.1115	1.3178	564.42	-0.039460	50.137	0.092612	supercritical
1293.3	20.000	78.067	0.012810	1381.5	1637.7	3.3188	1.1117	1.3180	564.75	-0.040642	50.178	0.092712	supercritical
1295.0	20.000	77.967	0.012826	1383.4	1639.9	3.3205	1.1120	1.3182	565.09	-0.041820	50.220	0.092813	supercritical
1296.7	20.000	77.867	0.012842	1385.3	1642.1	3.3222	1.1123	1.3184	565.42	-0.042994	50.261	0.092913	supercritical
1298.3	20.000	77.767	0.012859	1387.1	1644.3	3.3239	1.1125	1.3186	565.76	-0.044164	50.302	0.093013	supercritical
1300.0	20.000	77.668	0.012875	1389.0	1646.5	3.3256	1.1128	1.3189	566.09	-0.045331	50.344	0.093113	supercritical