Temperature (K)	Pressure (MPa)	Density (kg/m3)	Volume (m3/kg)	Internal Energy (kJ/kg)	Enthalpy (kJ/kg)	Entropy (J/g*K)	Cv (J/g*K)	Cp (J/g*K)	Sound Spd. (m/s)	Joule-Thomson (K/MPa)	Viscosity (uPa*s)	Therm. Cond. (W/m*K)	Phase
300.00	21.000	912.13	0.0010963	224.65	247.67	1.1000	0.91712	2.0962	597.89	0.26355	95.726	0.10733	liquid
301.67	21.000	904.46	0.0011056	227.96	251.18	1.1116	0.91697	2.1086	588.69	0.28545	93.765	0.10586	liquid
303.33	21.000	896.70	0.0011152	231.28	254.70	1.1233	0.91686	2.1214	579.54	0.30833	91.842	0.10441	liquid
305.00	21.000	888.83	0.0011251	234.62	258.25	1.1349	0.91678	2.1347	570.43	0.33226	89.955	0.10296	supercritical
306.67	21.000	880.86	0.0011353	237.98	261.82	1.1466	0.91672	2.1485	561.37	0.35727	88.103	0.10152	supercritical
308.33	21.000	872.78	0.0011458	241.35	265.41	1.1583	0.91667	2.1628	552.35	0.38341	86.284	0.10009	supercritical
310.00	21.000	864.59	0.0011566	244.74	269.03	1.1700	0.91661	2.1774	543.40	0.41074	84.498	0.098675	supercritical
311.67	21.000	856.29	0.0011678	248.14	272.67	1.1817	0.91653	2.1924	534.50	0.43929	82.744	0.097269	supercritical
313.33	21.000	847.88	0.0011794	251.57	276.33	1.1934	0.91646	2.2078	525.68	0.46910	81.020	0.095874	supercritical
315.00	21.000	839.35	0.0011914	255.01	280.03	1.2052	0.91638	2.2235	516.92	0.50023	79.325	0.094491	supercritical
316.67	21.000	830.71	0.0012038	258.47	283.75	1.2170	0.91633	2.2395	508.25	0.53272	77.660	0.093120	supercritical
318.33	21.000	821.94	0.0012166	261.94	287.49	1.2288	0.91631	2.2558	499.66	0.56660	76.023	0.091761	supercritical
320.00	21.000	813.06	0.0012299	265.44	291.27	1.2406	0.91633	2.2725	491.17	0.60192	74.413	0.090415	supercritical
321.67	21.000	804.05	0.0012437	268.95	295.07	1.2524	0.91642	2.2895	482.78	0.63874	72.830	0.089083	supercritical
323.33	21.000	794.93	0.0012580	272.48	298.90	1.2643	0.91658	2.3069	474.51	0.67709	71.274	0.087763	supercritical
325.00	21.000	785.68	0.0012728	276.03	302.76	1.2762	0.91681	2.3247	466.37	0.71702	69.744	0.086459	supercritical
326.67	21.000	776.32	0.0012881	279.60	306.65	1.2882	0.91710	2.3427	458.36	0.75855	68.240	0.085168	supercritical
328.33	21.000	766.83	0.0013041	283.18	310.57	1.3001	0.91745	2.3610	450.51	0.80171	66.761	0.083893	supercritical
330.00	21.000	757.23	0.0013206	286.78	314.52	1.3121	0.91782	2.3794	442.82	0.84650	65.308	0.082634	supercritical
331.67	21.000	747.52	0.0013378	290.40	318.50	1.3242	0.91822	2.3976	435.30	0.89289	63.881	0.081390	supercritical
333.33	21.000	737.70	0.0013556	294.04	322.51	1.3362	0.91860	2.4156	427.97	0.94085	62.481	0.080163	supercritical
335.00	21.000	727.78	0.0013740	297.69	326.55	1.3483	0.91896	2.4330	420.85	0.99032	61.106	0.078953	supercritical
336.67	21.000	717.76	0.0013932	301.36	330.62	1.3604	0.91926	2.4497	413.95	1.0412	59.759	0.077761	supercritical
338.33	21.000	707.66	0.0014131	305.04	334.71	1.3726	0.91950	2.4653	407.27	1.0934	58.440	0.076588	supercritical
340.00	21.000	697.49	0.0014337	308.73	338.84	1.3847	0.91964	2.4796	400.84	1.1468	57.150	0.075433	supercritical
341.67	21.000	687.27	0.0014550	312.42	342.98	1.3969	0.91968	2.4924	394.65	1.2013	55.889	0.074298	supercritical
343.33	21.000	677.00	0.0014771	316.12	347.14	1.4090	0.91961	2.5034	388.72	1.2568	54.660	0.073184	supercritical
345.00	21.000	666.70	0.0014999	319.82	351.32	1.4212	0.91942	2.5125	383.04	1.3130	53.462	0.072091	supercritical
346.67	21.000	656.39	0.0015235	323.52	355.52	1.4333	0.91911	2.5194	377.62	1.3700	52.297	0.071019	supercritical
348.33	21.000	646.10	0.0015478	327.22	359.72	1.4454	0.91869	2.5240	372.47	1.4274	51.167	0.069970	supercritical
350.00	21.000	635.83	0.0015728	330.90	363.93	1.4575	0.91817	2.5262	367.57	1.4851	50.071	0.068944	supercritical
351.67	21.000	625.60	0.0015985	334.57	368.14	1.4695	0.91758	2.5259	362.93	1.5429	49.011	0.067941	supercritical
353.33	21.000	615.44	0.0016248	338.22	372.35	1.4814	0.91692	2.5231	358.56	1.6004	47.988	0.066961	supercritical
355.00	21.000	605.37	0.0016519	341.86	376.55	1.4933	0.91621	2.5176	354.45	1.6575	47.002	0.066006	supercritical
356.67	21.000	595.41	0.0016795	345.47	380.74	1.5050	0.91547	2.5096	350.60	1.7139	46.054	0.065075	supercritical
358.33	21.000	585.56	0.0017078	349.05	384.91	1.5167	0.91470	2.4992	347.01	1.7693	45.144	0.064168	supercritical
360.00	21.000	575.86	0.0017365	352.60	389.07	1.5283	0.91393	2.4864	343.67	1.8236	44.272	0.063286	supercritical
361.67	21.000	566.31	0.0017658	356.12	393.20	1.5397	0.91313	2.4716	340.58	1.8765	43.438	0.062429	supercritical
363.33	21.000	556.94	0.0017955	359.60	397.30	1.5511	0.91233	2.4547	337.74	1.9279	42.641	0.061598	supercritical
365.00	21.000	547.74	0.0018257	363.04	401.38	1.5623	0.91151	2.4361	335.13	1.9777	41.881	0.060791	supercritical
366.67	21.000	538.74	0.0018562	366.44	405.42	1.5733	0.91067	2.4159	332.75	2.0256	41.158	0.060009	supercritical
368.33	21.000	529.93	0.0018870	369.80	409.43	1.5842	0.90981	2.3942	330.58	2.0716	40.471	0.059252	supercritical
370.00	21.000	521.34	0.0019181	373.12	413.40	1.5950	0.90893	2.3713	328.62	2.1156	39.818	0.058520	supercritical
371.67	21.000	512.95	0.0019495	376.40	417.34	1.6056	0.90802	2.3474	326.86	2.1575	39.198	0.057812	supercritical
373.33	21.000	504.79	0.0019810	379.63	421.23	1.6160	0.90709	2.3225	325.27	2.1972	38.612	0.057129	supercritical
375.00	21.000	496.84	0.0020127	382.81	425.08	1.6263	0.90613	2.2969	323.86	2.2347	38.056	0.056469	supercritical
376.67	21.000	489.11	0.0020445	385.95	428.88	1.6364	0.90515	2.2708	322.62	2.2700	37.531	0.055833	supercritical
378.33	21.000	481.60	0.0020764	389.04	432.65	1.6464	0.90415	2.2443	321.52	2.3029	37.034	0.055220	supercritical
380.00	21.000	474.30	0.0021084	392.09	436.36	1.6562	0.90313	2.2175	320.57	2.3337	36.565	0.054630	supercritical
381.67	21.000	467.22	0.0021403	395.09	440.04	1.6659	0.90210	2.1906	319.75	2.3622	36.122	0.054063	supercritical
383.33	21.000	460.36	0.0021722	398.05	443.67	1.6753	0.90106	2.1638	319.05	2.3885	35.704	0.053517	supercritical
385.00	21.000	453.69	0.0022041	400.96	447.25	1.6847	0.90002	2.1371	318.46	2.4127	35.310	0.052994	supercritical
386.67	21.000	447.24	0.0022360	403.84	450.79	1.6939	0.89897	2.1106	317.98	2.4348	34.938	0.052491	supercritical
388.33	21.000	440.98	0.0022677	406.66	454.29	1.7029	0.89793	2.0845	317.59	2.4549	34.588	0.052009	supercritical
390.00	21.000	434.91	0.0022993	409.45	457.74	1.7117	0.89690	2.0588	317.30	2.4730	34.258	0.051547	supercritical
391.67	21.000	429.03	0.0023309	412.20	461.15	1.7205	0.89588	2.0336	317.08	2.4893	33.946	0.051104	supercritical
393.33	21.000	423.32	0.0023623	414.91	464.52	1.7291	0.89487	2.0088	316.94	2.5038	33.653	0.050680	supercritical
395.00	21.000	417.80	0.0023935	417.58	467.85	1.7375	0.89388	1.9847	316.87	2.5166	33.377	0.050275	supercritical
396.67	21.000	412.44	0.0024246	420.22	471.13	1.7458	0.89291	1.9611	316.86	2.5277	33.117	0.049888	supercritical
398.33	21.000	407.24	0.0024555	422.82	474.38	1.7540	0.89196	1.9381	316.91	2.5373	32.871	0.049517	supercritical
400.00	21.000	402.21	0.0024863	425.38	477.59	1.7620	0.89104	1.9158	317.02	2.5454	32.640	0.049164	supercritical
401.67	21.000	397.32	0.0025169	427.91	480.77	1.7699	0.89014	1.8941	317.17	2.5521	32.423	0.048826	supercritical
403.33	21.000	392.57	0.0025473	430.42	483.91	1.7777	0.88927	1.8730	317.37	2.5574	32.218	0.048504	supercritical
405.00	21.000	387.97	0.0025775	432.88	487.01	1.7854	0.88843	1.8526	317.61	2.5615	32.025	0.048196	supercritical
406.67	21.000	383.50	0.0026076	435.33	490.08	1.7930	0.88762	1.8328	317.89	2.5645	31.843	0.047903	supercritical
408.33	21.000	379.16	0.0026374	437.74	493.12	1.8004	0.88684	1.8137	318.21	2.5662	31.672	0.047624	supercritical
410.00	21.000	374.94	0.0026671	440.12	496.13	1.8078	0.88609	1.7951	318.56	2.5670	31.511	0.047357	supercritical
411.67	21.000	370.84	0.0026966	442.48	499.11	1.8150	0.88537	1.7772	318.94	2.5667	31.360	0.047104	supercritical
413.33	21.000	366.86	0.0027259	444.81	502.05	1.8222	0.88468	1.7598	319.34	2.5655	31.217	0.046863	supercritical
415.00	21.000	362.98	0.0027550	447.12	504.97	1.8292	0.88403	1.7430	319.77	2.5634	31.083	0.046633	supercritical
416.67	21.000	359.21	0.0027839	449.40	507.86	1.8362	0.88340	1.7268	320.23	2.5604	30.957	0.046415	supercritical
418.33	21.000	355.54	0.0028126	451.66	510.73	1.8431	0.88281	1.7111	320.70	2.5567	30.838	0.046207	supercritical
420.00	21.000	351.97	0.0028411	453.90	513.57	1.8498	0.88225	1.6960	321.20	2.5523	30.727	0.046010	supercritical
421.67	21.000	348.49	0.0028695	456.12	516.38	1.8565	0.88172	1.6814	321.71	2.5472	30.622	0.045822	supercritical
423.33	21.000	345.10	0.0028977	458.32	519.17	1.8631	0.88122	1.6672	322.24	2.5414	30.524	0.045644	supercritical
425.00	21.000	341.80	0.0029257	460.50	521.94	1.8696	0.88075	1.6536	322.79	2.5350	30.431	0.045475	supercritical
426.67	21.000	338.58	0.0029535	462.66	524.69	1.8761	0.88031	1.6404	323.35	2.5281	30.345	0.045315	supercritical
428.33	21.000	335.44	0.0029812	464.80	527.41	1.8825	0.87990	1.6276	323.92	2.5206	30.264	0.045162	supercritical
430.00	21.000	332.38	0.0030086	466.93	530.11	1.8888	0.87952	1.6153	324.51	2.5127	30.188	0.045018	supercritical
431.67	21.000	329.39	0.0030359	469.04	532.79	1.8950	0.87917	1.6034	325.10	2.5043	30.117	0.044881	supercritical
433.33	21.000	326.47	0.0030631	471.13	535.46	1.9011	0.87885	1.5919	325.71	2.4955	30.051	0.044751	supercritical
435.00	21.000	323.62	0.0030901	473.21	538.10	1.9072	0.87855	1.5808	326.32	2.4863	29.989	0.044627	supercritical
436.67	21.000	320.83	0.0031169	475.27	540.73	1.9133	0.87828	1.5700	326.94	2.4767	29.932	0.044510	supercritical
438.33	21.000	318.11	0.0031435	477.32	543.33	1.9192	0.87804	1.5596	327.57	2.4668	29.878	0.044399	supercritical
440.00	21.000	315.45	0.0031701	479.35	545.92	1.9251	0.87783	1.5496	328.21	2.4565	29.829	0.044294	supercritical
441.67	21.000	312.85	0.0031964	481.37	548.50	1.9310	0.87764	1.5398	328.85	2.4460	29.783	0.044193	supercritical
443.33	21.000	310.31	0.0032226	483.38	551.06	1.9367	0.87747	1.5304	329.50	2.4352	29.740	0.044098	supercritical
445.00	21.000	307.82	0.0032487	485.38	553.60	1.9425	0.87733	1.5213	330.15	2.4242	29.701	0.044006	supercritical
446.67	21.000	305.38	0.0032746	487.36	556.13	1.9481	0.87721	1.5125	330.81	2.4129	29.665	0.043917	supercritical
448.33	21.000	303.00	0.0033003	489.34	558.64	1.9537	0.87711	1.5040	331.47	2.4014	29.632	0.043831	supercritical
450.00	21.000	300.67	0.0033260	491.30	561.14	1.9593	0.87704	1.4958	332.14	2.3897	29.602	0.043746	supercritical
451.67	21.000	298.38	0.0033514	493.25	563.63	1.9648	0.87699	1.4878	332.81	2.3779	29.575	0.043660	supercritical
453.33	21.000	296.14	0.0033768	495.19	566.10	1.9703	0.87696	1.4801	333.48	2.3659	29.550	0.043569	supercritical
455.00	21.000	293.94	0.0034020	497.12	568.56	1.9757	0.87695	1.4726	334.16	2.3537	29.528	0.043460	supercritical
456.67	21.000	291.79	0.0034271	499.04	571.01	1.9811	0.87697	1.4653	334.84	2.3414	29.509	0.043286	supercritical
458.33	21.000	289.68	0.0034521	500.95	573.45	1.9864	0.87700	1.4583	335.52	2.3290	29.492	0.043277	supercritical
460.00	21.000	287.61	0.0034769	502.86	575.87	1.9917	0.87705	1.4515	336.20	2.3165	29.476	0.043272	supercritical
461.67	21.000	285.58	0.0035016	504.75	578.29	1.9969	0.87712	1.4449	336.88	2.3038	29.463	0.043269	supercritical
463.33	21.000	283.59	0.0035262	506.64	580.69	2.0021	0.87720	1.4385	337.57	2.2911	29.453	0.043270	supercritical
465.00	21.000	281.63	0.0035507	508.52	583.08	2.0073	0.87731	1.4323	338.25	2.2784	29.444	0.043273	supercritical
466.67	21.000	279.71	0.0035751	510.39	585.46	2.0124	0.87743	1.4263	338.94	2.2655	29.437	0.043279	supercritical
468.33	21.000	277.83	0.0035993	512.25	587.84	2.0175	0.87757	1.4205	339.62	2.2526	29.431	0.043289	supercritical
470.00	21.000	275.98	0.0036235	514.11	590.20	2.0225	0.87773	1.4149	340.31	2.2397	29.428	0.043300	supercritical
471.67	21.000	274.16	0.0036475	515.95	592.55	2.0275	0.87790	1.4094	341.00	2.2267	29.426	0.043315	supercritical
473.33	21.000	272.37	0.0036714	517.80	594.90	2.0325	0.87809	1.4041	341.69	2.2136	29.426	0.043331	supercritical
475.00	21.000	270.62	0.0036953	519.63	597.23	2.0374	0.87829	1.3989	342.38	2.2006	29.427	0.043350	supercritical
476.67	21.000	268.89	0.0037190	521.46	599.56	2.0423	0.87850	1.3939	343.07	2.1875	29.430	0.043372	supercritical
478.33	21.000	267.19	0.0037426	523.28	601.88	2.0471	0.87874	1.3890	343.75	2.1744	29.434	0.043395	supercritical
480.00	21.000	265.53	0.0037661	525.10	604.19	2.0520	0.87898	1.3843	344.44	2.1613	29.440	0.043421	supercritical
481.67	21.000	263.89	0.0037895	526.91	606.49	2.0567	0.87924	1.3798	345.13	2.1482	29.447	0.043449	supercritical
483.33	21.000	262.27	0.0038128	528.72	608.79	2.0615	0.87951	1.3753	345.82	2.1351	29.455	0.043479	supercritical
485.00	21.000	260.68	0.0038361	530.52	611.08	2.0662	0.87979	1.3710	346.50	2.1221	29.464	0.043511	supercritical
486.67	21.000	259.12	0.0038592	532.32	613.36	2.0709	0.88009	1.3668	347.19	2.1090	29.475	0.043545	supercritical
488.33	21.000	257.58	0.0038822	534.11	615.63	2.0756	0.88040	1.3627	347.87	2.0959	29.487	0.043581	supercritical
490.00	21.000	256.07	0.0039052	535.89	617.90	2.0802	0.88072	1.3588	348.56	2.0829	29.500	0.043618	supercritical
491.67	21.000	254.58	0.0039281	537.67	620.16	2.0848	0.88105	1.3549	349.24	2.0699	29.514	0.043658	supercritical
493.33	21.000	253.11	0.0039508	539.45	622.42	2.0894	0.88139	1.3512	349.92	2.0569	29.529	0.043699	supercritical
495.00	21.000	251.66	0.0039735	541.22	624.67	2.0940	0.88175	1.3476	350.60	2.0439	29.545	0.043741	supercritical
496.67	21.000	250.24	0.0039961	542.99	626.91	2.0985	0.88211	1.3440	351.28	2.0310	29.561	0.043786	supercritical
498.33	21.000	248.84	0.0040187	544.75	629.15	2.1030	0.88248	1.3406	351.96	2.0181	29.579	0.043832	supercritical
500.00	21.000	247.46	0.0040411	546.51	631.38	2.1075	0.88287	1.3373	352.64	2.0053	29.598	0.043879	supercritical
501.67	21.000	246.09	0.0040635	548.27	633.60	2.1119	0.88326	1.3340	353.32	1.9925	29.618	0.043928	supercritical
503.33	21.000	244.75	0.0040858	550.02	635.83	2.1163	0.88366	1.3309	353.99	1.9798	29.638	0.043978	supercritical
505.00	21.000	243.43	0.0041080	551.77	638.04	2.1207	0.88407	1.3278	354.66	1.9671	29.659	0.044030	supercritical
506.67	21.000	242.12	0.0041301	553.52	640.25	2.1251	0.88449	1.3249	355.34	1.9544	29.681	0.044083	supercritical
508.33	21.000	240.84	0.0041522	555.26	642.46	2.1294	0.88492	1.3220	356.01	1.9418	29.704	0.044137	supercritical
510.00	21.000	239.57	0.0041742	557.00	644.66	2.1338	0.88536	1.3192	356.68	1.9292	29.727	0.044193	supercritical
511.67	21.000	238.31	0.0041961	558.74	646.85	2.1381	0.88580	1.3164	357.35	1.9167	29.751	0.044250	supercritical
513.33	21.000	237.08	0.0042180	560.47	649.05	2.1423	0.88626	1.3138	358.01	1.9043	29.776	0.044308	supercritical
515.00	21.000	235.86	0.0042398	562.20	651.23	2.1466	0.88672	1.3112	358.68	1.8919	29.802	0.044368	supercritical
516.67	21.000	234.66	0.0042615	563.93	653.42	2.1508	0.88718	1.3087	359.34	1.8796	29.828	0.044428	supercritical
518.33	21.000	233.47	0.0042831	565.65	655.60	2.1550	0.88766	1.3062	360.00	1.8673	29.855	0.044490	supercritical
520.00	21.000	232.30	0.0043047	567.37	657.77	2.1592	0.88814	1.3038	360.66	1.8551	29.882	0.044553	supercritical
521.67	21.000	231.15	0.0043262	569.09	659.94	2.1634	0.88863	1.3015	361.32	1.8430	29.910	0.044617	supercritical
523.33	21.000	230.01	0.0043477	570.81	662.11	2.1675	0.88912	1.2992	361.98	1.8309	29.939	0.044682	supercritical
525.00	21.000	228.88	0.0043691	572.52	664.27	2.1717	0.88962	1.2971	362.64	1.8189	29.968	0.044747	supercritical
526.67	21.000	227.77	0.0043904	574.23	666.43	2.1758	0.89013	1.2949	363.29	1.8069	29.997	0.044814	supercritical
528.33	21.000	226.67	0.0044117	575.94	668.59	2.1799	0.89064	1.2928	363.94	1.7951	30.027	0.044882	supercritical
530.00	21.000	225.59	0.0044329	577.65	670.74	2.1839	0.89116	1.2908	364.60	1.7832	30.058	0.044951	supercritical
531.67	21.000	224.52	0.0044540	579.36	672.89	2.1880	0.89168	1.2889	365.25	1.7715	30.089	0.045021	supercritical
533.33	21.000	223.46	0.0044751	581.06	675.04	2.1920	0.89221	1.2870	365.89	1.7598	30.121	0.045092	supercritical
535.00	21.000	222.41	0.0044962	582.76	677.18	2.1960	0.89275	1.2851	366.54	1.7482	30.153	0.045163	supercritical
536.67	21.000	221.38	0.0045171	584.46	679.32	2.2000	0.89329	1.2833	367.18	1.7366	30.185	0.045236	supercritical
538.33	21.000	220.36	0.0045380	586.16	681.46	2.2040	0.89383	1.2815	367.83	1.7252	30.218	0.045309	supercritical
540.00	21.000	219.35	0.0045589	587.86	683.59	2.2080	0.89438	1.2798	368.47	1.7137	30.251	0.045383	supercritical
541.67	21.000	218.35	0.0045797	589.55	685.73	2.2119	0.89493	1.2781	369.11	1.7024	30.285	0.045458	supercritical
543.33	21.000	217.37	0.0046005	591.24	687.85	2.2158	0.89549	1.2765	369.75	1.6911	30.319	0.045534	supercritical
545.00	21.000	216.39	0.0046212	592.94	689.98	2.2197	0.89605	1.2749	370.38	1.6799	30.353	0.045610	supercritical
546.67	21.000	215.43	0.0046419	594.63	692.10	2.2236	0.89662	1.2734	371.02	1.6688	30.388	0.045688	supercritical
548.33	21.000	214.48	0.0046625	596.31	694.23	2.2275	0.89719	1.2719	371.65	1.6577	30.423	0.045766	supercritical
550.00	21.000	213.54	0.0046830	598.00	696.34	2.2313	0.89777	1.2705	372.28	1.6467	30.459	0.045844	supercritical
551.67	21.000	212.61	0.0047035	599.69	698.46	2.2352	0.89834	1.2691	372.91	1.6358	30.495	0.045924	supercritical
553.33	21.000	211.69	0.0047240	601.37	700.57	2.2390	0.89893	1.2677	373.54	1.6249	30.531	0.046004	supercritical
555.00	21.000	210.78	0.0047444	603.05	702.69	2.2428	0.89951	1.2664	374.17	1.6142	30.567	0.046084	supercritical
556.67	21.000	209.87	0.0047648	604.74	704.80	2.2466	0.90010	1.2651	374.79	1.6034	30.604	0.046166	supercritical
558.33	21.000	208.98	0.0047851	606.42	706.90	2.2504	0.90069	1.2638	375.42	1.5928	30.641	0.046248	supercritical
560.00	21.000	208.10	0.0048053	608.10	709.01	2.2542	0.90129	1.2626	376.04	1.5822	30.679	0.046331	supercritical
561.67	21.000	207.23	0.0048256	609.77	711.11	2.2579	0.90189	1.2614	376.66	1.5717	30.716	0.046414	supercritical
563.33	21.000	206.37	0.0048457	611.45	713.21	2.2617	0.90249	1.2602	377.28	1.5613	30.754	0.046498	supercritical
565.00	21.000	205.51	0.0048659	613.13	715.31	2.2654	0.90309	1.2591	377.89	1.5509	30.792	0.046582	supercritical
566.67	21.000	204.67	0.0048860	614.80	717.41	2.2691	0.90370	1.2580	378.51	1.5406	30.831	0.046667	supercritical
568.33	21.000	203.83	0.0049060	616.48	719.51	2.2728	0.90431	1.2569	379.12	1.5304	30.870	0.046753	supercritical
570.00	21.000	203.00	0.0049260	618.15	721.60	2.2765	0.90492	1.2559	379.73	1.5202	30.909	0.046839	supercritical
571.67	21.000	202.18	0.0049460	619.83	723.69	2.2801	0.90554	1.2549	380.34	1.5101	30.948	0.046926	supercritical
573.33	21.000	201.37	0.0049659	621.50	725.78	2.2838	0.90615	1.2539	380.95	1.5001	30.987	0.047013	supercritical
575.00	21.000	200.57	0.0049858	623.17	727.87	2.2874	0.90677	1.2529	381.56	1.4901	31.027	0.047101	supercritical
576.67	21.000	199.77	0.0050056	624.84	729.96	2.2910	0.90740	1.2520	382.17	1.4802	31.067	0.047189	supercritical
578.33	21.000	198.99	0.0050254	626.51	732.05	2.2946	0.90802	1.2511	382.77	1.4704	31.107	0.047278	supercritical
580.00	21.000	198.21	0.0050452	628.18	734.13	2.2982	0.90865	1.2503	383.37	1.4606	31.147	0.047367	supercritical
581.67	21.000	197.44	0.0050649	629.85	736.21	2.3018	0.90927	1.2494	383.97	1.4509	31.188	0.047457	supercritical
583.33	21.000	196.67	0.0050846	631.52	738.29	2.3054	0.90990	1.2486	384.57	1.4413	31.228	0.047547	supercritical
585.00	21.000	195.91	0.0051043	633.18	740.37	2.3090	0.91053	1.2478	385.17	1.4317	31.269	0.047638	supercritical
586.67	21.000	195.16	0.0051239	634.85	742.45	2.3125	0.91117	1.2470	385.77	1.4222	31.310	0.047729	supercritical
588.33	21.000	194.42	0.0051435	636.52	744.53	2.3161	0.91180	1.2463	386.36	1.4128	31.352	0.047820	supercritical
590.00	21.000	193.69	0.0051630	638.18	746.61	2.3196	0.91244	1.2456	386.96	1.4034	31.393	0.047912	supercritical
591.67	21.000	192.96	0.0051825	639.85	748.68	2.3231	0.91308	1.2449	387.55	1.3941	31.435	0.048004	supercritical
593.33	21.000	192.23	0.0052020	641.52	750.76	2.3266	0.91372	1.2442	388.14	1.3849	31.477	0.048097	supercritical
595.00	21.000	191.52	0.0052214	643.18	752.83	2.3301	0.91436	1.2435	388.73	1.3757	31.519	0.048190	supercritical
596.67	21.000	190.81	0.0052408	644.85	754.90	2.3336	0.91500	1.2429	389.32	1.3666	31.561	0.048284	supercritical
598.33	21.000	190.11	0.0052602	646.51	756.97	2.3370	0.91564	1.2423	389.90	1.3576	31.603	0.048378	supercritical
600.00	21.000	189.41	0.0052795	648.17	759.04	2.3405	0.91629	1.2416	390.49	1.3486	31.645	0.048472	supercritical
601.67	21.000	188.72	0.0052988	649.84	761.11	2.3439	0.91693	1.2411	391.07	1.3396	31.688	0.048567	supercritical
603.33	21.000	188.04	0.0053181	651.50	763.18	2.3474	0.91758	1.2405	391.65	1.3308	31.731	0.048662	supercritical
605.00	21.000	187.36	0.0053373	653.16	765.25	2.3508	0.91823	1.2400	392.23	1.3220	31.773	0.048757	supercritical
606.67	21.000	186.69	0.0053565	654.83	767.31	2.3542	0.91887	1.2394	392.81	1.3132	31.816	0.048853	supercritical
608.33	21.000	186.02	0.0053757	656.49	769.38	2.3576	0.91952	1.2389	393.39	1.3046	31.860	0.048949	supercritical
610.00	21.000	185.36	0.0053948	658.15	771.44	2.3610	0.92017	1.2384	393.96	1.2959	31.903	0.049046	supercritical
611.67	21.000	184.71	0.0054139	659.81	773.51	2.3644	0.92082	1.2380	394.54	1.2874	31.946	0.049143	supercritical
613.33	21.000	184.06	0.0054330	661.48	775.57	2.3677	0.92148	1.2375	395.11	1.2789	31.990	0.049240	supercritical
615.00	21.000	183.42	0.0054521	663.14	777.63	2.3711	0.92213	1.2371	395.68	1.2704	32.033	0.049337	supercritical
616.67	21.000	182.78	0.0054711	664.80	779.69	2.3744	0.92278	1.2366	396.25	1.2620	32.077	0.049435	supercritical
618.33	21.000	182.15	0.0054901	666.46	781.75	2.3778	0.92344	1.2362	396.82	1.2537	32.121	0.049533	supercritical
620.00	21.000	181.52	0.0055090	668.12	783.81	2.3811	0.92409	1.2358	397.39	1.2454	32.165	0.049631	supercritical
621.67	21.000	180.90	0.0055280	669.79	785.87	2.3844	0.92474	1.2355	397.95	1.2372	32.209	0.049730	supercritical
623.33	21.000	180.28	0.0055469	671.45	787.93	2.3877	0.92540	1.2351	398.52	1.2291	32.253	0.049829	supercritical
625.00	21.000	179.67	0.0055658	673.11	789.99	2.3910	0.92605	1.2347	399.08	1.2210	32.297	0.049928	supercritical
626.67	21.000	179.06	0.0055846	674.77	792.05	2.3943	0.92671	1.2344	399.64	1.2129	32.341	0.050027	supercritical
628.33	21.000	178.46	0.0056034	676.43	794.11	2.3976	0.92737	1.2341	400.21	1.2049	32.386	0.050127	supercritical
630.00	21.000	177.87	0.0056222	678.10	796.16	2.4008	0.92802	1.2338	400.76	1.1970	32.430	0.050227	supercritical
631.67	21.000	177.27	0.0056410	679.76	798.22	2.4041	0.92868	1.2335	401.32	1.1891	32.475	0.050327	supercritical
633.33	21.000	176.69	0.0056597	681.42	800.27	2.4074	0.92934	1.2332	401.88	1.1813	32.520	0.050428	supercritical
635.00	21.000	176.10	0.0056784	683.08	802.33	2.4106	0.92999	1.2329	402.43	1.1735	32.564	0.050528	supercritical
636.67	21.000	175.53	0.0056971	684.74	804.38	2.4138	0.93065	1.2326	402.99	1.1658	32.609	0.050629	supercritical
638.33	21.000	174.95	0.0057158	686.41	806.44	2.4170	0.93131	1.2324	403.54	1.1581	32.654	0.050731	supercritical
640.00	21.000	174.39	0.0057344	688.07	808.49	2.4203	0.93196	1.2322	404.09	1.1505	32.699	0.050832	supercritical
641.67	21.000	173.82	0.0057530	689.73	810.54	2.4235	0.93262	1.2319	404.64	1.1429	32.744	0.050934	supercritical
643.33	21.000	173.26	0.0057716	691.39	812.60	2.4267	0.93328	1.2317	405.19	1.1354	32.789	0.051036	supercritical
645.00	21.000	172.71	0.0057902	693.06	814.65	2.4298	0.93394	1.2315	405.74	1.1280	32.835	0.051138	supercritical
646.67	21.000	172.15	0.0058087	694.72	816.70	2.4330	0.93459	1.2313	406.29	1.1205	32.880	0.051240	supercritical
648.33	21.000	171.61	0.0058272	696.38	818.75	2.4362	0.93525	1.2311	406.83	1.1132	32.925	0.051343	supercritical
650.00	21.000	171.06	0.0058457	698.05	820.81	2.4394	0.93591	1.2310	407.38	1.1059	32.971	0.051446	supercritical
651.67	21.000	170.53	0.0058642	699.71	822.86	2.4425	0.93656	1.2308	407.92	1.0986	33.016	0.051549	supercritical
653.33	21.000	169.99	0.0058827	701.37	824.91	2.4457	0.93722	1.2306	408.46	1.0914	33.062	0.051652	supercritical
655.00	21.000	169.46	0.0059011	703.04	826.96	2.4488	0.93788	1.2305	409.00	1.0842	33.107	0.051755	supercritical
656.67	21.000	168.93	0.0059195	704.70	829.01	2.4519	0.93853	1.2304	409.54	1.0771	33.153	0.051859	supercritical
658.33	21.000	168.41	0.0059378	706.37	831.06	2.4550	0.93919	1.2302	410.08	1.0701	33.199	0.051963	supercritical
660.00	21.000	167.89	0.0059562	708.03	833.11	2.4581	0.93984	1.2301	410.62	1.0630	33.244	0.052066	supercritical
661.67	21.000	167.38	0.0059745	709.70	835.16	2.4612	0.94050	1.2300	411.15	1.0561	33.290	0.052171	supercritical
663.33	21.000	166.87	0.0059928	711.36	837.21	2.4643	0.94115	1.2299	411.69	1.0491	33.336	0.052275	supercritical
665.00	21.000	166.36	0.0060111	713.03	839.26	2.4674	0.94181	1.2298	412.22	1.0423	33.382	0.052379	supercritical
666.67	21.000	165.85	0.0060294	714.69	841.31	2.4705	0.94246	1.2298	412.75	1.0354	33.428	0.052484	supercritical
668.33	21.000	165.35	0.0060476	716.36	843.36	2.4736	0.94311	1.2297	413.28	1.0286	33.474	0.052589	supercritical
670.00	21.000	164.86	0.0060659	718.03	845.41	2.4766	0.94377	1.2296	413.81	1.0219	33.520	0.052694	supercritical
671.67	21.000	164.36	0.0060841	719.69	847.46	2.4797	0.94442	1.2296	414.34	1.0152	33.566	0.052799	supercritical
673.33	21.000	163.87	0.0061023	721.36	849.51	2.4827	0.94507	1.2295	414.87	1.0085	33.612	0.052904	supercritical
675.00	21.000	163.39	0.0061204	723.03	851.56	2.4858	0.94572	1.2295	415.40	1.0019	33.658	0.053010	supercritical
676.67	21.000	162.90	0.0061386	724.70	853.61	2.4888	0.94637	1.2294	415.92	0.99538	33.705	0.053115	supercritical
678.33	21.000	162.42	0.0061567	726.37	855.66	2.4918	0.94702	1.2294	416.45	0.98885	33.751	0.053221	supercritical
680.00	21.000	161.95	0.0061748	728.03	857.70	2.4949	0.94767	1.2294	416.97	0.98238	33.797	0.053327	supercritical
681.67	21.000	161.48	0.0061929	729.70	859.75	2.4979	0.94832	1.2294	417.49	0.97594	33.844	0.053433	supercritical
683.33	21.000	161.01	0.0062109	731.37	861.80	2.5009	0.94897	1.2294	418.01	0.96955	33.890	0.053539	supercritical
685.00	21.000	160.54	0.0062290	733.04	863.85	2.5039	0.94962	1.2294	418.53	0.96320	33.936	0.053645	supercritical
686.67	21.000	160.08	0.0062470	734.71	865.90	2.5068	0.95026	1.2294	419.05	0.95689	33.983	0.053752	supercritical
688.33	21.000	159.62	0.0062650	736.38	867.95	2.5098	0.95091	1.2294	419.57	0.95062	34.029	0.053858	supercritical
690.00	21.000	159.16	0.0062830	738.06	870.00	2.5128	0.95156	1.2294	420.08	0.94440	34.076	0.053965	supercritical
691.67	21.000	158.71	0.0063010	739.73	872.05	2.5158	0.95220	1.2295	420.60	0.93821	34.122	0.054072	supercritical
693.33	21.000	158.25	0.0063189	741.40	874.10	2.5187	0.95285	1.2295	421.11	0.93206	34.169	0.054179	supercritical
695.00	21.000	157.81	0.0063369	743.07	876.15	2.5217	0.95349	1.2295	421.63	0.92596	34.215	0.054286	supercritical
696.67	21.000	157.36	0.0063548	744.74	878.20	2.5246	0.95413	1.2296	422.14	0.91989	34.262	0.054393	supercritical
698.33	21.000	156.92	0.0063727	746.42	880.24	2.5276	0.95477	1.2296	422.65	0.91387	34.309	0.054500	supercritical
700.00	21.000	156.48	0.0063906	748.09	882.29	2.5305	0.95542	1.2297	423.16	0.90788	34.355	0.054608	supercritical
701.67	21.000	156.04	0.0064084	749.77	884.34	2.5334	0.95606	1.2297	423.67	0.90193	34.402	0.054715	supercritical
703.33	21.000	155.61	0.0064263	751.44	886.39	2.5363	0.95670	1.2298	424.18	0.89602	34.448	0.054823	supercritical
705.00	21.000	155.18	0.0064441	753.12	888.44	2.5392	0.95733	1.2299	424.69	0.89015	34.495	0.054931	supercritical
706.67	21.000	154.75	0.0064619	754.79	890.49	2.5421	0.95797	1.2300	425.19	0.88431	34.542	0.055039	supercritical
708.33	21.000	154.33	0.0064797	756.47	892.54	2.5450	0.95861	1.2300	425.70	0.87851	34.589	0.055147	supercritical
710.00	21.000	153.90	0.0064975	758.14	894.59	2.5479	0.95924	1.2301	426.20	0.87275	34.635	0.055255	supercritical
711.67	21.000	153.49	0.0065153	759.82	896.64	2.5508	0.95988	1.2302	426.71	0.86703	34.682	0.055363	supercritical
713.33	21.000	153.07	0.0065330	761.50	898.69	2.5537	0.96051	1.2303	427.21	0.86134	34.729	0.055471	supercritical
715.00	21.000	152.65	0.0065508	763.18	900.74	2.5566	0.96115	1.2304	427.71	0.85569	34.776	0.055579	supercritical
716.67	21.000	152.24	0.0065685	764.86	902.79	2.5594	0.96178	1.2305	428.21	0.85008	34.823	0.055688	supercritical
718.33	21.000	151.83	0.0065862	766.54	904.85	2.5623	0.96241	1.2306	428.71	0.84450	34.869	0.055796	supercritical
720.00	21.000	151.43	0.0066039	768.22	906.90	2.5651	0.96304	1.2308	429.21	0.83895	34.916	0.055905	supercritical
721.67	21.000	151.02	0.0066215	769.90	908.95	2.5680	0.96367	1.2309	429.71	0.83344	34.963	0.056013	supercritical
723.33	21.000	150.62	0.0066392	771.58	911.00	2.5708	0.96430	1.2310	430.20	0.82797	35.010	0.056122	supercritical
725.00	21.000	150.22	0.0066568	773.26	913.05	2.5737	0.96493	1.2311	430.70	0.82253	35.057	0.056231	supercritical
726.67	21.000	149.83	0.0066744	774.94	915.10	2.5765	0.96555	1.2313	431.19	0.81712	35.104	0.056340	supercritical
728.33	21.000	149.43	0.0066921	776.62	917.16	2.5793	0.96618	1.2314	431.69	0.81175	35.151	0.056449	supercritical
730.00	21.000	149.04	0.0067096	778.31	919.21	2.5821	0.96680	1.2315	432.18	0.80641	35.198	0.056558	supercritical
731.67	21.000	148.65	0.0067272	779.99	921.26	2.5849	0.96743	1.2317	432.67	0.80111	35.245	0.056667	supercritical
733.33	21.000	148.26	0.0067448	781.67	923.31	2.5877	0.96805	1.2318	433.16	0.79584	35.291	0.056776	supercritical
735.00	21.000	147.88	0.0067623	783.36	925.37	2.5905	0.96867	1.2320	433.66	0.79060	35.338	0.056885	supercritical
736.67	21.000	147.50	0.0067799	785.04	927.42	2.5933	0.96929	1.2321	434.14	0.78539	35.385	0.056995	supercritical
738.33	21.000	147.12	0.0067974	786.73	929.47	2.5961	0.96991	1.2323	434.63	0.78021	35.432	0.057104	supercritical
740.00	21.000	146.74	0.0068149	788.42	931.53	2.5989	0.97053	1.2324	435.12	0.77507	35.479	0.057214	supercritical
741.67	21.000	146.36	0.0068324	790.10	933.58	2.6017	0.97115	1.2326	435.61	0.76996	35.526	0.057323	supercritical
743.33	21.000	145.99	0.0068499	791.79	935.64	2.6044	0.97176	1.2328	436.09	0.76488	35.573	0.057433	supercritical
745.00	21.000	145.62	0.0068673	793.48	937.69	2.6072	0.97238	1.2330	436.58	0.75983	35.620	0.057542	supercritical
746.67	21.000	145.25	0.0068848	795.17	939.75	2.6099	0.97299	1.2331	437.06	0.75481	35.667	0.057652	supercritical
748.33	21.000	144.88	0.0069022	796.86	941.80	2.6127	0.97360	1.2333	437.55	0.74983	35.714	0.057762	supercritical
750.00	21.000	144.52	0.0069197	798.54	943.86	2.6154	0.97421	1.2335	438.03	0.74487	35.761	0.057872	supercritical
751.67	21.000	144.15	0.0069371	800.24	945.91	2.6182	0.97482	1.2337	438.51	0.73994	35.808	0.057982	supercritical
753.33	21.000	143.79	0.0069545	801.93	947.97	2.6209	0.97543	1.2339	438.99	0.73505	35.855	0.058092	supercritical
755.00	21.000	143.43	0.0069719	803.62	950.03	2.6236	0.97604	1.2340	439.47	0.73018	35.902	0.058202	supercritical
756.67	21.000	143.08	0.0069892	805.31	952.08	2.6264	0.97665	1.2342	439.95	0.72534	35.949	0.058312	supercritical
758.33	21.000	142.72	0.0070066	807.00	954.14	2.6291	0.97726	1.2344	440.43	0.72053	35.996	0.058422	supercritical
760.00	21.000	142.37	0.0070239	808.70	956.20	2.6318	0.97786	1.2346	440.90	0.71575	36.043	0.058532	supercritical
761.67	21.000	142.02	0.0070413	810.39	958.26	2.6345	0.97846	1.2348	441.38	0.71100	36.090	0.058642	supercritical
763.33	21.000	141.67	0.0070586	812.08	960.31	2.6372	0.97907	1.2350	441.86	0.70628	36.137	0.058752	supercritical
765.00	21.000	141.32	0.0070759	813.78	962.37	2.6399	0.97967	1.2352	442.33	0.70159	36.184	0.058862	supercritical
766.67	21.000	140.98	0.0070932	815.47	964.43	2.6426	0.98027	1.2354	442.80	0.69692	36.231	0.058973	supercritical
768.33	21.000	140.64	0.0071105	817.17	966.49	2.6453	0.98087	1.2357	443.28	0.69228	36.278	0.059083	supercritical
770.00	21.000	140.30	0.0071278	818.87	968.55	2.6479	0.98146	1.2359	443.75	0.68767	36.325	0.059193	supercritical
771.67	21.000	139.96	0.0071450	820.56	970.61	2.6506	0.98206	1.2361	444.22	0.68309	36.372	0.059304	supercritical
773.33	21.000	139.62	0.0071623	822.26	972.67	2.6533	0.98266	1.2363	444.69	0.67853	36.419	0.059414	supercritical
775.00	21.000	139.29	0.0071795	823.96	974.73	2.6559	0.98325	1.2365	445.16	0.67400	36.466	0.059525	supercritical
776.67	21.000	138.95	0.0071967	825.66	976.79	2.6586	0.98384	1.2367	445.63	0.66950	36.513	0.059635	supercritical
778.33	21.000	138.62	0.0072140	827.36	978.85	2.6612	0.98443	1.2370	446.10	0.66502	36.559	0.059746	supercritical
780.00	21.000	138.29	0.0072312	829.06	980.92	2.6639	0.98503	1.2372	446.57	0.66057	36.606	0.059856	supercritical
781.67	21.000	137.96	0.0072483	830.76	982.98	2.6665	0.98561	1.2374	447.03	0.65615	36.653	0.059967	supercritical
783.33	21.000	137.64	0.0072655	832.46	985.04	2.6692	0.98620	1.2377	447.50	0.65175	36.700	0.060077	supercritical
785.00	21.000	137.31	0.0072827	834.17	987.10	2.6718	0.98679	1.2379	447.97	0.64738	36.747	0.060188	supercritical
786.67	21.000	136.99	0.0072999	835.87	989.17	2.6744	0.98738	1.2381	448.43	0.64303	36.794	0.060299	supercritical
788.33	21.000	136.67	0.0073170	837.57	991.23	2.6770	0.98796	1.2384	448.89	0.63871	36.841	0.060409	supercritical
790.00	21.000	136.35	0.0073341	839.28	993.29	2.6797	0.98854	1.2386	449.36	0.63441	36.888	0.060520	supercritical
791.67	21.000	136.03	0.0073513	840.98	995.36	2.6823	0.98912	1.2388	449.82	0.63014	36.935	0.060631	supercritical
793.33	21.000	135.72	0.0073684	842.69	997.42	2.6849	0.98971	1.2391	450.28	0.62590	36.982	0.060742	supercritical
795.00	21.000	135.40	0.0073855	844.39	999.49	2.6875	0.99029	1.2393	450.74	0.62167	37.028	0.060852	supercritical
796.67	21.000	135.09	0.0074026	846.10	1001.6	2.6901	0.99086	1.2396	451.20	0.61747	37.075	0.060963	supercritical
798.33	21.000	134.78	0.0074197	847.81	1003.6	2.6927	0.99144	1.2398	451.66	0.61330	37.122	0.061074	supercritical
800.00	21.000	134.47	0.0074367	849.52	1005.7	2.6952	0.99202	1.2401	452.12	0.60915	37.169	0.061185	supercritical
801.67	21.000	134.16	0.0074538	851.23	1007.8	2.6978	0.99259	1.2403	452.58	0.60502	37.216	0.061296	supercritical
803.33	21.000	133.85	0.0074708	852.93	1009.8	2.7004	0.99316	1.2406	453.03	0.60092	37.263	0.061407	supercritical
805.00	21.000	133.55	0.0074879	854.64	1011.9	2.7030	0.99374	1.2408	453.49	0.59684	37.309	0.061518	supercritical
806.67	21.000	133.25	0.0075049	856.36	1014.0	2.7055	0.99431	1.2411	453.95	0.59278	37.356	0.061628	supercritical
808.33	21.000	132.94	0.0075219	858.07	1016.0	2.7081	0.99488	1.2413	454.40	0.58875	37.403	0.061739	supercritical
810.00	21.000	132.64	0.0075389	859.78	1018.1	2.7107	0.99544	1.2416	454.86	0.58474	37.450	0.061850	supercritical
811.67	21.000	132.35	0.0075560	861.49	1020.2	2.7132	0.99601	1.2418	455.31	0.58075	37.497	0.061961	supercritical
813.33	21.000	132.05	0.0075729	863.20	1022.2	2.7158	0.99658	1.2421	455.76	0.57678	37.543	0.062072	supercritical
815.00	21.000	131.75	0.0075899	864.92	1024.3	2.7183	0.99714	1.2424	456.21	0.57284	37.590	0.062183	supercritical
816.67	21.000	131.46	0.0076069	866.63	1026.4	2.7208	0.99770	1.2426	456.67	0.56891	37.637	0.062294	supercritical
818.33	21.000	131.17	0.0076239	868.35	1028.4	2.7234	0.99827	1.2429	457.12	0.56501	37.683	0.062405	supercritical
820.00	21.000	130.88	0.0076408	870.06	1030.5	2.7259	0.99883	1.2431	457.57	0.56113	37.730	0.062516	supercritical
821.67	21.000	130.59	0.0076578	871.78	1032.6	2.7284	0.99939	1.2434	458.02	0.55728	37.777	0.062627	supercritical
823.33	21.000	130.30	0.0076747	873.50	1034.7	2.7309	0.99994	1.2437	458.46	0.55344	37.824	0.062738	supercritical
825.00	21.000	130.01	0.0076916	875.21	1036.7	2.7335	1.0005	1.2439	458.91	0.54963	37.870	0.062849	supercritical
826.67	21.000	129.73	0.0077085	876.93	1038.8	2.7360	1.0011	1.2442	459.36	0.54583	37.917	0.062960	supercritical
828.33	21.000	129.44	0.0077254	878.65	1040.9	2.7385	1.0016	1.2445	459.81	0.54206	37.964	0.063071	supercritical
830.00	21.000	129.16	0.0077423	880.37	1043.0	2.7410	1.0022	1.2447	460.25	0.53831	38.010	0.063182	supercritical
831.67	21.000	128.88	0.0077592	882.09	1045.0	2.7435	1.0027	1.2450	460.70	0.53458	38.057	0.063293	supercritical
833.33	21.000	128.60	0.0077761	883.81	1047.1	2.7460	1.0033	1.2453	461.14	0.53087	38.103	0.063404	supercritical
835.00	21.000	128.32	0.0077930	885.53	1049.2	2.7485	1.0038	1.2456	461.59	0.52718	38.150	0.063515	supercritical
836.67	21.000	128.04	0.0078098	887.25	1051.3	2.7509	1.0044	1.2458	462.03	0.52351	38.197	0.063626	supercritical
838.33	21.000	127.77	0.0078267	888.98	1053.3	2.7534	1.0049	1.2461	462.47	0.51986	38.243	0.063737	supercritical
840.00	21.000	127.49	0.0078435	890.70	1055.4	2.7559	1.0055	1.2464	462.92	0.51623	38.290	0.063848	supercritical
841.67	21.000	127.22	0.0078604	892.42	1057.5	2.7584	1.0060	1.2467	463.36	0.51262	38.336	0.063959	supercritical
843.33	21.000	126.95	0.0078772	894.15	1059.6	2.7608	1.0065	1.2470	463.80	0.50902	38.383	0.064070	supercritical
845.00	21.000	126.68	0.0078940	895.87	1061.6	2.7633	1.0071	1.2472	464.24	0.50545	38.429	0.064181	supercritical
846.67	21.000	126.41	0.0079108	897.60	1063.7	2.7658	1.0076	1.2475	464.68	0.50190	38.476	0.064292	supercritical
848.33	21.000	126.14	0.0079276	899.33	1065.8	2.7682	1.0082	1.2478	465.12	0.49837	38.522	0.064403	supercritical
850.00	21.000	125.87	0.0079444	901.05	1067.9	2.7707	1.0087	1.2481	465.56	0.49485	38.569	0.064514	supercritical
851.67	21.000	125.61	0.0079612	902.78	1070.0	2.7731	1.0092	1.2484	465.99	0.49135	38.615	0.064625	supercritical
853.33	21.000	125.35	0.0079780	904.51	1072.0	2.7755	1.0098	1.2486	466.43	0.48788	38.661	0.064736	supercritical
855.00	21.000	125.08	0.0079947	906.24	1074.1	2.7780	1.0103	1.2489	466.87	0.48442	38.708	0.064847	supercritical
856.67	21.000	124.82	0.0080115	907.97	1076.2	2.7804	1.0108	1.2492	467.30	0.48098	38.754	0.064958	supercritical
858.33	21.000	124.56	0.0080282	909.70	1078.3	2.7828	1.0114	1.2495	467.74	0.47755	38.801	0.065069	supercritical
860.00	21.000	124.30	0.0080450	911.43	1080.4	2.7853	1.0119	1.2498	468.17	0.47415	38.847	0.065180	supercritical
861.67	21.000	124.04	0.0080617	913.16	1082.5	2.7877	1.0124	1.2501	468.61	0.47076	38.893	0.065291	supercritical
863.33	21.000	123.79	0.0080784	914.90	1084.5	2.7901	1.0130	1.2503	469.04	0.46740	38.940	0.065402	supercritical
865.00	21.000	123.53	0.0080952	916.63	1086.6	2.7925	1.0135	1.2506	469.47	0.46404	38.986	0.065513	supercritical
866.67	21.000	123.28	0.0081119	918.36	1088.7	2.7949	1.0140	1.2509	469.90	0.46071	39.032	0.065624	supercritical
868.33	21.000	123.02	0.0081286	920.10	1090.8	2.7973	1.0145	1.2512	470.34	0.45740	39.078	0.065735	supercritical
870.00	21.000	122.77	0.0081453	921.83	1092.9	2.7997	1.0150	1.2515	470.77	0.45410	39.125	0.065845	supercritical
871.67	21.000	122.52	0.0081620	923.57	1095.0	2.8021	1.0156	1.2518	471.20	0.45082	39.171	0.065956	supercritical
873.33	21.000	122.27	0.0081787	925.30	1097.1	2.8045	1.0161	1.2521	471.63	0.44755	39.217	0.066067	supercritical
875.00	21.000	122.02	0.0081953	927.04	1099.1	2.8069	1.0166	1.2524	472.06	0.44430	39.263	0.066178	supercritical
876.67	21.000	121.77	0.0082120	928.78	1101.2	2.8093	1.0171	1.2527	472.49	0.44107	39.310	0.066289	supercritical
878.33	21.000	121.53	0.0082287	930.52	1103.3	2.8117	1.0176	1.2529	472.91	0.43786	39.356	0.066400	supercritical
880.00	21.000	121.28	0.0082453	932.25	1105.4	2.8140	1.0182	1.2532	473.34	0.43466	39.402	0.066510	supercritical
881.67	21.000	121.04	0.0082619	933.99	1107.5	2.8164	1.0187	1.2535	473.77	0.43148	39.448	0.066621	supercritical
883.33	21.000	120.79	0.0082786	935.73	1109.6	2.8188	1.0192	1.2538	474.19	0.42832	39.494	0.066732	supercritical
885.00	21.000	120.55	0.0082952	937.47	1111.7	2.8211	1.0197	1.2541	474.62	0.42517	39.540	0.066843	supercritical
886.67	21.000	120.31	0.0083118	939.22	1113.8	2.8235	1.0202	1.2544	475.05	0.42203	39.586	0.066953	supercritical
888.33	21.000	120.07	0.0083285	940.96	1115.9	2.8259	1.0207	1.2547	475.47	0.41892	39.632	0.067064	supercritical
890.00	21.000	119.83	0.0083451	942.70	1117.9	2.8282	1.0212	1.2550	475.89	0.41582	39.678	0.067175	supercritical
891.67	21.000	119.59	0.0083617	944.44	1120.0	2.8306	1.0217	1.2553	476.32	0.41273	39.724	0.067285	supercritical
893.33	21.000	119.36	0.0083783	946.19	1122.1	2.8329	1.0222	1.2556	476.74	0.40966	39.770	0.067396	supercritical
895.00	21.000	119.12	0.0083948	947.93	1124.2	2.8352	1.0227	1.2559	477.16	0.40661	39.816	0.067506	supercritical
896.67	21.000	118.89	0.0084114	949.68	1126.3	2.8376	1.0232	1.2562	477.59	0.40357	39.862	0.067617	supercritical
898.33	21.000	118.65	0.0084280	951.42	1128.4	2.8399	1.0237	1.2565	478.01	0.40055	39.908	0.067728	supercritical
900.00	21.000	118.42	0.0084446	953.17	1130.5	2.8422	1.0242	1.2568	478.43	0.39754	39.954	0.067838	supercritical
901.67	21.000	118.19	0.0084611	954.92	1132.6	2.8446	1.0247	1.2570	478.85	0.39455	40.000	0.067949	supercritical
903.33	21.000	117.96	0.0084777	956.66	1134.7	2.8469	1.0252	1.2573	479.27	0.39157	40.046	0.068059	supercritical
905.00	21.000	117.73	0.0084942	958.41	1136.8	2.8492	1.0257	1.2576	479.69	0.38861	40.092	0.068170	supercritical
906.67	21.000	117.50	0.0085108	960.16	1138.9	2.8515	1.0262	1.2579	480.11	0.38566	40.138	0.068280	supercritical
908.33	21.000	117.27	0.0085273	961.91	1141.0	2.8538	1.0267	1.2582	480.52	0.38272	40.184	0.068390	supercritical
910.00	21.000	117.04	0.0085438	963.66	1143.1	2.8561	1.0272	1.2585	480.94	0.37980	40.229	0.068501	supercritical
911.67	21.000	116.82	0.0085603	965.41	1145.2	2.8584	1.0277	1.2588	481.36	0.37690	40.275	0.068611	supercritical
913.33	21.000	116.59	0.0085769	967.16	1147.3	2.8607	1.0282	1.2591	481.78	0.37401	40.321	0.068722	supercritical
915.00	21.000	116.37	0.0085934	968.92	1149.4	2.8630	1.0287	1.2594	482.19	0.37113	40.367	0.068832	supercritical
916.67	21.000	116.15	0.0086099	970.67	1151.5	2.8653	1.0292	1.2597	482.61	0.36827	40.412	0.068942	supercritical
918.33	21.000	115.92	0.0086264	972.42	1153.6	2.8676	1.0296	1.2600	483.02	0.36542	40.458	0.069052	supercritical
920.00	21.000	115.70	0.0086428	974.18	1155.7	2.8699	1.0301	1.2603	483.44	0.36259	40.504	0.069163	supercritical
921.67	21.000	115.48	0.0086593	975.93	1157.8	2.8722	1.0306	1.2606	483.85	0.35977	40.550	0.069273	supercritical
923.33	21.000	115.26	0.0086758	977.69	1159.9	2.8745	1.0311	1.2609	484.26	0.35696	40.595	0.069383	supercritical
925.00	21.000	115.04	0.0086923	979.44	1162.0	2.8767	1.0316	1.2612	484.68	0.35417	40.641	0.069493	supercritical
926.67	21.000	114.83	0.0087087	981.20	1164.1	2.8790	1.0320	1.2615	485.09	0.35139	40.686	0.069603	supercritical
928.33	21.000	114.61	0.0087252	982.96	1166.2	2.8813	1.0325	1.2618	485.50	0.34862	40.732	0.069713	supercritical
930.00	21.000	114.39	0.0087416	984.71	1168.3	2.8835	1.0330	1.2621	485.91	0.34587	40.778	0.069823	supercritical
931.67	21.000	114.18	0.0087581	986.47	1170.4	2.8858	1.0335	1.2624	486.32	0.34313	40.823	0.069934	supercritical
933.33	21.000	113.97	0.0087745	988.23	1172.5	2.8881	1.0340	1.2627	486.73	0.34041	40.869	0.070044	supercritical
935.00	21.000	113.75	0.0087910	989.99	1174.6	2.8903	1.0344	1.2630	487.14	0.33769	40.914	0.070153	supercritical
936.67	21.000	113.54	0.0088074	991.75	1176.7	2.8926	1.0349	1.2633	487.55	0.33499	40.960	0.070263	supercritical
938.33	21.000	113.33	0.0088238	993.51	1178.8	2.8948	1.0354	1.2636	487.96	0.33231	41.005	0.070373	supercritical
940.00	21.000	113.12	0.0088402	995.27	1180.9	2.8970	1.0358	1.2639	488.37	0.32963	41.051	0.070483	supercritical
941.67	21.000	112.91	0.0088566	997.04	1183.0	2.8993	1.0363	1.2641	488.78	0.32697	41.096	0.070593	supercritical
943.33	21.000	112.70	0.0088730	998.80	1185.1	2.9015	1.0368	1.2644	489.19	0.32432	41.142	0.070703	supercritical
945.00	21.000	112.49	0.0088894	1000.6	1187.2	2.9037	1.0372	1.2647	489.59	0.32168	41.187	0.070813	supercritical
946.67	21.000	112.29	0.0089058	1002.3	1189.3	2.9060	1.0377	1.2650	490.00	0.31906	41.232	0.070922	supercritical
948.33	21.000	112.08	0.0089222	1004.1	1191.5	2.9082	1.0382	1.2653	490.40	0.31645	41.278	0.071032	supercritical
950.00	21.000	111.87	0.0089386	1005.9	1193.6	2.9104	1.0386	1.2656	490.81	0.31385	41.323	0.071142	supercritical
951.67	21.000	111.67	0.0089550	1007.6	1195.7	2.9126	1.0391	1.2659	491.22	0.31126	41.368	0.071252	supercritical
953.33	21.000	111.47	0.0089713	1009.4	1197.8	2.9149	1.0395	1.2662	491.62	0.30869	41.414	0.071361	supercritical
955.00	21.000	111.26	0.0089877	1011.2	1199.9	2.9171	1.0400	1.2665	492.02	0.30613	41.459	0.071471	supercritical
956.67	21.000	111.06	0.0090041	1012.9	1202.0	2.9193	1.0405	1.2668	492.43	0.30357	41.504	0.071580	supercritical
958.33	21.000	110.86	0.0090204	1014.7	1204.1	2.9215	1.0409	1.2671	492.83	0.30104	41.549	0.071690	supercritical
960.00	21.000	110.66	0.0090368	1016.5	1206.2	2.9237	1.0414	1.2674	493.23	0.29851	41.595	0.071799	supercritical
961.67	21.000	110.46	0.0090531	1018.2	1208.3	2.9259	1.0418	1.2677	493.64	0.29599	41.640	0.071909	supercritical
963.33	21.000	110.26	0.0090695	1020.0	1210.5	2.9281	1.0423	1.2680	494.04	0.29349	41.685	0.072018	supercritical
965.00	21.000	110.06	0.0090858	1021.8	1212.6	2.9303	1.0427	1.2683	494.44	0.29100	41.730	0.072128	supercritical
966.67	21.000	109.86	0.0091021	1023.5	1214.7	2.9325	1.0432	1.2686	494.84	0.28852	41.775	0.072237	supercritical
968.33	21.000	109.67	0.0091184	1025.3	1216.8	2.9346	1.0436	1.2689	495.24	0.28605	41.820	0.072346	supercritical
970.00	21.000	109.47	0.0091348	1027.1	1218.9	2.9368	1.0441	1.2692	495.64	0.28359	41.866	0.072455	supercritical
971.67	21.000	109.28	0.0091511	1028.9	1221.0	2.9390	1.0445	1.2695	496.04	0.28114	41.911	0.072565	supercritical
973.33	21.000	109.08	0.0091674	1030.6	1223.1	2.9412	1.0450	1.2698	496.44	0.27871	41.956	0.072674	supercritical
975.00	21.000	108.89	0.0091837	1032.4	1225.3	2.9434	1.0454	1.2700	496.84	0.27628	42.001	0.072783	supercritical
976.67	21.000	108.70	0.0092000	1034.2	1227.4	2.9455	1.0459	1.2703	497.24	0.27387	42.046	0.072892	supercritical
978.33	21.000	108.50	0.0092163	1036.0	1229.5	2.9477	1.0463	1.2706	497.63	0.27147	42.091	0.073001	supercritical
980.00	21.000	108.31	0.0092325	1037.7	1231.6	2.9499	1.0467	1.2709	498.03	0.26907	42.136	0.073110	supercritical
981.67	21.000	108.12	0.0092488	1039.5	1233.7	2.9520	1.0472	1.2712	498.43	0.26669	42.181	0.073219	supercritical
983.33	21.000	107.93	0.0092651	1041.3	1235.9	2.9542	1.0476	1.2715	498.82	0.26432	42.226	0.073328	supercritical
985.00	21.000	107.74	0.0092814	1043.1	1238.0	2.9563	1.0481	1.2718	499.22	0.26196	42.270	0.073437	supercritical
986.67	21.000	107.55	0.0092976	1044.8	1240.1	2.9585	1.0485	1.2721	499.61	0.25962	42.315	0.073546	supercritical
988.33	21.000	107.37	0.0093139	1046.6	1242.2	2.9606	1.0489	1.2724	500.01	0.25728	42.360	0.073655	supercritical
990.00	21.000	107.18	0.0093302	1048.4	1244.3	2.9628	1.0494	1.2727	500.40	0.25495	42.405	0.073764	supercritical
991.67	21.000	106.99	0.0093464	1050.2	1246.5	2.9649	1.0498	1.2730	500.80	0.25263	42.450	0.073873	supercritical
993.33	21.000	106.81	0.0093627	1052.0	1248.6	2.9670	1.0502	1.2733	501.19	0.25033	42.495	0.073981	supercritical
995.00	21.000	106.62	0.0093789	1053.7	1250.7	2.9692	1.0507	1.2735	501.59	0.24803	42.539	0.074090	supercritical
996.67	21.000	106.44	0.0093951	1055.5	1252.8	2.9713	1.0511	1.2738	501.98	0.24574	42.584	0.074199	supercritical
998.33	21.000	106.25	0.0094114	1057.3	1254.9	2.9734	1.0515	1.2741	502.37	0.24347	42.629	0.074307	supercritical
1000.0	21.000	106.07	0.0094276	1059.1	1257.1	2.9756	1.0519	1.2744	502.76	0.24120	42.674	0.074416	supercritical
1001.7	21.000	105.89	0.0094438	1060.9	1259.2	2.9777	1.0524	1.2747	503.15	0.23895	42.718	0.074524	supercritical
1003.3	21.000	105.71	0.0094600	1062.7	1261.3	2.9798	1.0528	1.2750	503.55	0.23670	42.763	0.074633	supercritical
1005.0	21.000	105.53	0.0094762	1064.4	1263.4	2.9819	1.0532	1.2753	503.94	0.23446	42.808	0.074741	supercritical
1006.7	21.000	105.35	0.0094925	1066.2	1265.6	2.9840	1.0536	1.2756	504.33	0.23224	42.852	0.074850	supercritical
1008.3	21.000	105.17	0.0095087	1068.0	1267.7	2.9862	1.0541	1.2759	504.72	0.23002	42.897	0.074958	supercritical
1010.0	21.000	104.99	0.0095249	1069.8	1269.8	2.9883	1.0545	1.2762	505.11	0.22781	42.942	0.075066	supercritical
1011.7	21.000	104.81	0.0095411	1071.6	1271.9	2.9904	1.0549	1.2764	505.49	0.22562	42.986	0.075175	supercritical
1013.3	21.000	104.63	0.0095572	1073.4	1274.1	2.9925	1.0553	1.2767	505.88	0.22343	43.031	0.075283	supercritical
1015.0	21.000	104.46	0.0095734	1075.2	1276.2	2.9946	1.0557	1.2770	506.27	0.22125	43.075	0.075391	supercritical
1016.7	21.000	104.28	0.0095896	1076.9	1278.3	2.9967	1.0562	1.2773	506.66	0.21908	43.120	0.075499	supercritical
1018.3	21.000	104.10	0.0096058	1078.7	1280.5	2.9988	1.0566	1.2776	507.05	0.21692	43.164	0.075608	supercritical
1020.0	21.000	103.93	0.0096220	1080.5	1282.6	3.0008	1.0570	1.2779	507.43	0.21477	43.209	0.075716	supercritical
1021.7	21.000	103.75	0.0096381	1082.3	1284.7	3.0029	1.0574	1.2782	507.82	0.21263	43.253	0.075824	supercritical
1023.3	21.000	103.58	0.0096543	1084.1	1286.9	3.0050	1.0578	1.2784	508.21	0.21050	43.298	0.075932	supercritical
1025.0	21.000	103.41	0.0096705	1085.9	1289.0	3.0071	1.0582	1.2787	508.59	0.20838	43.342	0.076040	supercritical
1026.7	21.000	103.24	0.0096866	1087.7	1291.1	3.0092	1.0586	1.2790	508.98	0.20626	43.386	0.076148	supercritical
1028.3	21.000	103.06	0.0097028	1089.5	1293.2	3.0112	1.0590	1.2793	509.36	0.20416	43.431	0.076255	supercritical
1030.0	21.000	102.89	0.0097189	1091.3	1295.4	3.0133	1.0594	1.2796	509.75	0.20206	43.475	0.076363	supercritical
1031.7	21.000	102.72	0.0097350	1093.1	1297.5	3.0154	1.0599	1.2799	510.13	0.19998	43.519	0.076471	supercritical
1033.3	21.000	102.55	0.0097512	1094.9	1299.6	3.0175	1.0603	1.2801	510.52	0.19790	43.564	0.076579	supercritical
1035.0	21.000	102.38	0.0097673	1096.7	1301.8	3.0195	1.0607	1.2804	510.90	0.19583	43.608	0.076686	supercritical
1036.7	21.000	102.21	0.0097834	1098.5	1303.9	3.0216	1.0611	1.2807	511.28	0.19377	43.652	0.076794	supercritical
1038.3	21.000	102.05	0.0097996	1100.3	1306.0	3.0236	1.0615	1.2810	511.66	0.19172	43.697	0.076902	supercritical
1040.0	21.000	101.88	0.0098157	1102.1	1308.2	3.0257	1.0619	1.2813	512.05	0.18968	43.741	0.077009	supercritical
1041.7	21.000	101.71	0.0098318	1103.8	1310.3	3.0277	1.0623	1.2816	512.43	0.18764	43.785	0.077117	supercritical
1043.3	21.000	101.54	0.0098479	1105.6	1312.5	3.0298	1.0627	1.2818	512.81	0.18562	43.829	0.077224	supercritical
1045.0	21.000	101.38	0.0098640	1107.4	1314.6	3.0318	1.0631	1.2821	513.19	0.18360	43.873	0.077332	supercritical
1046.7	21.000	101.21	0.0098801	1109.2	1316.7	3.0339	1.0635	1.2824	513.57	0.18159	43.917	0.077439	supercritical
1048.3	21.000	101.05	0.0098962	1111.0	1318.9	3.0359	1.0639	1.2827	513.95	0.17959	43.962	0.077546	supercritical
1050.0	21.000	100.88	0.0099123	1112.8	1321.0	3.0380	1.0642	1.2830	514.33	0.17760	44.006	0.077654	supercritical
1051.7	21.000	100.72	0.0099284	1114.6	1323.1	3.0400	1.0646	1.2832	514.71	0.17562	44.050	0.077761	supercritical
1053.3	21.000	100.56	0.0099445	1116.4	1325.3	3.0420	1.0650	1.2835	515.09	0.17364	44.094	0.077868	supercritical
1055.0	21.000	100.40	0.0099606	1118.2	1327.4	3.0441	1.0654	1.2838	515.47	0.17168	44.138	0.077975	supercritical
1056.7	21.000	100.23	0.0099767	1120.0	1329.6	3.0461	1.0658	1.2841	515.85	0.16972	44.182	0.078082	supercritical
1058.3	21.000	100.07	0.0099928	1121.9	1331.7	3.0481	1.0662	1.2843	516.23	0.16777	44.226	0.078189	supercritical
1060.0	21.000	99.912	0.010009	1123.7	1333.8	3.0501	1.0666	1.2846	516.60	0.16582	44.270	0.078296	supercritical
1061.7	21.000	99.751	0.010025	1125.5	1336.0	3.0521	1.0670	1.2849	516.98	0.16389	44.314	0.078403	supercritical
1063.3	21.000	99.592	0.010041	1127.3	1338.1	3.0542	1.0674	1.2852	517.36	0.16196	44.358	0.078510	supercritical
1065.0	21.000	99.433	0.010057	1129.1	1340.3	3.0562	1.0677	1.2855	517.73	0.16004	44.402	0.078617	supercritical
1066.7	21.000	99.274	0.010073	1130.9	1342.4	3.0582	1.0681	1.2857	518.11	0.15813	44.445	0.078724	supercritical
1068.3	21.000	99.116	0.010089	1132.7	1344.6	3.0602	1.0685	1.2860	518.49	0.15623	44.489	0.078831	supercritical
1070.0	21.000	98.959	0.010105	1134.5	1346.7	3.0622	1.0689	1.2863	518.86	0.15433	44.533	0.078938	supercritical
1071.7	21.000	98.802	0.010121	1136.3	1348.8	3.0642	1.0693	1.2866	519.24	0.15245	44.577	0.079044	supercritical
1073.3	21.000	98.646	0.010137	1138.1	1351.0	3.0662	1.0697	1.2868	519.61	0.15057	44.621	0.079151	supercritical
1075.0	21.000	98.490	0.010153	1139.9	1353.1	3.0682	1.0700	1.2871	519.99	0.14869	44.665	0.079257	supercritical
1076.7	21.000	98.334	0.010169	1141.7	1355.3	3.0702	1.0704	1.2874	520.36	0.14683	44.708	0.079364	supercritical
1078.3	21.000	98.180	0.010185	1143.5	1357.4	3.0722	1.0708	1.2876	520.73	0.14497	44.752	0.079471	supercritical
1080.0	21.000	98.025	0.010201	1145.3	1359.6	3.0742	1.0712	1.2879	521.11	0.14312	44.796	0.079577	supercritical
1081.7	21.000	97.872	0.010217	1147.1	1361.7	3.0762	1.0715	1.2882	521.48	0.14128	44.839	0.079683	supercritical
1083.3	21.000	97.718	0.010233	1149.0	1363.9	3.0781	1.0719	1.2885	521.85	0.13944	44.883	0.079790	supercritical
1085.0	21.000	97.566	0.010250	1150.8	1366.0	3.0801	1.0723	1.2887	522.22	0.13762	44.927	0.079896	supercritical
1086.7	21.000	97.413	0.010266	1152.6	1368.2	3.0821	1.0727	1.2890	522.60	0.13580	44.970	0.080002	supercritical
1088.3	21.000	97.262	0.010282	1154.4	1370.3	3.0841	1.0730	1.2893	522.97	0.13398	45.014	0.080109	supercritical
1090.0	21.000	97.111	0.010298	1156.2	1372.5	3.0860	1.0734	1.2895	523.34	0.13218	45.058	0.080215	supercritical
1091.7	21.000	96.960	0.010314	1158.0	1374.6	3.0880	1.0738	1.2898	523.71	0.13038	45.101	0.080321	supercritical
1093.3	21.000	96.810	0.010330	1159.8	1376.8	3.0900	1.0741	1.2901	524.08	0.12859	45.145	0.080427	supercritical
1095.0	21.000	96.660	0.010346	1161.6	1378.9	3.0919	1.0745	1.2903	524.45	0.12680	45.188	0.080533	supercritical
1096.7	21.000	96.511	0.010362	1163.5	1381.1	3.0939	1.0749	1.2906	524.82	0.12502	45.232	0.080639	supercritical
1098.3	21.000	96.362	0.010378	1165.3	1383.2	3.0959	1.0752	1.2909	525.19	0.12325	45.275	0.080745	supercritical
1100.0	21.000	96.214	0.010394	1167.1	1385.4	3.0978	1.0756	1.2911	525.56	0.12149	45.319	0.080851	supercritical
1101.7	21.000	96.066	0.010409	1168.9	1387.5	3.0998	1.0760	1.2914	525.93	0.11973	45.362	0.080957	supercritical
1103.3	21.000	95.919	0.010425	1170.7	1389.7	3.1017	1.0763	1.2917	526.30	0.11798	45.406	0.081062	supercritical
1105.0	21.000	95.772	0.010441	1172.5	1391.8	3.1037	1.0767	1.2919	526.66	0.11624	45.449	0.081168	supercritical
1106.7	21.000	95.626	0.010457	1174.4	1394.0	3.1056	1.0770	1.2922	527.03	0.11451	45.493	0.081274	supercritical
1108.3	21.000	95.480	0.010473	1176.2	1396.1	3.1076	1.0774	1.2925	527.40	0.11278	45.536	0.081379	supercritical
1110.0	21.000	95.335	0.010489	1178.0	1398.3	3.1095	1.0778	1.2927	527.77	0.11105	45.579	0.081485	supercritical
1111.7	21.000	95.190	0.010505	1179.8	1400.4	3.1115	1.0781	1.2930	528.13	0.10934	45.623	0.081591	supercritical
1113.3	21.000	95.045	0.010521	1181.6	1402.6	3.1134	1.0785	1.2933	528.50	0.10763	45.666	0.081696	supercritical
1115.0	21.000	94.901	0.010537	1183.5	1404.7	3.1153	1.0788	1.2935	528.87	0.10593	45.709	0.081802	supercritical
1116.7	21.000	94.758	0.010553	1185.3	1406.9	3.1173	1.0792	1.2938	529.23	0.10423	45.752	0.081907	supercritical
1118.3	21.000	94.615	0.010569	1187.1	1409.1	3.1192	1.0795	1.2940	529.60	0.10254	45.796	0.082012	supercritical
1120.0	21.000	94.472	0.010585	1188.9	1411.2	3.1211	1.0799	1.2943	529.96	0.10086	45.839	0.082118	supercritical
1121.7	21.000	94.330	0.010601	1190.7	1413.4	3.1230	1.0802	1.2946	530.33	0.099182	45.882	0.082223	supercritical
1123.3	21.000	94.189	0.010617	1192.6	1415.5	3.1250	1.0806	1.2948	530.69	0.097512	45.925	0.082328	supercritical
1125.0	21.000	94.048	0.010633	1194.4	1417.7	3.1269	1.0809	1.2951	531.05	0.095849	45.968	0.082433	supercritical
1126.7	21.000	93.907	0.010649	1196.2	1419.8	3.1288	1.0813	1.2954	531.42	0.094191	46.012	0.082538	supercritical
1128.3	21.000	93.767	0.010665	1198.0	1422.0	3.1307	1.0816	1.2956	531.78	0.092541	46.055	0.082643	supercritical
1130.0	21.000	93.627	0.010681	1199.9	1424.2	3.1326	1.0820	1.2959	532.15	0.090896	46.098	0.082748	supercritical
1131.7	21.000	93.487	0.010697	1201.7	1426.3	3.1345	1.0823	1.2961	532.51	0.089258	46.141	0.082853	supercritical
1133.3	21.000	93.348	0.010713	1203.5	1428.5	3.1365	1.0827	1.2964	532.87	0.087625	46.184	0.082958	supercritical
1135.0	21.000	93.210	0.010728	1205.3	1430.6	3.1384	1.0830	1.2966	533.23	0.086000	46.227	0.083063	supercritical
1136.7	21.000	93.072	0.010744	1207.2	1432.8	3.1403	1.0834	1.2969	533.59	0.084380	46.270	0.083168	supercritical
1138.3	21.000	92.934	0.010760	1209.0	1435.0	3.1422	1.0837	1.2972	533.96	0.082766	46.313	0.083273	supercritical
1140.0	21.000	92.797	0.010776	1210.8	1437.1	3.1441	1.0841	1.2974	534.32	0.081158	46.356	0.083377	supercritical
1141.7	21.000	92.660	0.010792	1212.7	1439.3	3.1460	1.0844	1.2977	534.68	0.079557	46.399	0.083482	supercritical
1143.3	21.000	92.524	0.010808	1214.5	1441.5	3.1478	1.0847	1.2979	535.04	0.077961	46.442	0.083587	supercritical
1145.0	21.000	92.388	0.010824	1216.3	1443.6	3.1497	1.0851	1.2982	535.40	0.076372	46.485	0.083691	supercritical
1146.7	21.000	92.252	0.010840	1218.1	1445.8	3.1516	1.0854	1.2984	535.76	0.074788	46.528	0.083796	supercritical
1148.3	21.000	92.117	0.010856	1220.0	1447.9	3.1535	1.0857	1.2987	536.12	0.073210	46.571	0.083900	supercritical
1150.0	21.000	91.983	0.010872	1221.8	1450.1	3.1554	1.0861	1.2989	536.48	0.071639	46.614	0.084005	supercritical
1151.7	21.000	91.848	0.010888	1223.6	1452.3	3.1573	1.0864	1.2992	536.84	0.070073	46.656	0.084109	supercritical
1153.3	21.000	91.715	0.010903	1225.5	1454.4	3.1592	1.0867	1.2994	537.19	0.068513	46.699	0.084213	supercritical
1155.0	21.000	91.581	0.010919	1227.3	1456.6	3.1610	1.0871	1.2997	537.55	0.066958	46.742	0.084318	supercritical
1156.7	21.000	91.448	0.010935	1229.1	1458.8	3.1629	1.0874	1.2999	537.91	0.065410	46.785	0.084422	supercritical
1158.3	21.000	91.316	0.010951	1231.0	1460.9	3.1648	1.0877	1.3002	538.27	0.063867	46.828	0.084526	supercritical
1160.0	21.000	91.183	0.010967	1232.8	1463.1	3.1666	1.0881	1.3004	538.63	0.062329	46.870	0.084630	supercritical
1161.7	21.000	91.052	0.010983	1234.6	1465.3	3.1685	1.0884	1.3007	538.98	0.060798	46.913	0.084734	supercritical
1163.3	21.000	90.920	0.010999	1236.5	1467.4	3.1704	1.0887	1.3009	539.34	0.059272	46.956	0.084838	supercritical
1165.0	21.000	90.789	0.011015	1238.3	1469.6	3.1722	1.0891	1.3012	539.70	0.057751	46.999	0.084942	supercritical
1166.7	21.000	90.659	0.011030	1240.1	1471.8	3.1741	1.0894	1.3014	540.05	0.056237	47.041	0.085046	supercritical
1168.3	21.000	90.528	0.011046	1242.0	1473.9	3.1760	1.0897	1.3017	540.41	0.054727	47.084	0.085150	supercritical
1170.0	21.000	90.399	0.011062	1243.8	1476.1	3.1778	1.0900	1.3019	540.76	0.053224	47.127	0.085254	supercritical
1171.7	21.000	90.269	0.011078	1245.7	1478.3	3.1797	1.0904	1.3022	541.12	0.051725	47.169	0.085357	supercritical
1173.3	21.000	90.140	0.011094	1247.5	1480.5	3.1815	1.0907	1.3024	541.47	0.050233	47.212	0.085461	supercritical
1175.0	21.000	90.012	0.011110	1249.3	1482.6	3.1834	1.0910	1.3027	541.83	0.048745	47.254	0.085565	supercritical
1176.7	21.000	89.884	0.011126	1251.2	1484.8	3.1852	1.0913	1.3029	542.18	0.047263	47.297	0.085668	supercritical
1178.3	21.000	89.756	0.011141	1253.0	1487.0	3.1871	1.0917	1.3032	542.54	0.045787	47.339	0.085772	supercritical
1180.0	21.000	89.628	0.011157	1254.8	1489.1	3.1889	1.0920	1.3034	542.89	0.044315	47.382	0.085875	supercritical
1181.7	21.000	89.501	0.011173	1256.7	1491.3	3.1907	1.0923	1.3037	543.24	0.042849	47.424	0.085979	supercritical
1183.3	21.000	89.375	0.011189	1258.5	1493.5	3.1926	1.0926	1.3039	543.60	0.041388	47.467	0.086082	supercritical
1185.0	21.000	89.248	0.011205	1260.4	1495.7	3.1944	1.0929	1.3041	543.95	0.039933	47.509	0.086186	supercritical
1186.7	21.000	89.122	0.011221	1262.2	1497.8	3.1963	1.0933	1.3044	544.30	0.038483	47.552	0.086289	supercritical
1188.3	21.000	88.997	0.011236	1264.0	1500.0	3.1981	1.0936	1.3046	544.66	0.037037	47.594	0.086392	supercritical
1190.0	21.000	88.872	0.011252	1265.9	1502.2	3.1999	1.0939	1.3049	545.01	0.035597	47.637	0.086495	supercritical
1191.7	21.000	88.747	0.011268	1267.7	1504.4	3.2017	1.0942	1.3051	545.36	0.034163	47.679	0.086599	supercritical
1193.3	21.000	88.622	0.011284	1269.6	1506.5	3.2036	1.0945	1.3053	545.71	0.032733	47.721	0.086702	supercritical
1195.0	21.000	88.498	0.011300	1271.4	1508.7	3.2054	1.0948	1.3056	546.06	0.031308	47.764	0.086805	supercritical
1196.7	21.000	88.375	0.011315	1273.3	1510.9	3.2072	1.0951	1.3058	546.41	0.029889	47.806	0.086908	supercritical
1198.3	21.000	88.251	0.011331	1275.1	1513.1	3.2090	1.0954	1.3061	546.76	0.028474	47.848	0.087011	supercritical
1200.0	21.000	88.128	0.011347	1277.0	1515.2	3.2108	1.0958	1.3063	547.11	0.027064	47.891	0.087114	supercritical
1201.7	21.000	88.006	0.011363	1278.8	1517.4	3.2126	1.0961	1.3065	547.46	0.025660	47.933	0.087216	supercritical
1203.3	21.000	87.883	0.011379	1280.6	1519.6	3.2145	1.0964	1.3068	547.81	0.024260	47.975	0.087319	supercritical
1205.0	21.000	87.762	0.011395	1282.5	1521.8	3.2163	1.0967	1.3070	548.16	0.022866	48.017	0.087422	supercritical
1206.7	21.000	87.640	0.011410	1284.3	1524.0	3.2181	1.0970	1.3073	548.51	0.021476	48.059	0.087525	supercritical
1208.3	21.000	87.519	0.011426	1286.2	1526.1	3.2199	1.0973	1.3075	548.86	0.020091	48.102	0.087627	supercritical
1210.0	21.000	87.398	0.011442	1288.0	1528.3	3.2217	1.0976	1.3077	549.21	0.018711	48.144	0.087730	supercritical
1211.7	21.000	87.278	0.011458	1289.9	1530.5	3.2235	1.0979	1.3080	549.56	0.017335	48.186	0.087832	supercritical
1213.3	21.000	87.157	0.011473	1291.7	1532.7	3.2253	1.0982	1.3082	549.91	0.015965	48.228	0.087935	supercritical
1215.0	21.000	87.038	0.011489	1293.6	1534.9	3.2271	1.0985	1.3084	550.25	0.014599	48.270	0.088037	supercritical
1216.7	21.000	86.918	0.011505	1295.4	1537.0	3.2289	1.0988	1.3087	550.60	0.013238	48.312	0.088140	supercritical
1218.3	21.000	86.799	0.011521	1297.3	1539.2	3.2307	1.0991	1.3089	550.95	0.011882	48.354	0.088242	supercritical
1220.0	21.000	86.681	0.011537	1299.1	1541.4	3.2325	1.0994	1.3091	551.30	0.010530	48.396	0.088344	supercritical
1221.7	21.000	86.562	0.011552	1301.0	1543.6	3.2342	1.0997	1.3094	551.64	0.0091832	48.438	0.088447	supercritical
1223.3	21.000	86.444	0.011568	1302.8	1545.8	3.2360	1.1000	1.3096	551.99	0.0078409	48.480	0.088549	supercritical
1225.0	21.000	86.326	0.011584	1304.7	1547.9	3.2378	1.1003	1.3098	552.33	0.0065033	48.522	0.088651	supercritical
1226.7	21.000	86.209	0.011600	1306.5	1550.1	3.2396	1.1006	1.3101	552.68	0.0051702	48.564	0.088753	supercritical
1228.3	21.000	86.092	0.011615	1308.4	1552.3	3.2414	1.1009	1.3103	553.03	0.0038418	48.606	0.088855	supercritical
1230.0	21.000	85.975	0.011631	1310.2	1554.5	3.2431	1.1012	1.3105	553.37	0.0025178	48.648	0.088957	supercritical
1231.7	21.000	85.859	0.011647	1312.1	1556.7	3.2449	1.1015	1.3107	553.72	0.0011984	48.690	0.089059	supercritical
1233.3	21.000	85.743	0.011663	1313.9	1558.9	3.2467	1.1018	1.3110	554.06	-0.00011646	48.732	0.089161	supercritical
1235.0	21.000	85.627	0.011679	1315.8	1561.1	3.2485	1.1021	1.3112	554.41	-0.0014269	48.774	0.089263	supercritical
1236.7	21.000	85.512	0.011694	1317.7	1563.2	3.2502	1.1024	1.3114	554.75	-0.0027328	48.816	0.089364	supercritical
1238.3	21.000	85.397	0.011710	1319.5	1565.4	3.2520	1.1027	1.3117	555.09	-0.0040343	48.858	0.089466	supercritical
1240.0	21.000	85.282	0.011726	1321.4	1567.6	3.2538	1.1030	1.3119	555.44	-0.0053314	48.900	0.089568	supercritical
1241.7	21.000	85.168	0.011742	1323.2	1569.8	3.2555	1.1033	1.3121	555.78	-0.0066241	48.941	0.089669	supercritical
1243.3	21.000	85.054	0.011757	1325.1	1572.0	3.2573	1.1035	1.3123	556.12	-0.0079125	48.983	0.089771	supercritical
1245.0	21.000	84.940	0.011773	1326.9	1574.2	3.2590	1.1038	1.3126	556.47	-0.0091965	49.025	0.089872	supercritical
1246.7	21.000	84.826	0.011789	1328.8	1576.4	3.2608	1.1041	1.3128	556.81	-0.010476	49.067	0.089974	supercritical
1248.3	21.000	84.713	0.011805	1330.7	1578.5	3.2626	1.1044	1.3130	557.15	-0.011751	49.108	0.090075	supercritical
1250.0	21.000	84.600	0.011820	1332.5	1580.7	3.2643	1.1047	1.3132	557.49	-0.013023	49.150	0.090177	supercritical
1251.7	21.000	84.488	0.011836	1334.4	1582.9	3.2661	1.1050	1.3135	557.84	-0.014289	49.192	0.090278	supercritical
1253.3	21.000	84.376	0.011852	1336.2	1585.1	3.2678	1.1053	1.3137	558.18	-0.015552	49.234	0.090379	supercritical
1255.0	21.000	84.264	0.011867	1338.1	1587.3	3.2695	1.1056	1.3139	558.52	-0.016810	49.275	0.090480	supercritical
1256.7	21.000	84.152	0.011883	1339.9	1589.5	3.2713	1.1058	1.3141	558.86	-0.018064	49.317	0.090582	supercritical
1258.3	21.000	84.041	0.011899	1341.8	1591.7	3.2730	1.1061	1.3144	559.20	-0.019314	49.358	0.090683	supercritical
1260.0	21.000	83.930	0.011915	1343.7	1593.9	3.2748	1.1064	1.3146	559.54	-0.020560	49.400	0.090784	supercritical
1261.7	21.000	83.820	0.011930	1345.5	1596.1	3.2765	1.1067	1.3148	559.88	-0.021802	49.442	0.090885	supercritical
1263.3	21.000	83.709	0.011946	1347.4	1598.3	3.2782	1.1070	1.3150	560.22	-0.023040	49.483	0.090986	supercritical
1265.0	21.000	83.599	0.011962	1349.2	1600.4	3.2800	1.1072	1.3152	560.56	-0.024273	49.525	0.091087	supercritical
1266.7	21.000	83.490	0.011978	1351.1	1602.6	3.2817	1.1075	1.3155	560.90	-0.025502	49.566	0.091187	supercritical
1268.3	21.000	83.380	0.011993	1353.0	1604.8	3.2834	1.1078	1.3157	561.24	-0.026728	49.608	0.091288	supercritical
1270.0	21.000	83.271	0.012009	1354.8	1607.0	3.2852	1.1081	1.3159	561.58	-0.027949	49.649	0.091389	supercritical
1271.7	21.000	83.162	0.012025	1356.7	1609.2	3.2869	1.1084	1.3161	561.92	-0.029166	49.691	0.091490	supercritical
1273.3	21.000	83.054	0.012040	1358.6	1611.4	3.2886	1.1086	1.3163	562.26	-0.030380	49.732	0.091590	supercritical
1275.0	21.000	82.946	0.012056	1360.4	1613.6	3.2903	1.1089	1.3166	562.59	-0.031589	49.774	0.091691	supercritical
1276.7	21.000	82.838	0.012072	1362.3	1615.8	3.2921	1.1092	1.3168	562.93	-0.032794	49.815	0.091792	supercritical
1278.3	21.000	82.730	0.012087	1364.2	1618.0	3.2938	1.1095	1.3170	563.27	-0.033996	49.856	0.091892	supercritical
1280.0	21.000	82.623	0.012103	1366.0	1620.2	3.2955	1.1097	1.3172	563.61	-0.035193	49.898	0.091992	supercritical
1281.7	21.000	82.516	0.012119	1367.9	1622.4	3.2972	1.1100	1.3174	563.94	-0.036387	49.939	0.092093	supercritical
1283.3	21.000	82.409	0.012135	1369.8	1624.6	3.2989	1.1103	1.3176	564.28	-0.037577	49.981	0.092193	supercritical
1285.0	21.000	82.303	0.012150	1371.6	1626.8	3.3006	1.1106	1.3179	564.62	-0.038763	50.022	0.092293	supercritical
1286.7	21.000	82.196	0.012166	1373.5	1629.0	3.3023	1.1108	1.3181	564.95	-0.039945	50.063	0.092394	supercritical
1288.3	21.000	82.091	0.012182	1375.4	1631.2	3.3040	1.1111	1.3183	565.29	-0.041123	50.105	0.092494	supercritical
1290.0	21.000	81.985	0.012197	1377.2	1633.4	3.3058	1.1114	1.3185	565.63	-0.042297	50.146	0.092594	supercritical
1291.7	21.000	81.880	0.012213	1379.1	1635.6	3.3075	1.1116	1.3187	565.96	-0.043468	50.187	0.092694	supercritical
1293.3	21.000	81.775	0.012229	1381.0	1637.8	3.3092	1.1119	1.3189	566.30	-0.044635	50.228	0.092794	supercritical
1295.0	21.000	81.670	0.012244	1382.8	1640.0	3.3109	1.1122	1.3191	566.63	-0.045798	50.270	0.092894	supercritical
1296.7	21.000	81.566	0.012260	1384.7	1642.2	3.3126	1.1124	1.3194	566.97	-0.046957	50.311	0.092994	supercritical
1298.3	21.000	81.461	0.012276	1386.6	1644.4	3.3142	1.1127	1.3196	567.30	-0.048113	50.352	0.093094	supercritical
1300.0	21.000	81.357	0.012291	1388.4	1646.6	3.3159	1.1130	1.3198	567.64	-0.049265	50.393	0.093194	supercritical