Temperature (K)	Pressure (MPa)	Density (kg/m3)	Volume (m3/kg)	Internal Energy (kJ/kg)	Enthalpy (kJ/kg)	Entropy (J/g*K)	Cv (J/g*K)	Cp (J/g*K)	Sound Spd. (m/s)	Joule-Thomson (K/MPa)	Viscosity (uPa*s)	Therm. Cond. (W/m*K)	Phase
300.00	22.000	918.37	0.0010889	223.20	247.15	1.0946	0.91675	2.0688	609.12	0.23680	97.357	0.10863	liquid
301.67	22.000	910.93	0.0010978	226.46	250.61	1.1061	0.91650	2.0797	600.16	0.25697	95.408	0.10718	liquid
303.33	22.000	903.40	0.0011069	229.73	254.08	1.1176	0.91630	2.0909	591.24	0.27799	93.498	0.10574	liquid
305.00	22.000	895.79	0.0011163	233.02	257.58	1.1291	0.91612	2.1026	582.37	0.29990	91.625	0.10432	supercritical
306.67	22.000	888.08	0.0011260	236.32	261.09	1.1406	0.91597	2.1146	573.56	0.32276	89.787	0.10290	supercritical
308.33	22.000	880.28	0.0011360	239.63	264.63	1.1521	0.91582	2.1270	564.80	0.34659	87.985	0.10150	supercritical
310.00	22.000	872.39	0.0011463	242.96	268.18	1.1636	0.91566	2.1397	556.09	0.37144	86.216	0.10010	supercritical
311.67	22.000	864.40	0.0011569	246.31	271.76	1.1751	0.91549	2.1527	547.45	0.39733	84.480	0.098722	supercritical
313.33	22.000	856.31	0.0011678	249.67	275.36	1.1866	0.91531	2.1659	538.88	0.42431	82.775	0.097352	supercritical
315.00	22.000	848.12	0.0011791	253.04	278.98	1.1981	0.91513	2.1794	530.38	0.45240	81.101	0.095994	supercritical
316.67	22.000	839.83	0.0011907	256.43	282.62	1.2097	0.91497	2.1931	521.95	0.48163	79.456	0.094649	supercritical
318.33	22.000	831.44	0.0012027	259.83	286.29	1.2212	0.91483	2.2070	513.61	0.51204	77.841	0.093316	supercritical
320.00	22.000	822.94	0.0012152	263.25	289.98	1.2328	0.91473	2.2212	505.36	0.54367	76.254	0.091996	supercritical
321.67	22.000	814.34	0.0012280	266.68	293.69	1.2443	0.91468	2.2356	497.20	0.57654	74.695	0.090690	supercritical
323.33	22.000	805.65	0.0012412	270.12	297.43	1.2559	0.91469	2.2503	489.15	0.61070	73.163	0.089398	supercritical
325.00	22.000	796.84	0.0012550	273.59	301.19	1.2675	0.91477	2.2652	481.22	0.64616	71.658	0.088119	supercritical
326.67	22.000	787.94	0.0012691	277.06	304.98	1.2792	0.91490	2.2803	473.42	0.68297	70.180	0.086856	supercritical
328.33	22.000	778.94	0.0012838	280.55	308.80	1.2908	0.91509	2.2956	465.75	0.72114	68.727	0.085607	supercritical
330.00	22.000	769.84	0.0012990	284.06	312.63	1.3025	0.91532	2.3110	458.23	0.76068	67.300	0.084374	supercritical
331.67	22.000	760.64	0.0013147	287.58	316.50	1.3141	0.91558	2.3264	450.86	0.80158	65.900	0.083157	supercritical
333.33	22.000	751.35	0.0013309	291.11	320.39	1.3258	0.91584	2.3416	443.66	0.84383	64.525	0.081956	supercritical
335.00	22.000	741.97	0.0013478	294.65	324.30	1.3376	0.91609	2.3565	436.65	0.88737	63.176	0.080772	supercritical
336.67	22.000	732.51	0.0013652	298.21	328.24	1.3493	0.91630	2.3708	429.82	0.93215	61.853	0.079605	supercritical
338.33	22.000	722.98	0.0013832	301.78	332.21	1.3610	0.91647	2.3845	423.19	0.97810	60.557	0.078455	supercritical
340.00	22.000	713.38	0.0014018	305.35	336.19	1.3728	0.91658	2.3972	416.78	1.0251	59.288	0.077324	supercritical
341.67	22.000	703.73	0.0014210	308.93	340.20	1.3845	0.91662	2.4087	410.58	1.0731	58.047	0.076211	supercritical
343.33	22.000	694.03	0.0014409	312.52	344.22	1.3963	0.91658	2.4189	404.61	1.1220	56.834	0.075117	supercritical
345.00	22.000	684.30	0.0014613	316.11	348.26	1.4080	0.91645	2.4277	398.86	1.1716	55.651	0.074043	supercritical
346.67	22.000	674.56	0.0014825	319.70	352.31	1.4197	0.91624	2.4348	393.36	1.2219	54.499	0.072990	supercritical
348.33	22.000	664.81	0.0015042	323.28	356.37	1.4314	0.91595	2.4401	388.08	1.2726	53.377	0.071957	supercritical
350.00	22.000	655.07	0.0015266	326.86	360.44	1.4431	0.91558	2.4436	383.04	1.3238	52.286	0.070946	supercritical
351.67	22.000	645.35	0.0015495	330.43	364.52	1.4547	0.91514	2.4451	378.24	1.3751	51.228	0.069956	supercritical
353.33	22.000	635.68	0.0015731	333.98	368.59	1.4663	0.91465	2.4446	373.67	1.4265	50.203	0.068989	supercritical
355.00	22.000	626.07	0.0015973	337.53	372.67	1.4778	0.91412	2.4421	369.34	1.4777	49.212	0.068044	supercritical
356.67	22.000	616.53	0.0016220	341.05	376.73	1.4892	0.91355	2.4376	365.25	1.5286	48.254	0.067122	supercritical
358.33	22.000	607.07	0.0016472	344.55	380.79	1.5005	0.91296	2.4311	361.38	1.5790	47.331	0.066223	supercritical
360.00	22.000	597.72	0.0016730	348.03	384.84	1.5118	0.91235	2.4226	357.76	1.6287	46.442	0.065346	supercritical
361.67	22.000	588.49	0.0016993	351.48	388.86	1.5230	0.91173	2.4122	354.36	1.6776	45.588	0.064493	supercritical
363.33	22.000	579.39	0.0017260	354.90	392.87	1.5340	0.91110	2.4001	351.19	1.7254	44.767	0.063664	supercritical
365.00	22.000	570.43	0.0017531	358.30	396.86	1.5450	0.91045	2.3864	348.25	1.7720	43.981	0.062857	supercritical
366.67	22.000	561.62	0.0017806	361.66	400.83	1.5558	0.90979	2.3711	345.52	1.8174	43.229	0.062074	supercritical
368.33	22.000	552.97	0.0018084	364.98	404.77	1.5665	0.90911	2.3545	343.00	1.8613	42.509	0.061314	supercritical
370.00	22.000	544.49	0.0018366	368.27	408.68	1.5771	0.90842	2.3366	340.69	1.9038	41.822	0.060577	supercritical
371.67	22.000	536.18	0.0018650	371.52	412.56	1.5876	0.90770	2.3176	338.57	1.9446	41.167	0.059862	supercritical
373.33	22.000	528.06	0.0018937	374.74	416.40	1.5979	0.90696	2.2977	336.63	1.9838	40.543	0.059170	supercritical
375.00	22.000	520.12	0.0019226	377.92	420.21	1.6081	0.90619	2.2768	334.87	2.0212	39.949	0.058501	supercritical
376.67	22.000	512.37	0.0019517	381.05	423.99	1.6181	0.90540	2.2552	333.28	2.0568	39.384	0.057853	supercritical
378.33	22.000	504.81	0.0019809	384.15	427.73	1.6281	0.90458	2.2330	331.85	2.0905	38.848	0.057228	supercritical
380.00	22.000	497.44	0.0020103	387.21	431.43	1.6378	0.90375	2.2104	330.57	2.1224	38.338	0.056623	supercritical
381.67	22.000	490.26	0.0020397	390.22	435.10	1.6474	0.90290	2.1873	329.43	2.1523	37.854	0.056040	supercritical
383.33	22.000	483.28	0.0020692	393.20	438.72	1.6569	0.90203	2.1640	328.42	2.1804	37.396	0.055477	supercritical
385.00	22.000	476.48	0.0020987	396.14	442.31	1.6663	0.90115	2.1406	327.53	2.2066	36.961	0.054935	supercritical
386.67	22.000	469.87	0.0021283	399.04	445.86	1.6755	0.90027	2.1171	326.76	2.2309	36.550	0.054413	supercritical
388.33	22.000	463.44	0.0021578	401.90	449.37	1.6845	0.89937	2.0937	326.09	2.2534	36.160	0.053910	supercritical
390.00	22.000	457.19	0.0021873	404.72	452.84	1.6934	0.89848	2.0704	325.53	2.2741	35.791	0.053427	supercritical
391.67	22.000	451.12	0.0022167	407.50	456.27	1.7022	0.89759	2.0474	325.05	2.2931	35.441	0.052962	supercritical
393.33	22.000	445.22	0.0022461	410.25	459.66	1.7109	0.89670	2.0246	324.67	2.3104	35.111	0.052515	supercritical
395.00	22.000	439.48	0.0022754	412.96	463.02	1.7194	0.89583	2.0021	324.36	2.3261	34.798	0.052086	supercritical
396.67	22.000	433.92	0.0023046	415.64	466.34	1.7278	0.89496	1.9800	324.13	2.3402	34.503	0.051675	supercritical
398.33	22.000	428.50	0.0023337	418.28	469.62	1.7360	0.89411	1.9584	323.97	2.3528	34.223	0.051280	supercritical
400.00	22.000	423.25	0.0023627	420.89	472.87	1.7441	0.89327	1.9371	323.87	2.3639	33.959	0.050901	supercritical
401.67	22.000	418.14	0.0023915	423.46	476.08	1.7522	0.89245	1.9164	323.82	2.3737	33.709	0.050539	supercritical
403.33	22.000	413.18	0.0024203	426.01	479.25	1.7600	0.89165	1.8961	323.84	2.3821	33.473	0.050191	supercritical
405.00	22.000	408.35	0.0024489	428.52	482.40	1.7678	0.89088	1.8764	323.90	2.3893	33.249	0.049858	supercritical
406.67	22.000	403.66	0.0024773	431.01	485.51	1.7755	0.89012	1.8572	324.01	2.3953	33.038	0.049540	supercritical
408.33	22.000	399.10	0.0025056	433.46	488.59	1.7830	0.88939	1.8384	324.16	2.4001	32.839	0.049236	supercritical
410.00	22.000	394.66	0.0025338	435.89	491.64	1.7905	0.88869	1.8202	324.36	2.4038	32.650	0.048944	supercritical
411.67	22.000	390.35	0.0025618	438.30	494.66	1.7978	0.88801	1.8026	324.59	2.4065	32.472	0.048666	supercritical
413.33	22.000	386.15	0.0025897	440.67	497.65	1.8051	0.88735	1.7854	324.85	2.4082	32.304	0.048400	supercritical
415.00	22.000	382.06	0.0026174	443.03	500.61	1.8122	0.88672	1.7687	325.15	2.4090	32.145	0.048146	supercritical
416.67	22.000	378.08	0.0026449	445.35	503.54	1.8193	0.88613	1.7526	325.47	2.4089	31.995	0.047903	supercritical
418.33	22.000	374.21	0.0026723	447.66	506.45	1.8263	0.88555	1.7369	325.83	2.4080	31.853	0.047672	supercritical
420.00	22.000	370.43	0.0026995	449.94	509.33	1.8331	0.88501	1.7217	326.21	2.4063	31.719	0.047451	supercritical
421.67	22.000	366.76	0.0027266	452.20	512.19	1.8399	0.88449	1.7070	326.61	2.4039	31.593	0.047240	supercritical
423.33	22.000	363.17	0.0027535	454.44	515.02	1.8466	0.88400	1.6927	327.03	2.4007	31.474	0.047039	supercritical
425.00	22.000	359.68	0.0027803	456.67	517.83	1.8533	0.88354	1.6789	327.47	2.3970	31.361	0.046847	supercritical
426.67	22.000	356.27	0.0028069	458.87	520.62	1.8598	0.88310	1.6656	327.93	2.3926	31.255	0.046664	supercritical
428.33	22.000	352.94	0.0028333	461.05	523.38	1.8663	0.88270	1.6526	328.41	2.3876	31.156	0.046490	supercritical
430.00	22.000	349.69	0.0028597	463.22	526.13	1.8727	0.88231	1.6401	328.90	2.3821	31.062	0.046324	supercritical
431.67	22.000	346.52	0.0028858	465.36	528.85	1.8790	0.88196	1.6279	329.41	2.3761	30.973	0.046165	supercritical
433.33	22.000	343.43	0.0029118	467.49	531.55	1.8852	0.88163	1.6162	329.93	2.3696	30.890	0.046014	supercritical
435.00	22.000	340.41	0.0029377	469.61	534.24	1.8914	0.88133	1.6048	330.47	2.3626	30.812	0.045870	supercritical
436.67	22.000	337.45	0.0029634	471.71	536.90	1.8975	0.88105	1.5938	331.01	2.3552	30.739	0.045733	supercritical
438.33	22.000	334.57	0.0029889	473.79	539.55	1.9036	0.88080	1.5831	331.57	2.3475	30.670	0.045602	supercritical
440.00	22.000	331.75	0.0030144	475.87	542.18	1.9096	0.88057	1.5727	332.14	2.3394	30.606	0.045477	supercritical
441.67	22.000	328.99	0.0030396	477.92	544.79	1.9155	0.88037	1.5627	332.71	2.3309	30.545	0.045357	supercritical
443.33	22.000	326.29	0.0030648	479.96	547.39	1.9214	0.88019	1.5530	333.30	2.3221	30.489	0.045242	supercritical
445.00	22.000	323.65	0.0030898	482.00	549.97	1.9272	0.88003	1.5436	333.89	2.3130	30.437	0.045131	supercritical
446.67	22.000	321.06	0.0031147	484.01	552.54	1.9329	0.87990	1.5345	334.49	2.3037	30.388	0.045024	supercritical
448.33	22.000	318.53	0.0031394	486.02	555.09	1.9386	0.87979	1.5257	335.09	2.2940	30.342	0.044920	supercritical
450.00	22.000	316.05	0.0031640	488.01	557.62	1.9443	0.87970	1.5172	335.70	2.2842	30.300	0.044816	supercritical
451.67	22.000	313.62	0.0031885	490.00	560.14	1.9499	0.87963	1.5089	336.32	2.2741	30.261	0.044712	supercritical
453.33	22.000	311.24	0.0032129	491.97	562.65	1.9554	0.87958	1.5009	336.94	2.2638	30.225	0.044601	supercritical
455.00	22.000	308.91	0.0032371	493.93	565.15	1.9609	0.87955	1.4931	337.56	2.2534	30.191	0.044471	supercritical
456.67	22.000	306.63	0.0032613	495.88	567.63	1.9664	0.87955	1.4856	338.19	2.2427	30.161	0.044270	supercritical
458.33	22.000	304.39	0.0032853	497.82	570.10	1.9718	0.87956	1.4783	338.83	2.2319	30.133	0.044249	supercritical
460.00	22.000	302.19	0.0033092	499.76	572.56	1.9771	0.87959	1.4712	339.47	2.2210	30.108	0.044231	supercritical
461.67	22.000	300.04	0.0033329	501.68	575.00	1.9824	0.87964	1.4643	340.11	2.2099	30.085	0.044216	supercritical
463.33	22.000	297.92	0.0033566	503.59	577.44	1.9877	0.87970	1.4576	340.75	2.1987	30.065	0.044205	supercritical
465.00	22.000	295.85	0.0033801	505.50	579.86	1.9929	0.87979	1.4512	341.39	2.1874	30.046	0.044196	supercritical
466.67	22.000	293.81	0.0034036	507.40	582.27	1.9981	0.87989	1.4449	342.04	2.1759	30.030	0.044191	supercritical
468.33	22.000	291.81	0.0034269	509.29	584.68	2.0032	0.88001	1.4388	342.69	2.1644	30.016	0.044189	supercritical
470.00	22.000	289.84	0.0034501	511.17	587.07	2.0083	0.88014	1.4329	343.34	2.1528	30.004	0.044190	supercritical
471.67	22.000	287.91	0.0034733	513.04	589.45	2.0134	0.88029	1.4271	344.00	2.1412	29.994	0.044194	supercritical
473.33	22.000	286.02	0.0034963	514.91	591.83	2.0184	0.88046	1.4216	344.65	2.1295	29.985	0.044200	supercritical
475.00	22.000	284.16	0.0035192	516.77	594.19	2.0234	0.88064	1.4162	345.31	2.1177	29.979	0.044209	supercritical
476.67	22.000	282.33	0.0035420	518.62	596.55	2.0283	0.88084	1.4109	345.96	2.1058	29.974	0.044220	supercritical
478.33	22.000	280.53	0.0035647	520.47	598.90	2.0333	0.88105	1.4058	346.62	2.0940	29.971	0.044234	supercritical
480.00	22.000	278.76	0.0035874	522.31	601.23	2.0381	0.88127	1.4008	347.28	2.0821	29.969	0.044250	supercritical
481.67	22.000	277.02	0.0036099	524.15	603.57	2.0430	0.88151	1.3960	347.94	2.0701	29.969	0.044269	supercritical
483.33	22.000	275.30	0.0036324	525.98	605.89	2.0478	0.88176	1.3914	348.60	2.0582	29.970	0.044290	supercritical
485.00	22.000	273.62	0.0036547	527.80	608.20	2.0526	0.88202	1.3868	349.26	2.0462	29.973	0.044313	supercritical
486.67	22.000	271.96	0.0036770	529.62	610.51	2.0573	0.88230	1.3824	349.92	2.0342	29.977	0.044338	supercritical
488.33	22.000	270.33	0.0036992	531.43	612.81	2.0621	0.88258	1.3781	350.58	2.0222	29.982	0.044365	supercritical
490.00	22.000	268.73	0.0037212	533.24	615.11	2.0667	0.88288	1.3739	351.24	2.0102	29.988	0.044394	supercritical
491.67	22.000	267.15	0.0037433	535.04	617.39	2.0714	0.88319	1.3699	351.90	1.9982	29.996	0.044425	supercritical
493.33	22.000	265.59	0.0037652	536.84	619.67	2.0760	0.88352	1.3660	352.56	1.9862	30.005	0.044458	supercritical
495.00	22.000	264.06	0.0037870	538.63	621.94	2.0806	0.88385	1.3621	353.21	1.9743	30.015	0.044492	supercritical
496.67	22.000	262.55	0.0038088	540.42	624.21	2.0852	0.88419	1.3584	353.87	1.9623	30.026	0.044529	supercritical
498.33	22.000	261.06	0.0038305	542.20	626.47	2.0898	0.88455	1.3548	354.53	1.9504	30.039	0.044567	supercritical
500.00	22.000	259.60	0.0038521	543.98	628.73	2.0943	0.88491	1.3513	355.19	1.9384	30.052	0.044607	supercritical
501.67	22.000	258.16	0.0038736	545.76	630.98	2.0988	0.88528	1.3478	355.84	1.9265	30.066	0.044648	supercritical
503.33	22.000	256.73	0.0038951	547.53	633.22	2.1032	0.88567	1.3445	356.50	1.9146	30.081	0.044691	supercritical
505.00	22.000	255.33	0.0039165	549.30	635.46	2.1077	0.88606	1.3413	357.15	1.9028	30.097	0.044736	supercritical
506.67	22.000	253.95	0.0039378	551.06	637.69	2.1121	0.88646	1.3381	357.81	1.8910	30.114	0.044782	supercritical
508.33	22.000	252.59	0.0039590	552.82	639.92	2.1165	0.88687	1.3350	358.46	1.8792	30.132	0.044829	supercritical
510.00	22.000	251.24	0.0039802	554.58	642.14	2.1208	0.88729	1.3321	359.11	1.8675	30.151	0.044878	supercritical
511.67	22.000	249.92	0.0040013	556.33	644.36	2.1252	0.88771	1.3292	359.77	1.8558	30.170	0.044929	supercritical
513.33	22.000	248.61	0.0040223	558.08	646.57	2.1295	0.88815	1.3263	360.42	1.8441	30.190	0.044980	supercritical
515.00	22.000	247.32	0.0040433	559.83	648.78	2.1338	0.88859	1.3236	361.07	1.8325	30.211	0.045033	supercritical
516.67	22.000	246.05	0.0040642	561.57	650.98	2.1381	0.88904	1.3209	361.71	1.8209	30.233	0.045087	supercritical
518.33	22.000	244.80	0.0040850	563.31	653.18	2.1423	0.88949	1.3183	362.36	1.8093	30.256	0.045143	supercritical
520.00	22.000	243.56	0.0041058	565.05	655.38	2.1465	0.88996	1.3158	363.01	1.7979	30.279	0.045200	supercritical
521.67	22.000	242.34	0.0041265	566.79	657.57	2.1507	0.89043	1.3133	363.65	1.7864	30.303	0.045257	supercritical
523.33	22.000	241.13	0.0041472	568.52	659.76	2.1549	0.89091	1.3109	364.30	1.7750	30.327	0.045316	supercritical
525.00	22.000	239.94	0.0041678	570.25	661.94	2.1591	0.89139	1.3086	364.94	1.7637	30.352	0.045376	supercritical
526.67	22.000	238.76	0.0041883	571.98	664.12	2.1632	0.89188	1.3063	365.58	1.7524	30.378	0.045438	supercritical
528.33	22.000	237.60	0.0042088	573.70	666.29	2.1674	0.89238	1.3041	366.22	1.7412	30.404	0.045500	supercritical
530.00	22.000	236.45	0.0042292	575.42	668.47	2.1715	0.89288	1.3019	366.86	1.7300	30.431	0.045563	supercritical
531.67	22.000	235.32	0.0042495	577.14	670.63	2.1755	0.89338	1.2998	367.50	1.7189	30.458	0.045628	supercritical
533.33	22.000	234.20	0.0042698	578.86	672.80	2.1796	0.89390	1.2978	368.13	1.7078	30.486	0.045693	supercritical
535.00	22.000	233.10	0.0042901	580.58	674.96	2.1837	0.89442	1.2958	368.77	1.6968	30.514	0.045759	supercritical
536.67	22.000	232.01	0.0043102	582.29	677.12	2.1877	0.89494	1.2939	369.40	1.6858	30.543	0.045826	supercritical
538.33	22.000	230.93	0.0043304	584.00	679.27	2.1917	0.89547	1.2920	370.03	1.6749	30.573	0.045895	supercritical
540.00	22.000	229.86	0.0043505	585.71	681.42	2.1957	0.89600	1.2901	370.66	1.6641	30.603	0.045964	supercritical
541.67	22.000	228.81	0.0043705	587.42	683.57	2.1997	0.89654	1.2884	371.29	1.6533	30.633	0.046034	supercritical
543.33	22.000	227.77	0.0043905	589.13	685.72	2.2036	0.89709	1.2866	371.92	1.6426	30.664	0.046104	supercritical
545.00	22.000	226.74	0.0044104	590.83	687.86	2.2076	0.89763	1.2849	372.55	1.6319	30.695	0.046176	supercritical
546.67	22.000	225.72	0.0044303	592.54	690.00	2.2115	0.89819	1.2833	373.17	1.6213	30.727	0.046249	supercritical
548.33	22.000	224.71	0.0044501	594.24	692.14	2.2154	0.89874	1.2817	373.79	1.6108	30.759	0.046322	supercritical
550.00	22.000	223.72	0.0044699	595.94	694.27	2.2193	0.89930	1.2801	374.42	1.6003	30.791	0.046396	supercritical
551.67	22.000	222.74	0.0044896	597.64	696.41	2.2231	0.89987	1.2786	375.04	1.5899	30.824	0.046471	supercritical
553.33	22.000	221.77	0.0045093	599.33	698.54	2.2270	0.90043	1.2771	375.66	1.5795	30.858	0.046546	supercritical
555.00	22.000	220.80	0.0045289	601.03	700.66	2.2308	0.90101	1.2757	376.28	1.5692	30.891	0.046623	supercritical
556.67	22.000	219.85	0.0045485	602.72	702.79	2.2347	0.90158	1.2743	376.89	1.5590	30.925	0.046700	supercritical
558.33	22.000	218.91	0.0045680	604.41	704.91	2.2385	0.90216	1.2729	377.51	1.5488	30.959	0.046777	supercritical
560.00	22.000	217.98	0.0045875	606.11	707.03	2.2423	0.90274	1.2716	378.12	1.5387	30.994	0.046856	supercritical
561.67	22.000	217.06	0.0046070	607.80	709.15	2.2460	0.90333	1.2703	378.73	1.5287	31.029	0.046935	supercritical
563.33	22.000	216.15	0.0046264	609.48	711.27	2.2498	0.90392	1.2690	379.34	1.5187	31.064	0.047015	supercritical
565.00	22.000	215.25	0.0046458	611.17	713.38	2.2535	0.90451	1.2678	379.95	1.5087	31.100	0.047095	supercritical
566.67	22.000	214.36	0.0046651	612.86	715.49	2.2573	0.90510	1.2666	380.56	1.4989	31.136	0.047176	supercritical
568.33	22.000	213.48	0.0046844	614.55	717.60	2.2610	0.90570	1.2655	381.17	1.4891	31.172	0.047258	supercritical
570.00	22.000	212.60	0.0047036	616.23	719.71	2.2647	0.90630	1.2643	381.77	1.4793	31.209	0.047340	supercritical
571.67	22.000	211.74	0.0047228	617.91	721.82	2.2684	0.90690	1.2632	382.38	1.4696	31.245	0.047423	supercritical
573.33	22.000	210.88	0.0047420	619.60	723.92	2.2721	0.90751	1.2622	382.98	1.4600	31.283	0.047506	supercritical
575.00	22.000	210.04	0.0047611	621.28	726.02	2.2757	0.90812	1.2611	383.58	1.4504	31.320	0.047590	supercritical
576.67	22.000	209.20	0.0047802	622.96	728.12	2.2794	0.90873	1.2601	384.18	1.4409	31.357	0.047675	supercritical
578.33	22.000	208.37	0.0047992	624.64	730.22	2.2830	0.90934	1.2592	384.78	1.4315	31.395	0.047760	supercritical
580.00	22.000	207.54	0.0048182	626.32	732.32	2.2866	0.90995	1.2582	385.37	1.4221	31.433	0.047846	supercritical
581.67	22.000	206.73	0.0048372	628.00	734.42	2.2902	0.91057	1.2573	385.97	1.4128	31.472	0.047932	supercritical
583.33	22.000	205.92	0.0048561	629.68	736.51	2.2938	0.91119	1.2564	386.56	1.4036	31.510	0.048018	supercritical
585.00	22.000	205.13	0.0048750	631.36	738.61	2.2974	0.91181	1.2555	387.15	1.3944	31.549	0.048105	supercritical
586.67	22.000	204.34	0.0048939	633.03	740.70	2.3010	0.91243	1.2547	387.74	1.3852	31.588	0.048193	supercritical
588.33	22.000	203.55	0.0049127	634.71	742.79	2.3045	0.91306	1.2538	388.33	1.3761	31.627	0.048281	supercritical
590.00	22.000	202.78	0.0049315	636.38	744.88	2.3081	0.91368	1.2531	388.92	1.3671	31.666	0.048370	supercritical
591.67	22.000	202.01	0.0049503	638.06	746.97	2.3116	0.91431	1.2523	389.51	1.3582	31.706	0.048459	supercritical
593.33	22.000	201.25	0.0049690	639.73	749.05	2.3151	0.91494	1.2515	390.09	1.3493	31.746	0.048548	supercritical
595.00	22.000	200.49	0.0049877	641.41	751.14	2.3187	0.91557	1.2508	390.68	1.3404	31.786	0.048638	supercritical
596.67	22.000	199.75	0.0050063	643.08	753.22	2.3222	0.91620	1.2501	391.26	1.3316	31.826	0.048729	supercritical
598.33	22.000	199.01	0.0050249	644.76	755.30	2.3256	0.91683	1.2494	391.84	1.3229	31.866	0.048819	supercritical
600.00	22.000	198.27	0.0050435	646.43	757.39	2.3291	0.91747	1.2487	392.42	1.3142	31.907	0.048911	supercritical
601.67	22.000	197.55	0.0050621	648.10	759.47	2.3326	0.91810	1.2481	393.00	1.3056	31.947	0.049002	supercritical
603.33	22.000	196.83	0.0050806	649.77	761.55	2.3360	0.91874	1.2474	393.57	1.2971	31.988	0.049094	supercritical
605.00	22.000	196.11	0.0050991	651.44	763.62	2.3395	0.91938	1.2468	394.15	1.2886	32.029	0.049187	supercritical
606.67	22.000	195.41	0.0051175	653.12	765.70	2.3429	0.92002	1.2462	394.72	1.2801	32.070	0.049279	supercritical
608.33	22.000	194.71	0.0051360	654.79	767.78	2.3463	0.92066	1.2457	395.30	1.2717	32.112	0.049372	supercritical
610.00	22.000	194.01	0.0051544	656.46	769.85	2.3497	0.92130	1.2451	395.87	1.2634	32.153	0.049466	supercritical
611.67	22.000	193.32	0.0051727	658.13	771.93	2.3531	0.92194	1.2446	396.44	1.2551	32.195	0.049560	supercritical
613.33	22.000	192.64	0.0051911	659.80	774.00	2.3565	0.92258	1.2441	397.01	1.2469	32.237	0.049654	supercritical
615.00	22.000	191.96	0.0052094	661.47	776.08	2.3599	0.92323	1.2436	397.58	1.2388	32.278	0.049749	supercritical
616.67	22.000	191.29	0.0052276	663.14	778.15	2.3632	0.92387	1.2431	398.14	1.2306	32.320	0.049844	supercritical
618.33	22.000	190.63	0.0052459	664.81	780.22	2.3666	0.92452	1.2426	398.71	1.2226	32.363	0.049939	supercritical
620.00	22.000	189.97	0.0052641	666.48	782.29	2.3699	0.92516	1.2422	399.27	1.2146	32.405	0.050035	supercritical
621.67	22.000	189.31	0.0052823	668.15	784.36	2.3733	0.92581	1.2417	399.83	1.2066	32.447	0.050130	supercritical
623.33	22.000	188.66	0.0053005	669.82	786.43	2.3766	0.92645	1.2413	400.39	1.1987	32.490	0.050227	supercritical
625.00	22.000	188.02	0.0053186	671.49	788.50	2.3799	0.92710	1.2409	400.95	1.1909	32.533	0.050323	supercritical
626.67	22.000	187.38	0.0053367	673.16	790.57	2.3832	0.92775	1.2405	401.51	1.1831	32.575	0.050420	supercritical
628.33	22.000	186.75	0.0053548	674.83	792.63	2.3865	0.92840	1.2401	402.07	1.1754	32.618	0.050517	supercritical
630.00	22.000	186.12	0.0053729	676.50	794.70	2.3898	0.92904	1.2398	402.62	1.1677	32.661	0.050615	supercritical
631.67	22.000	185.50	0.0053909	678.17	796.77	2.3931	0.92969	1.2394	403.18	1.1600	32.704	0.050712	supercritical
633.33	22.000	184.88	0.0054089	679.84	798.83	2.3963	0.93034	1.2391	403.73	1.1524	32.748	0.050810	supercritical
635.00	22.000	184.27	0.0054269	681.50	800.90	2.3996	0.93099	1.2388	404.29	1.1449	32.791	0.050909	supercritical
636.67	22.000	183.66	0.0054448	683.17	802.96	2.4028	0.93164	1.2385	404.84	1.1374	32.834	0.051007	supercritical
638.33	22.000	183.06	0.0054628	684.84	805.02	2.4061	0.93229	1.2382	405.39	1.1300	32.878	0.051106	supercritical
640.00	22.000	182.46	0.0054807	686.51	807.09	2.4093	0.93294	1.2379	405.93	1.1226	32.921	0.051205	supercritical
641.67	22.000	181.87	0.0054985	688.18	809.15	2.4125	0.93359	1.2376	406.48	1.1153	32.965	0.051304	supercritical
643.33	22.000	181.28	0.0055164	689.85	811.21	2.4157	0.93424	1.2373	407.03	1.1080	33.009	0.051404	supercritical
645.00	22.000	180.69	0.0055342	691.52	813.27	2.4189	0.93489	1.2371	407.57	1.1007	33.053	0.051504	supercritical
646.67	22.000	180.11	0.0055520	693.19	815.34	2.4221	0.93554	1.2368	408.12	1.0935	33.097	0.051604	supercritical
648.33	22.000	179.54	0.0055698	694.86	817.40	2.4253	0.93619	1.2366	408.66	1.0864	33.141	0.051704	supercritical
650.00	22.000	178.97	0.0055876	696.53	819.46	2.4285	0.93684	1.2364	409.20	1.0793	33.185	0.051805	supercritical
651.67	22.000	178.40	0.0056053	698.20	821.52	2.4317	0.93749	1.2362	409.74	1.0722	33.229	0.051905	supercritical
653.33	22.000	177.84	0.0056230	699.87	823.58	2.4348	0.93814	1.2360	410.28	1.0652	33.273	0.052006	supercritical
655.00	22.000	177.28	0.0056407	701.54	825.64	2.4380	0.93879	1.2358	410.82	1.0583	33.318	0.052107	supercritical
656.67	22.000	176.73	0.0056584	703.21	827.70	2.4411	0.93944	1.2356	411.35	1.0514	33.362	0.052209	supercritical
658.33	22.000	176.18	0.0056760	704.88	829.76	2.4442	0.94009	1.2355	411.89	1.0445	33.406	0.052311	supercritical
660.00	22.000	175.63	0.0056937	706.56	831.82	2.4474	0.94074	1.2353	412.42	1.0377	33.451	0.052412	supercritical
661.67	22.000	175.09	0.0057113	708.23	833.88	2.4505	0.94138	1.2352	412.96	1.0309	33.496	0.052514	supercritical
663.33	22.000	174.56	0.0057288	709.90	835.93	2.4536	0.94203	1.2350	413.49	1.0242	33.540	0.052617	supercritical
665.00	22.000	174.02	0.0057464	711.57	837.99	2.4567	0.94268	1.2349	414.02	1.0175	33.585	0.052719	supercritical
666.67	22.000	173.49	0.0057639	713.24	840.05	2.4598	0.94333	1.2348	414.55	1.0108	33.630	0.052822	supercritical
668.33	22.000	172.97	0.0057815	714.92	842.11	2.4629	0.94397	1.2347	415.08	1.0042	33.675	0.052924	supercritical
670.00	22.000	172.44	0.0057990	716.59	844.17	2.4659	0.94462	1.2346	415.61	0.99767	33.719	0.053027	supercritical
671.67	22.000	171.93	0.0058164	718.26	846.22	2.4690	0.94527	1.2345	416.13	0.99116	33.764	0.053130	supercritical
673.33	22.000	171.41	0.0058339	719.93	848.28	2.4721	0.94591	1.2344	416.66	0.98469	33.809	0.053234	supercritical
675.00	22.000	170.90	0.0058513	721.61	850.34	2.4751	0.94656	1.2343	417.18	0.97825	33.855	0.053337	supercritical
676.67	22.000	170.39	0.0058688	723.28	852.39	2.4782	0.94720	1.2342	417.71	0.97187	33.900	0.053441	supercritical
678.33	22.000	169.89	0.0058862	724.96	854.45	2.4812	0.94785	1.2342	418.23	0.96552	33.945	0.053545	supercritical
680.00	22.000	169.39	0.0059035	726.63	856.51	2.4842	0.94849	1.2341	418.75	0.95921	33.990	0.053649	supercritical
681.67	22.000	168.89	0.0059209	728.31	858.57	2.4872	0.94914	1.2341	419.27	0.95295	34.035	0.053753	supercritical
683.33	22.000	168.40	0.0059382	729.98	860.62	2.4902	0.94978	1.2340	419.79	0.94672	34.081	0.053857	supercritical
685.00	22.000	167.91	0.0059556	731.66	862.68	2.4933	0.95042	1.2340	420.31	0.94053	34.126	0.053962	supercritical
686.67	22.000	167.42	0.0059729	733.33	864.74	2.4963	0.95106	1.2340	420.82	0.93439	34.171	0.054066	supercritical
688.33	22.000	166.94	0.0059902	735.01	866.79	2.4992	0.95170	1.2340	421.34	0.92828	34.217	0.054171	supercritical
690.00	22.000	166.46	0.0060074	736.69	868.85	2.5022	0.95234	1.2340	421.85	0.92222	34.262	0.054276	supercritical
691.67	22.000	165.98	0.0060247	738.36	870.91	2.5052	0.95298	1.2339	422.37	0.91619	34.308	0.054381	supercritical
693.33	22.000	165.51	0.0060419	740.04	872.96	2.5082	0.95362	1.2339	422.88	0.91020	34.353	0.054486	supercritical
695.00	22.000	165.04	0.0060591	741.72	875.02	2.5111	0.95426	1.2340	423.39	0.90425	34.399	0.054591	supercritical
696.67	22.000	164.57	0.0060763	743.40	877.08	2.5141	0.95490	1.2340	423.90	0.89834	34.444	0.054697	supercritical
698.33	22.000	164.11	0.0060935	745.07	879.13	2.5170	0.95553	1.2340	424.41	0.89246	34.490	0.054803	supercritical
700.00	22.000	163.65	0.0061107	746.75	881.19	2.5200	0.95617	1.2340	424.92	0.88662	34.536	0.054908	supercritical
701.67	22.000	163.19	0.0061278	748.43	883.25	2.5229	0.95681	1.2340	425.43	0.88082	34.581	0.055014	supercritical
703.33	22.000	162.74	0.0061449	750.11	885.30	2.5258	0.95744	1.2341	425.93	0.87506	34.627	0.055120	supercritical
705.00	22.000	162.28	0.0061621	751.79	887.36	2.5288	0.95807	1.2341	426.44	0.86933	34.673	0.055226	supercritical
706.67	22.000	161.83	0.0061792	753.47	889.42	2.5317	0.95871	1.2342	426.95	0.86364	34.719	0.055332	supercritical
708.33	22.000	161.39	0.0061962	755.16	891.47	2.5346	0.95934	1.2342	427.45	0.85798	34.765	0.055439	supercritical
710.00	22.000	160.95	0.0062133	756.84	893.53	2.5375	0.95997	1.2343	427.95	0.85236	34.810	0.055545	supercritical
711.67	22.000	160.50	0.0062303	758.52	895.59	2.5404	0.96060	1.2343	428.45	0.84678	34.856	0.055652	supercritical
713.33	22.000	160.07	0.0062474	760.20	897.64	2.5433	0.96123	1.2344	428.95	0.84123	34.902	0.055758	supercritical
715.00	22.000	159.63	0.0062644	761.89	899.70	2.5462	0.96186	1.2345	429.45	0.83571	34.948	0.055865	supercritical
716.67	22.000	159.20	0.0062814	763.57	901.76	2.5490	0.96249	1.2346	429.95	0.83023	34.994	0.055972	supercritical
718.33	22.000	158.77	0.0062984	765.25	903.82	2.5519	0.96311	1.2347	430.45	0.82478	35.040	0.056079	supercritical
720.00	22.000	158.34	0.0063153	766.94	905.87	2.5548	0.96374	1.2347	430.95	0.81937	35.086	0.056186	supercritical
721.67	22.000	157.92	0.0063323	768.62	907.93	2.5576	0.96436	1.2348	431.44	0.81399	35.132	0.056293	supercritical
723.33	22.000	157.50	0.0063492	770.31	909.99	2.5605	0.96499	1.2349	431.94	0.80865	35.178	0.056400	supercritical
725.00	22.000	157.08	0.0063662	771.99	912.05	2.5633	0.96561	1.2350	432.43	0.80333	35.224	0.056507	supercritical
726.67	22.000	156.66	0.0063831	773.68	914.11	2.5661	0.96623	1.2351	432.93	0.79805	35.270	0.056615	supercritical
728.33	22.000	156.25	0.0064000	775.37	916.17	2.5690	0.96686	1.2352	433.42	0.79281	35.316	0.056722	supercritical
730.00	22.000	155.84	0.0064168	777.05	918.23	2.5718	0.96748	1.2354	433.91	0.78759	35.362	0.056830	supercritical
731.67	22.000	155.43	0.0064337	778.74	920.28	2.5746	0.96809	1.2355	434.40	0.78241	35.408	0.056938	supercritical
733.33	22.000	155.03	0.0064505	780.43	922.34	2.5774	0.96871	1.2356	434.89	0.77726	35.455	0.057045	supercritical
735.00	22.000	154.62	0.0064674	782.12	924.40	2.5802	0.96933	1.2357	435.38	0.77214	35.501	0.057153	supercritical
736.67	22.000	154.22	0.0064842	783.81	926.46	2.5830	0.96995	1.2359	435.87	0.76705	35.547	0.057261	supercritical
738.33	22.000	153.82	0.0065010	785.50	928.52	2.5858	0.97056	1.2360	436.36	0.76199	35.593	0.057369	supercritical
740.00	22.000	153.43	0.0065178	787.19	930.58	2.5886	0.97118	1.2361	436.84	0.75697	35.639	0.057477	supercritical
741.67	22.000	153.03	0.0065346	788.88	932.64	2.5914	0.97179	1.2363	437.33	0.75197	35.685	0.057585	supercritical
743.33	22.000	152.64	0.0065514	790.57	934.70	2.5942	0.97240	1.2364	437.81	0.74701	35.732	0.057694	supercritical
745.00	22.000	152.25	0.0065681	792.27	936.76	2.5969	0.97301	1.2366	438.30	0.74207	35.778	0.057802	supercritical
746.67	22.000	151.86	0.0065848	793.96	938.83	2.5997	0.97362	1.2367	438.78	0.73717	35.824	0.057910	supercritical
748.33	22.000	151.48	0.0066016	795.65	940.89	2.6025	0.97423	1.2369	439.26	0.73229	35.870	0.058019	supercritical
750.00	22.000	151.10	0.0066183	797.35	942.95	2.6052	0.97484	1.2370	439.74	0.72744	35.916	0.058127	supercritical
751.67	22.000	150.72	0.0066350	799.04	945.01	2.6079	0.97545	1.2372	440.22	0.72262	35.963	0.058236	supercritical
753.33	22.000	150.34	0.0066517	800.74	947.07	2.6107	0.97605	1.2374	440.70	0.71784	36.009	0.058344	supercritical
755.00	22.000	149.96	0.0066684	802.43	949.13	2.6134	0.97666	1.2375	441.18	0.71308	36.055	0.058453	supercritical
756.67	22.000	149.59	0.0066850	804.13	951.20	2.6162	0.97726	1.2377	441.66	0.70834	36.101	0.058562	supercritical
758.33	22.000	149.22	0.0067017	805.82	953.26	2.6189	0.97786	1.2379	442.14	0.70364	36.148	0.058671	supercritical
760.00	22.000	148.85	0.0067183	807.52	955.32	2.6216	0.97846	1.2380	442.61	0.69896	36.194	0.058779	supercritical
761.67	22.000	148.48	0.0067349	809.22	957.39	2.6243	0.97906	1.2382	443.09	0.69432	36.240	0.058888	supercritical
763.33	22.000	148.11	0.0067515	810.92	959.45	2.6270	0.97966	1.2384	443.56	0.68970	36.287	0.058997	supercritical
765.00	22.000	147.75	0.0067681	812.62	961.52	2.6297	0.98026	1.2386	444.04	0.68510	36.333	0.059106	supercritical
766.67	22.000	147.39	0.0067847	814.32	963.58	2.6324	0.98086	1.2388	444.51	0.68054	36.379	0.059215	supercritical
768.33	22.000	147.03	0.0068013	816.02	965.64	2.6351	0.98145	1.2390	444.98	0.67600	36.425	0.059324	supercritical
770.00	22.000	146.67	0.0068179	817.72	967.71	2.6378	0.98205	1.2392	445.45	0.67149	36.472	0.059434	supercritical
771.67	22.000	146.32	0.0068344	819.42	969.78	2.6405	0.98264	1.2394	445.92	0.66700	36.518	0.059543	supercritical
773.33	22.000	145.96	0.0068510	821.12	971.84	2.6431	0.98323	1.2396	446.39	0.66254	36.564	0.059652	supercritical
775.00	22.000	145.61	0.0068675	822.82	973.91	2.6458	0.98382	1.2398	446.86	0.65811	36.611	0.059761	supercritical
776.67	22.000	145.26	0.0068840	824.53	975.97	2.6485	0.98441	1.2400	447.33	0.65370	36.657	0.059871	supercritical
778.33	22.000	144.92	0.0069005	826.23	978.04	2.6511	0.98500	1.2402	447.80	0.64932	36.703	0.059980	supercritical
780.00	22.000	144.57	0.0069170	827.93	980.11	2.6538	0.98559	1.2404	448.26	0.64496	36.749	0.060089	supercritical
781.67	22.000	144.23	0.0069335	829.64	982.17	2.6564	0.98617	1.2406	448.73	0.64063	36.796	0.060199	supercritical
783.33	22.000	143.89	0.0069500	831.34	984.24	2.6591	0.98676	1.2408	449.19	0.63632	36.842	0.060308	supercritical
785.00	22.000	143.55	0.0069664	833.05	986.31	2.6617	0.98734	1.2410	449.66	0.63204	36.888	0.060418	supercritical
786.67	22.000	143.21	0.0069829	834.76	988.38	2.6643	0.98793	1.2412	450.12	0.62778	36.935	0.060528	supercritical
788.33	22.000	142.87	0.0069993	836.46	990.45	2.6670	0.98851	1.2414	450.59	0.62355	36.981	0.060637	supercritical
790.00	22.000	142.54	0.0070157	838.17	992.52	2.6696	0.98909	1.2417	451.05	0.61934	37.027	0.060747	supercritical
791.67	22.000	142.20	0.0070322	839.88	994.59	2.6722	0.98967	1.2419	451.51	0.61515	37.073	0.060856	supercritical
793.33	22.000	141.87	0.0070486	841.59	996.66	2.6748	0.99024	1.2421	451.97	0.61099	37.120	0.060966	supercritical
795.00	22.000	141.54	0.0070650	843.30	998.73	2.6774	0.99082	1.2423	452.43	0.60686	37.166	0.061076	supercritical
796.67	22.000	141.22	0.0070814	845.01	1000.8	2.6800	0.99140	1.2426	452.89	0.60274	37.212	0.061186	supercritical
798.33	22.000	140.89	0.0070977	846.72	1002.9	2.6826	0.99197	1.2428	453.35	0.59865	37.258	0.061295	supercritical
800.00	22.000	140.57	0.0071141	848.43	1004.9	2.6852	0.99254	1.2430	453.80	0.59459	37.305	0.061405	supercritical
801.67	22.000	140.24	0.0071305	850.14	1007.0	2.6878	0.99311	1.2433	454.26	0.59054	37.351	0.061515	supercritical
803.33	22.000	139.92	0.0071468	851.86	1009.1	2.6904	0.99368	1.2435	454.72	0.58652	37.397	0.061625	supercritical
805.00	22.000	139.60	0.0071631	853.57	1011.2	2.6930	0.99425	1.2437	455.17	0.58252	37.443	0.061735	supercritical
806.67	22.000	139.29	0.0071795	855.28	1013.2	2.6955	0.99482	1.2440	455.63	0.57855	37.490	0.061844	supercritical
808.33	22.000	138.97	0.0071958	857.00	1015.3	2.6981	0.99539	1.2442	456.08	0.57459	37.536	0.061954	supercritical
810.00	22.000	138.66	0.0072121	858.71	1017.4	2.7007	0.99595	1.2444	456.54	0.57066	37.582	0.062064	supercritical
811.67	22.000	138.34	0.0072284	860.43	1019.5	2.7032	0.99652	1.2447	456.99	0.56675	37.628	0.062174	supercritical
813.33	22.000	138.03	0.0072447	862.14	1021.5	2.7058	0.99708	1.2449	457.44	0.56286	37.674	0.062284	supercritical
815.00	22.000	137.72	0.0072609	863.86	1023.6	2.7083	0.99764	1.2452	457.89	0.55900	37.721	0.062394	supercritical
816.67	22.000	137.42	0.0072772	865.58	1025.7	2.7109	0.99820	1.2454	458.34	0.55515	37.767	0.062504	supercritical
818.33	22.000	137.11	0.0072935	867.30	1027.8	2.7134	0.99876	1.2457	458.79	0.55133	37.813	0.062614	supercritical
820.00	22.000	136.80	0.0073097	869.02	1029.8	2.7159	0.99932	1.2459	459.24	0.54752	37.859	0.062724	supercritical
821.67	22.000	136.50	0.0073260	870.74	1031.9	2.7185	0.99988	1.2462	459.69	0.54374	37.905	0.062834	supercritical
823.33	22.000	136.20	0.0073422	872.46	1034.0	2.7210	1.0004	1.2464	460.14	0.53998	37.952	0.062944	supercritical
825.00	22.000	135.90	0.0073584	874.18	1036.1	2.7235	1.0010	1.2467	460.59	0.53624	37.998	0.063054	supercritical
826.67	22.000	135.60	0.0073746	875.90	1038.1	2.7260	1.0015	1.2469	461.03	0.53252	38.044	0.063164	supercritical
828.33	22.000	135.30	0.0073908	877.62	1040.2	2.7286	1.0021	1.2472	461.48	0.52882	38.090	0.063275	supercritical
830.00	22.000	135.01	0.0074070	879.34	1042.3	2.7311	1.0026	1.2474	461.92	0.52514	38.136	0.063385	supercritical
831.67	22.000	134.71	0.0074232	881.07	1044.4	2.7336	1.0032	1.2477	462.37	0.52148	38.182	0.063495	supercritical
833.33	22.000	134.42	0.0074394	882.79	1046.5	2.7361	1.0037	1.2480	462.81	0.51784	38.228	0.063605	supercritical
835.00	22.000	134.13	0.0074555	884.51	1048.5	2.7386	1.0043	1.2482	463.26	0.51422	38.274	0.063715	supercritical
836.67	22.000	133.84	0.0074717	886.24	1050.6	2.7410	1.0048	1.2485	463.70	0.51062	38.320	0.063825	supercritical
838.33	22.000	133.55	0.0074878	887.96	1052.7	2.7435	1.0054	1.2487	464.14	0.50704	38.366	0.063935	supercritical
840.00	22.000	133.26	0.0075040	889.69	1054.8	2.7460	1.0059	1.2490	464.58	0.50348	38.412	0.064045	supercritical
841.67	22.000	132.98	0.0075201	891.42	1056.9	2.7485	1.0065	1.2493	465.02	0.49993	38.458	0.064155	supercritical
843.33	22.000	132.69	0.0075362	893.15	1058.9	2.7510	1.0070	1.2495	465.46	0.49641	38.504	0.064266	supercritical
845.00	22.000	132.41	0.0075524	894.87	1061.0	2.7534	1.0075	1.2498	465.90	0.49291	38.551	0.064376	supercritical
846.67	22.000	132.13	0.0075685	896.60	1063.1	2.7559	1.0081	1.2501	466.34	0.48942	38.596	0.064486	supercritical
848.33	22.000	131.85	0.0075846	898.33	1065.2	2.7583	1.0086	1.2503	466.78	0.48595	38.642	0.064596	supercritical
850.00	22.000	131.57	0.0076007	900.06	1067.3	2.7608	1.0091	1.2506	467.22	0.48250	38.688	0.064706	supercritical
851.67	22.000	131.29	0.0076167	901.79	1069.4	2.7632	1.0097	1.2509	467.66	0.47907	38.734	0.064816	supercritical
853.33	22.000	131.01	0.0076328	903.52	1071.4	2.7657	1.0102	1.2511	468.09	0.47566	38.780	0.064926	supercritical
855.00	22.000	130.74	0.0076489	905.26	1073.5	2.7681	1.0107	1.2514	468.53	0.47226	38.826	0.065036	supercritical
856.67	22.000	130.46	0.0076649	906.99	1075.6	2.7706	1.0113	1.2517	468.96	0.46889	38.872	0.065147	supercritical
858.33	22.000	130.19	0.0076810	908.72	1077.7	2.7730	1.0118	1.2519	469.40	0.46553	38.918	0.065257	supercritical
860.00	22.000	129.92	0.0076970	910.46	1079.8	2.7754	1.0123	1.2522	469.83	0.46218	38.964	0.065367	supercritical
861.67	22.000	129.65	0.0077131	912.19	1081.9	2.7779	1.0129	1.2525	470.27	0.45886	39.010	0.065477	supercritical
863.33	22.000	129.38	0.0077291	913.93	1084.0	2.7803	1.0134	1.2528	470.70	0.45555	39.056	0.065587	supercritical
865.00	22.000	129.11	0.0077451	915.66	1086.1	2.7827	1.0139	1.2530	471.13	0.45226	39.102	0.065697	supercritical
866.67	22.000	128.85	0.0077611	917.40	1088.1	2.7851	1.0144	1.2533	471.56	0.44899	39.147	0.065807	supercritical
868.33	22.000	128.58	0.0077771	919.13	1090.2	2.7875	1.0150	1.2536	471.99	0.44574	39.193	0.065917	supercritical
870.00	22.000	128.32	0.0077931	920.87	1092.3	2.7899	1.0155	1.2539	472.42	0.44250	39.239	0.066027	supercritical
871.67	22.000	128.06	0.0078091	922.61	1094.4	2.7923	1.0160	1.2541	472.85	0.43928	39.285	0.066137	supercritical
873.33	22.000	127.79	0.0078251	924.35	1096.5	2.7947	1.0165	1.2544	473.28	0.43607	39.331	0.066247	supercritical
875.00	22.000	127.53	0.0078411	926.09	1098.6	2.7971	1.0170	1.2547	473.71	0.43288	39.376	0.066358	supercritical
876.67	22.000	127.27	0.0078570	927.83	1100.7	2.7995	1.0175	1.2550	474.14	0.42971	39.422	0.066468	supercritical
878.33	22.000	127.02	0.0078730	929.57	1102.8	2.8019	1.0181	1.2553	474.57	0.42655	39.468	0.066578	supercritical
880.00	22.000	126.76	0.0078889	931.31	1104.9	2.8043	1.0186	1.2555	474.99	0.42341	39.514	0.066688	supercritical
881.67	22.000	126.50	0.0079049	933.05	1107.0	2.8066	1.0191	1.2558	475.42	0.42029	39.559	0.066798	supercritical
883.33	22.000	126.25	0.0079208	934.80	1109.1	2.8090	1.0196	1.2561	475.85	0.41718	39.605	0.066908	supercritical
885.00	22.000	126.00	0.0079367	936.54	1111.1	2.8114	1.0201	1.2564	476.27	0.41409	39.651	0.067018	supercritical
886.67	22.000	125.74	0.0079527	938.28	1113.2	2.8137	1.0206	1.2567	476.70	0.41101	39.696	0.067128	supercritical
888.33	22.000	125.49	0.0079686	940.03	1115.3	2.8161	1.0211	1.2569	477.12	0.40795	39.742	0.067238	supercritical
890.00	22.000	125.24	0.0079845	941.77	1117.4	2.8185	1.0216	1.2572	477.54	0.40490	39.788	0.067347	supercritical
891.67	22.000	124.99	0.0080004	943.52	1119.5	2.8208	1.0221	1.2575	477.97	0.40187	39.833	0.067457	supercritical
893.33	22.000	124.75	0.0080163	945.27	1121.6	2.8232	1.0226	1.2578	478.39	0.39886	39.879	0.067567	supercritical
895.00	22.000	124.50	0.0080322	947.01	1123.7	2.8255	1.0231	1.2581	478.81	0.39586	39.924	0.067677	supercritical
896.67	22.000	124.25	0.0080481	948.76	1125.8	2.8278	1.0236	1.2584	479.23	0.39287	39.970	0.067787	supercritical
898.33	22.000	124.01	0.0080639	950.51	1127.9	2.8302	1.0241	1.2586	479.65	0.38990	40.016	0.067897	supercritical
900.00	22.000	123.77	0.0080798	952.26	1130.0	2.8325	1.0246	1.2589	480.07	0.38695	40.061	0.068007	supercritical
901.67	22.000	123.52	0.0080957	954.01	1132.1	2.8348	1.0251	1.2592	480.49	0.38401	40.107	0.068117	supercritical
903.33	22.000	123.28	0.0081115	955.76	1134.2	2.8372	1.0256	1.2595	480.91	0.38108	40.152	0.068226	supercritical
905.00	22.000	123.04	0.0081274	957.51	1136.3	2.8395	1.0261	1.2598	481.33	0.37817	40.198	0.068336	supercritical
906.67	22.000	122.80	0.0081432	959.26	1138.4	2.8418	1.0266	1.2601	481.75	0.37527	40.243	0.068446	supercritical
908.33	22.000	122.56	0.0081590	961.01	1140.5	2.8441	1.0271	1.2604	482.17	0.37239	40.288	0.068556	supercritical
910.00	22.000	122.33	0.0081749	962.76	1142.6	2.8464	1.0276	1.2606	482.58	0.36952	40.334	0.068665	supercritical
911.67	22.000	122.09	0.0081907	964.52	1144.7	2.8487	1.0281	1.2609	483.00	0.36666	40.379	0.068775	supercritical
913.33	22.000	121.85	0.0082065	966.27	1146.8	2.8510	1.0286	1.2612	483.42	0.36382	40.425	0.068885	supercritical
915.00	22.000	121.62	0.0082223	968.02	1148.9	2.8533	1.0290	1.2615	483.83	0.36100	40.470	0.068994	supercritical
916.67	22.000	121.39	0.0082381	969.78	1151.0	2.8556	1.0295	1.2618	484.25	0.35818	40.515	0.069104	supercritical
918.33	22.000	121.15	0.0082539	971.54	1153.1	2.8579	1.0300	1.2621	484.66	0.35538	40.561	0.069214	supercritical
920.00	22.000	120.92	0.0082697	973.29	1155.2	2.8602	1.0305	1.2624	485.08	0.35260	40.606	0.069323	supercritical
921.67	22.000	120.69	0.0082855	975.05	1157.3	2.8625	1.0310	1.2626	485.49	0.34983	40.651	0.069433	supercritical
923.33	22.000	120.46	0.0083013	976.81	1159.4	2.8648	1.0315	1.2629	485.90	0.34707	40.697	0.069542	supercritical
925.00	22.000	120.23	0.0083170	978.56	1161.5	2.8671	1.0319	1.2632	486.31	0.34432	40.742	0.069652	supercritical
926.67	22.000	120.01	0.0083328	980.32	1163.6	2.8693	1.0324	1.2635	486.73	0.34159	40.787	0.069761	supercritical
928.33	22.000	119.78	0.0083486	982.08	1165.8	2.8716	1.0329	1.2638	487.14	0.33887	40.832	0.069871	supercritical
930.00	22.000	119.56	0.0083643	983.84	1167.9	2.8739	1.0334	1.2641	487.55	0.33616	40.878	0.069980	supercritical
931.67	22.000	119.33	0.0083801	985.60	1170.0	2.8761	1.0338	1.2644	487.96	0.33347	40.923	0.070090	supercritical
933.33	22.000	119.11	0.0083958	987.36	1172.1	2.8784	1.0343	1.2647	488.37	0.33079	40.968	0.070199	supercritical
935.00	22.000	118.88	0.0084116	989.13	1174.2	2.8807	1.0348	1.2649	488.78	0.32812	41.013	0.070308	supercritical
936.67	22.000	118.66	0.0084273	990.89	1176.3	2.8829	1.0353	1.2652	489.19	0.32547	41.058	0.070418	supercritical
938.33	22.000	118.44	0.0084430	992.65	1178.4	2.8852	1.0357	1.2655	489.60	0.32283	41.104	0.070527	supercritical
940.00	22.000	118.22	0.0084587	994.41	1180.5	2.8874	1.0362	1.2658	490.00	0.32020	41.149	0.070636	supercritical
941.67	22.000	118.00	0.0084744	996.18	1182.6	2.8896	1.0367	1.2661	490.41	0.31758	41.194	0.070746	supercritical
943.33	22.000	117.78	0.0084902	997.94	1184.7	2.8919	1.0371	1.2664	490.82	0.31497	41.239	0.070855	supercritical
945.00	22.000	117.57	0.0085059	999.71	1186.8	2.8941	1.0376	1.2667	491.22	0.31238	41.284	0.070964	supercritical
946.67	22.000	117.35	0.0085216	1001.5	1188.9	2.8964	1.0380	1.2670	491.63	0.30980	41.329	0.071073	supercritical
948.33	22.000	117.13	0.0085372	1003.2	1191.1	2.8986	1.0385	1.2672	492.04	0.30723	41.374	0.071182	supercritical
950.00	22.000	116.92	0.0085529	1005.0	1193.2	2.9008	1.0390	1.2675	492.44	0.30468	41.419	0.071291	supercritical
951.67	22.000	116.71	0.0085686	1006.8	1195.3	2.9030	1.0394	1.2678	492.85	0.30213	41.464	0.071400	supercritical
953.33	22.000	116.49	0.0085843	1008.5	1197.4	2.9053	1.0399	1.2681	493.25	0.29960	41.509	0.071510	supercritical
955.00	22.000	116.28	0.0086000	1010.3	1199.5	2.9075	1.0403	1.2684	493.65	0.29708	41.554	0.071619	supercritical
956.67	22.000	116.07	0.0086156	1012.1	1201.6	2.9097	1.0408	1.2687	494.06	0.29457	41.599	0.071728	supercritical
958.33	22.000	115.86	0.0086313	1013.9	1203.7	2.9119	1.0413	1.2690	494.46	0.29207	41.644	0.071837	supercritical
960.00	22.000	115.65	0.0086469	1015.6	1205.9	2.9141	1.0417	1.2693	494.86	0.28958	41.689	0.071945	supercritical
961.67	22.000	115.44	0.0086626	1017.4	1208.0	2.9163	1.0422	1.2695	495.26	0.28711	41.733	0.072054	supercritical
963.33	22.000	115.23	0.0086782	1019.2	1210.1	2.9185	1.0426	1.2698	495.66	0.28465	41.778	0.072163	supercritical
965.00	22.000	115.02	0.0086939	1020.9	1212.2	2.9207	1.0431	1.2701	496.07	0.28220	41.823	0.072272	supercritical
966.67	22.000	114.82	0.0087095	1022.7	1214.3	2.9229	1.0435	1.2704	496.47	0.27976	41.868	0.072381	supercritical
968.33	22.000	114.61	0.0087251	1024.5	1216.4	2.9251	1.0440	1.2707	496.87	0.27733	41.913	0.072490	supercritical
970.00	22.000	114.41	0.0087407	1026.3	1218.6	2.9273	1.0444	1.2710	497.26	0.27491	41.958	0.072598	supercritical
971.67	22.000	114.20	0.0087564	1028.0	1220.7	2.9294	1.0449	1.2713	497.66	0.27250	42.002	0.072707	supercritical
973.33	22.000	114.00	0.0087720	1029.8	1222.8	2.9316	1.0453	1.2715	498.06	0.27010	42.047	0.072816	supercritical
975.00	22.000	113.80	0.0087876	1031.6	1224.9	2.9338	1.0457	1.2718	498.46	0.26772	42.092	0.072924	supercritical
976.67	22.000	113.60	0.0088032	1033.4	1227.0	2.9360	1.0462	1.2721	498.86	0.26534	42.136	0.073033	supercritical
978.33	22.000	113.39	0.0088188	1035.1	1229.2	2.9381	1.0466	1.2724	499.26	0.26298	42.181	0.073141	supercritical
980.00	22.000	113.19	0.0088344	1036.9	1231.3	2.9403	1.0471	1.2727	499.65	0.26063	42.226	0.073250	supercritical
981.67	22.000	113.00	0.0088499	1038.7	1233.4	2.9425	1.0475	1.2730	500.05	0.25828	42.270	0.073358	supercritical
983.33	22.000	112.80	0.0088655	1040.5	1235.5	2.9446	1.0479	1.2733	500.44	0.25595	42.315	0.073467	supercritical
985.00	22.000	112.60	0.0088811	1042.3	1237.6	2.9468	1.0484	1.2735	500.84	0.25363	42.360	0.073575	supercritical
986.67	22.000	112.40	0.0088967	1044.0	1239.8	2.9489	1.0488	1.2738	501.23	0.25132	42.404	0.073684	supercritical
988.33	22.000	112.21	0.0089122	1045.8	1241.9	2.9511	1.0492	1.2741	501.63	0.24902	42.449	0.073792	supercritical
990.00	22.000	112.01	0.0089278	1047.6	1244.0	2.9532	1.0497	1.2744	502.02	0.24673	42.493	0.073900	supercritical
991.67	22.000	111.81	0.0089434	1049.4	1246.1	2.9554	1.0501	1.2747	502.42	0.24445	42.538	0.074009	supercritical
993.33	22.000	111.62	0.0089589	1051.2	1248.3	2.9575	1.0505	1.2750	502.81	0.24218	42.582	0.074117	supercritical
995.00	22.000	111.43	0.0089745	1052.9	1250.4	2.9597	1.0510	1.2752	503.20	0.23992	42.627	0.074225	supercritical
996.67	22.000	111.23	0.0089900	1054.7	1252.5	2.9618	1.0514	1.2755	503.60	0.23767	42.671	0.074333	supercritical
998.33	22.000	111.04	0.0090055	1056.5	1254.6	2.9639	1.0518	1.2758	503.99	0.23543	42.716	0.074441	supercritical
1000.0	22.000	110.85	0.0090211	1058.3	1256.8	2.9660	1.0523	1.2761	504.38	0.23320	42.760	0.074550	supercritical
1001.7	22.000	110.66	0.0090366	1060.1	1258.9	2.9682	1.0527	1.2764	504.77	0.23097	42.805	0.074658	supercritical
1003.3	22.000	110.47	0.0090521	1061.9	1261.0	2.9703	1.0531	1.2767	505.16	0.22876	42.849	0.074766	supercritical
1005.0	22.000	110.28	0.0090676	1063.7	1263.1	2.9724	1.0535	1.2769	505.55	0.22656	42.893	0.074874	supercritical
1006.7	22.000	110.09	0.0090832	1065.4	1265.3	2.9745	1.0539	1.2772	505.94	0.22437	42.938	0.074982	supercritical
1008.3	22.000	109.91	0.0090987	1067.2	1267.4	2.9766	1.0544	1.2775	506.33	0.22219	42.982	0.075089	supercritical
1010.0	22.000	109.72	0.0091142	1069.0	1269.5	2.9788	1.0548	1.2778	506.72	0.22002	43.026	0.075197	supercritical
1011.7	22.000	109.53	0.0091297	1070.8	1271.7	2.9809	1.0552	1.2781	507.11	0.21785	43.071	0.075305	supercritical
1013.3	22.000	109.35	0.0091452	1072.6	1273.8	2.9830	1.0556	1.2783	507.50	0.21570	43.115	0.075413	supercritical
1015.0	22.000	109.16	0.0091607	1074.4	1275.9	2.9851	1.0560	1.2786	507.88	0.21355	43.159	0.075521	supercritical
1016.7	22.000	108.98	0.0091762	1076.2	1278.1	2.9872	1.0565	1.2789	508.27	0.21142	43.203	0.075628	supercritical
1018.3	22.000	108.79	0.0091916	1078.0	1280.2	2.9893	1.0569	1.2792	508.66	0.20929	43.248	0.075736	supercritical
1020.0	22.000	108.61	0.0092071	1079.8	1282.3	2.9913	1.0573	1.2795	509.05	0.20718	43.292	0.075844	supercritical
1021.7	22.000	108.43	0.0092226	1081.6	1284.5	2.9934	1.0577	1.2797	509.43	0.20507	43.336	0.075951	supercritical
1023.3	22.000	108.25	0.0092381	1083.3	1286.6	2.9955	1.0581	1.2800	509.82	0.20297	43.380	0.076059	supercritical
1025.0	22.000	108.07	0.0092535	1085.1	1288.7	2.9976	1.0585	1.2803	510.20	0.20088	43.424	0.076166	supercritical
1026.7	22.000	107.89	0.0092690	1086.9	1290.9	2.9997	1.0589	1.2806	510.59	0.19880	43.468	0.076274	supercritical
1028.3	22.000	107.71	0.0092845	1088.7	1293.0	3.0018	1.0593	1.2809	510.97	0.19673	43.513	0.076381	supercritical
1030.0	22.000	107.53	0.0092999	1090.5	1295.1	3.0038	1.0597	1.2811	511.36	0.19466	43.557	0.076489	supercritical
1031.7	22.000	107.35	0.0093154	1092.3	1297.3	3.0059	1.0601	1.2814	511.74	0.19261	43.601	0.076596	supercritical
1033.3	22.000	107.17	0.0093308	1094.1	1299.4	3.0080	1.0605	1.2817	512.12	0.19056	43.645	0.076703	supercritical
1035.0	22.000	106.99	0.0093462	1095.9	1301.5	3.0100	1.0609	1.2820	512.51	0.18853	43.689	0.076810	supercritical
1036.7	22.000	106.82	0.0093617	1097.7	1303.7	3.0121	1.0613	1.2822	512.89	0.18650	43.733	0.076918	supercritical
1038.3	22.000	106.64	0.0093771	1099.5	1305.8	3.0142	1.0617	1.2825	513.27	0.18448	43.777	0.077025	supercritical
1040.0	22.000	106.47	0.0093925	1101.3	1307.9	3.0162	1.0621	1.2828	513.65	0.18247	43.821	0.077132	supercritical
1041.7	22.000	106.29	0.0094080	1103.1	1310.1	3.0183	1.0625	1.2831	514.04	0.18046	43.865	0.077239	supercritical
1043.3	22.000	106.12	0.0094234	1104.9	1312.2	3.0203	1.0629	1.2834	514.42	0.17847	43.909	0.077346	supercritical
1045.0	22.000	105.95	0.0094388	1106.7	1314.4	3.0224	1.0633	1.2836	514.80	0.17648	43.952	0.077453	supercritical
1046.7	22.000	105.77	0.0094542	1108.5	1316.5	3.0244	1.0637	1.2839	515.18	0.17450	43.996	0.077560	supercritical
1048.3	22.000	105.60	0.0094696	1110.3	1318.6	3.0265	1.0641	1.2842	515.56	0.17253	44.040	0.077667	supercritical
1050.0	22.000	105.43	0.0094850	1112.1	1320.8	3.0285	1.0645	1.2844	515.94	0.17057	44.084	0.077774	supercritical
1051.7	22.000	105.26	0.0095004	1113.9	1322.9	3.0305	1.0649	1.2847	516.32	0.16862	44.128	0.077881	supercritical
1053.3	22.000	105.09	0.0095158	1115.7	1325.1	3.0326	1.0653	1.2850	516.69	0.16667	44.172	0.077988	supercritical
1055.0	22.000	104.92	0.0095312	1117.5	1327.2	3.0346	1.0657	1.2853	517.07	0.16473	44.215	0.078094	supercritical
1056.7	22.000	104.75	0.0095466	1119.3	1329.3	3.0366	1.0661	1.2855	517.45	0.16280	44.259	0.078201	supercritical
1058.3	22.000	104.58	0.0095620	1121.1	1331.5	3.0387	1.0665	1.2858	517.83	0.16088	44.303	0.078308	supercritical
1060.0	22.000	104.41	0.0095774	1122.9	1333.6	3.0407	1.0669	1.2861	518.21	0.15897	44.347	0.078414	supercritical
1061.7	22.000	104.25	0.0095928	1124.7	1335.8	3.0427	1.0672	1.2864	518.58	0.15706	44.390	0.078521	supercritical
1063.3	22.000	104.08	0.0096081	1126.5	1337.9	3.0447	1.0676	1.2866	518.96	0.15517	44.434	0.078627	supercritical
1065.0	22.000	103.91	0.0096235	1128.3	1340.1	3.0467	1.0680	1.2869	519.34	0.15327	44.478	0.078734	supercritical
1066.7	22.000	103.75	0.0096389	1130.2	1342.2	3.0488	1.0684	1.2872	519.71	0.15139	44.521	0.078840	supercritical
1068.3	22.000	103.58	0.0096542	1132.0	1344.4	3.0508	1.0688	1.2874	520.09	0.14952	44.565	0.078947	supercritical
1070.0	22.000	103.42	0.0096696	1133.8	1346.5	3.0528	1.0692	1.2877	520.46	0.14765	44.609	0.079053	supercritical
1071.7	22.000	103.25	0.0096850	1135.6	1348.6	3.0548	1.0695	1.2880	520.84	0.14579	44.652	0.079159	supercritical
1073.3	22.000	103.09	0.0097003	1137.4	1350.8	3.0568	1.0699	1.2882	521.21	0.14394	44.696	0.079266	supercritical
1075.0	22.000	102.93	0.0097157	1139.2	1352.9	3.0588	1.0703	1.2885	521.58	0.14209	44.739	0.079372	supercritical
1076.7	22.000	102.76	0.0097310	1141.0	1355.1	3.0608	1.0707	1.2888	521.96	0.14025	44.783	0.079478	supercritical
1078.3	22.000	102.60	0.0097463	1142.8	1357.2	3.0628	1.0711	1.2890	522.33	0.13842	44.826	0.079584	supercritical
1080.0	22.000	102.44	0.0097617	1144.6	1359.4	3.0648	1.0714	1.2893	522.70	0.13660	44.870	0.079690	supercritical
1081.7	22.000	102.28	0.0097770	1146.4	1361.5	3.0667	1.0718	1.2896	523.08	0.13479	44.913	0.079796	supercritical
1083.3	22.000	102.12	0.0097923	1148.3	1363.7	3.0687	1.0722	1.2898	523.45	0.13298	44.957	0.079902	supercritical
1085.0	22.000	101.96	0.0098077	1150.1	1365.8	3.0707	1.0725	1.2901	523.82	0.13118	45.000	0.080008	supercritical
1086.7	22.000	101.80	0.0098230	1151.9	1368.0	3.0727	1.0729	1.2904	524.19	0.12938	45.044	0.080114	supercritical
1088.3	22.000	101.64	0.0098383	1153.7	1370.1	3.0747	1.0733	1.2906	524.56	0.12760	45.087	0.080220	supercritical
1090.0	22.000	101.49	0.0098536	1155.5	1372.3	3.0767	1.0737	1.2909	524.93	0.12582	45.130	0.080326	supercritical
1091.7	22.000	101.33	0.0098689	1157.3	1374.4	3.0786	1.0740	1.2912	525.30	0.12404	45.174	0.080432	supercritical
1093.3	22.000	101.17	0.0098843	1159.1	1376.6	3.0806	1.0744	1.2914	525.67	0.12228	45.217	0.080537	supercritical
1095.0	22.000	101.01	0.0098996	1161.0	1378.7	3.0826	1.0748	1.2917	526.04	0.12052	45.260	0.080643	supercritical
1096.7	22.000	100.86	0.0099149	1162.8	1380.9	3.0845	1.0751	1.2920	526.41	0.11877	45.304	0.080749	supercritical
1098.3	22.000	100.70	0.0099302	1164.6	1383.1	3.0865	1.0755	1.2922	526.78	0.11702	45.347	0.080854	supercritical
1100.0	22.000	100.55	0.0099455	1166.4	1385.2	3.0884	1.0758	1.2925	527.15	0.11529	45.390	0.080960	supercritical
1101.7	22.000	100.39	0.0099608	1168.2	1387.4	3.0904	1.0762	1.2927	527.52	0.11355	45.433	0.081065	supercritical
1103.3	22.000	100.24	0.0099760	1170.0	1389.5	3.0924	1.0766	1.2930	527.89	0.11183	45.477	0.081171	supercritical
1105.0	22.000	100.09	0.0099913	1171.9	1391.7	3.0943	1.0769	1.2933	528.26	0.11011	45.520	0.081276	supercritical
1106.7	22.000	99.934	0.010007	1173.7	1393.8	3.0963	1.0773	1.2935	528.62	0.10840	45.563	0.081382	supercritical
1108.3	22.000	99.782	0.010022	1175.5	1396.0	3.0982	1.0777	1.2938	528.99	0.10670	45.606	0.081487	supercritical
1110.0	22.000	99.630	0.010037	1177.3	1398.1	3.1002	1.0780	1.2940	529.36	0.10500	45.649	0.081592	supercritical
1111.7	22.000	99.478	0.010052	1179.1	1400.3	3.1021	1.0784	1.2943	529.72	0.10331	45.692	0.081697	supercritical
1113.3	22.000	99.327	0.010068	1181.0	1402.5	3.1040	1.0787	1.2946	530.09	0.10162	45.736	0.081803	supercritical
1115.0	22.000	99.177	0.010083	1182.8	1404.6	3.1060	1.0791	1.2948	530.45	0.099945	45.779	0.081908	supercritical
1116.7	22.000	99.027	0.010098	1184.6	1406.8	3.1079	1.0794	1.2951	530.82	0.098273	45.822	0.082013	supercritical
1118.3	22.000	98.878	0.010114	1186.4	1408.9	3.1098	1.0798	1.2953	531.19	0.096607	45.865	0.082118	supercritical
1120.0	22.000	98.729	0.010129	1188.3	1411.1	3.1118	1.0801	1.2956	531.55	0.094949	45.908	0.082223	supercritical
1121.7	22.000	98.580	0.010144	1190.1	1413.2	3.1137	1.0805	1.2958	531.91	0.093296	45.951	0.082328	supercritical
1123.3	22.000	98.432	0.010159	1191.9	1415.4	3.1156	1.0808	1.2961	532.28	0.091650	45.994	0.082433	supercritical
1125.0	22.000	98.285	0.010175	1193.7	1417.6	3.1175	1.0812	1.2964	532.64	0.090010	46.037	0.082537	supercritical
1126.7	22.000	98.138	0.010190	1195.6	1419.7	3.1195	1.0815	1.2966	533.01	0.088376	46.080	0.082642	supercritical
1128.3	22.000	97.991	0.010205	1197.4	1421.9	3.1214	1.0819	1.2969	533.37	0.086748	46.123	0.082747	supercritical
1130.0	22.000	97.845	0.010220	1199.2	1424.0	3.1233	1.0822	1.2971	533.73	0.085127	46.165	0.082852	supercritical
1131.7	22.000	97.699	0.010235	1201.0	1426.2	3.1252	1.0826	1.2974	534.09	0.083512	46.208	0.082956	supercritical
1133.3	22.000	97.554	0.010251	1202.9	1428.4	3.1271	1.0829	1.2976	534.46	0.081902	46.251	0.083061	supercritical
1135.0	22.000	97.410	0.010266	1204.7	1430.5	3.1290	1.0833	1.2979	534.82	0.080299	46.294	0.083165	supercritical
1136.7	22.000	97.265	0.010281	1206.5	1432.7	3.1309	1.0836	1.2981	535.18	0.078702	46.337	0.083270	supercritical
1138.3	22.000	97.121	0.010296	1208.3	1434.9	3.1328	1.0839	1.2984	535.54	0.077111	46.380	0.083374	supercritical
1140.0	22.000	96.978	0.010312	1210.2	1437.0	3.1347	1.0843	1.2986	535.90	0.075526	46.422	0.083479	supercritical
1141.7	22.000	96.835	0.010327	1212.0	1439.2	3.1366	1.0846	1.2989	536.26	0.073947	46.465	0.083583	supercritical
1143.3	22.000	96.693	0.010342	1213.8	1441.4	3.1385	1.0850	1.2991	536.62	0.072374	46.508	0.083687	supercritical
1145.0	22.000	96.551	0.010357	1215.7	1443.5	3.1404	1.0853	1.2994	536.98	0.070806	46.551	0.083792	supercritical
1146.7	22.000	96.409	0.010372	1217.5	1445.7	3.1423	1.0856	1.2996	537.34	0.069245	46.593	0.083896	supercritical
1148.3	22.000	96.268	0.010388	1219.3	1447.9	3.1442	1.0860	1.2999	537.70	0.067689	46.636	0.084000	supercritical
1150.0	22.000	96.127	0.010403	1221.2	1450.0	3.1461	1.0863	1.3001	538.06	0.066139	46.679	0.084104	supercritical
1151.7	22.000	95.987	0.010418	1223.0	1452.2	3.1480	1.0866	1.3004	538.42	0.064595	46.721	0.084208	supercritical
1153.3	22.000	95.847	0.010433	1224.8	1454.4	3.1498	1.0870	1.3006	538.78	0.063056	46.764	0.084312	supercritical
1155.0	22.000	95.708	0.010448	1226.7	1456.5	3.1517	1.0873	1.3009	539.13	0.061523	46.807	0.084416	supercritical
1156.7	22.000	95.569	0.010464	1228.5	1458.7	3.1536	1.0876	1.3011	539.49	0.059996	46.849	0.084520	supercritical
1158.3	22.000	95.430	0.010479	1230.3	1460.9	3.1555	1.0880	1.3014	539.85	0.058474	46.892	0.084624	supercritical
1160.0	22.000	95.292	0.010494	1232.2	1463.0	3.1573	1.0883	1.3016	540.21	0.056958	46.934	0.084728	supercritical
1161.7	22.000	95.155	0.010509	1234.0	1465.2	3.1592	1.0886	1.3019	540.56	0.055448	46.977	0.084832	supercritical
1163.3	22.000	95.017	0.010524	1235.8	1467.4	3.1611	1.0890	1.3021	540.92	0.053943	47.020	0.084935	supercritical
1165.0	22.000	94.881	0.010540	1237.7	1469.5	3.1629	1.0893	1.3024	541.27	0.052444	47.062	0.085039	supercritical
1166.7	22.000	94.744	0.010555	1239.5	1471.7	3.1648	1.0896	1.3026	541.63	0.050950	47.104	0.085143	supercritical
1168.3	22.000	94.608	0.010570	1241.3	1473.9	3.1667	1.0899	1.3028	541.99	0.049461	47.147	0.085246	supercritical
1170.0	22.000	94.473	0.010585	1243.2	1476.1	3.1685	1.0903	1.3031	542.34	0.047978	47.189	0.085350	supercritical
1171.7	22.000	94.337	0.010600	1245.0	1478.2	3.1704	1.0906	1.3033	542.70	0.046500	47.232	0.085453	supercritical
1173.3	22.000	94.203	0.010615	1246.9	1480.4	3.1722	1.0909	1.3036	543.05	0.045028	47.274	0.085557	supercritical
1175.0	22.000	94.068	0.010631	1248.7	1482.6	3.1741	1.0912	1.3038	543.40	0.043561	47.317	0.085660	supercritical
1176.7	22.000	93.934	0.010646	1250.5	1484.7	3.1759	1.0916	1.3041	543.76	0.042099	47.359	0.085763	supercritical
1178.3	22.000	93.801	0.010661	1252.4	1486.9	3.1778	1.0919	1.3043	544.11	0.040642	47.401	0.085867	supercritical
1180.0	22.000	93.668	0.010676	1254.2	1489.1	3.1796	1.0922	1.3045	544.47	0.039191	47.444	0.085970	supercritical
1181.7	22.000	93.535	0.010691	1256.1	1491.3	3.1815	1.0925	1.3048	544.82	0.037745	47.486	0.086073	supercritical
1183.3	22.000	93.403	0.010706	1257.9	1493.4	3.1833	1.0928	1.3050	545.17	0.036304	47.528	0.086176	supercritical
1185.0	22.000	93.271	0.010721	1259.7	1495.6	3.1851	1.0931	1.3053	545.52	0.034868	47.571	0.086279	supercritical
1186.7	22.000	93.139	0.010737	1261.6	1497.8	3.1870	1.0935	1.3055	545.88	0.033437	47.613	0.086382	supercritical
1188.3	22.000	93.008	0.010752	1263.4	1500.0	3.1888	1.0938	1.3057	546.23	0.032012	47.655	0.086485	supercritical
1190.0	22.000	92.877	0.010767	1265.3	1502.1	3.1906	1.0941	1.3060	546.58	0.030591	47.697	0.086588	supercritical
1191.7	22.000	92.747	0.010782	1267.1	1504.3	3.1925	1.0944	1.3062	546.93	0.029176	47.739	0.086691	supercritical
1193.3	22.000	92.617	0.010797	1269.0	1506.5	3.1943	1.0947	1.3065	547.28	0.027765	47.782	0.086794	supercritical
1195.0	22.000	92.487	0.010812	1270.8	1508.7	3.1961	1.0950	1.3067	547.63	0.026360	47.824	0.086897	supercritical
1196.7	22.000	92.358	0.010827	1272.7	1510.9	3.1979	1.0953	1.3069	547.98	0.024959	47.866	0.087000	supercritical
1198.3	22.000	92.229	0.010843	1274.5	1513.0	3.1997	1.0957	1.3072	548.33	0.023564	47.908	0.087102	supercritical
1200.0	22.000	92.101	0.010858	1276.3	1515.2	3.2016	1.0960	1.3074	548.68	0.022173	47.950	0.087205	supercritical
1201.7	22.000	91.973	0.010873	1278.2	1517.4	3.2034	1.0963	1.3076	549.03	0.020787	47.992	0.087308	supercritical
1203.3	22.000	91.845	0.010888	1280.0	1519.6	3.2052	1.0966	1.3079	549.38	0.019406	48.034	0.087410	supercritical
1205.0	22.000	91.718	0.010903	1281.9	1521.7	3.2070	1.0969	1.3081	549.73	0.018030	48.076	0.087513	supercritical
1206.7	22.000	91.591	0.010918	1283.7	1523.9	3.2088	1.0972	1.3083	550.08	0.016659	48.118	0.087615	supercritical
1208.3	22.000	91.464	0.010933	1285.6	1526.1	3.2106	1.0975	1.3086	550.43	0.015292	48.160	0.087717	supercritical
1210.0	22.000	91.338	0.010948	1287.4	1528.3	3.2124	1.0978	1.3088	550.78	0.013931	48.202	0.087820	supercritical
1211.7	22.000	91.212	0.010963	1289.3	1530.5	3.2142	1.0981	1.3090	551.13	0.012574	48.244	0.087922	supercritical
1213.3	22.000	91.087	0.010979	1291.1	1532.7	3.2160	1.0984	1.3093	551.47	0.011221	48.286	0.088024	supercritical
1215.0	22.000	90.962	0.010994	1293.0	1534.8	3.2178	1.0987	1.3095	551.82	0.0098738	48.328	0.088127	supercritical
1216.7	22.000	90.837	0.011009	1294.8	1537.0	3.2196	1.0990	1.3097	552.17	0.0085308	48.370	0.088229	supercritical
1218.3	22.000	90.713	0.011024	1296.7	1539.2	3.2214	1.0993	1.3100	552.51	0.0071925	48.412	0.088331	supercritical
1220.0	22.000	90.589	0.011039	1298.5	1541.4	3.2232	1.0996	1.3102	552.86	0.0058588	48.454	0.088433	supercritical
1221.7	22.000	90.465	0.011054	1300.4	1543.6	3.2250	1.0999	1.3104	553.21	0.0045297	48.496	0.088535	supercritical
1223.3	22.000	90.342	0.011069	1302.2	1545.8	3.2268	1.1002	1.3106	553.55	0.0032052	48.538	0.088637	supercritical
1225.0	22.000	90.219	0.011084	1304.1	1547.9	3.2286	1.1005	1.3109	553.90	0.0018852	48.580	0.088739	supercritical
1226.7	22.000	90.096	0.011099	1305.9	1550.1	3.2303	1.1008	1.3111	554.24	0.00056968	48.621	0.088841	supercritical
1228.3	22.000	89.974	0.011114	1307.8	1552.3	3.2321	1.1011	1.3113	554.59	-0.00074131	48.663	0.088942	supercritical
1230.0	22.000	89.852	0.011129	1309.6	1554.5	3.2339	1.1014	1.3116	554.93	-0.0020478	48.705	0.089044	supercritical
1231.7	22.000	89.730	0.011145	1311.5	1556.7	3.2357	1.1017	1.3118	555.28	-0.0033499	48.747	0.089146	supercritical
1233.3	22.000	89.609	0.011160	1313.4	1558.9	3.2374	1.1020	1.3120	555.62	-0.0046475	48.788	0.089247	supercritical
1235.0	22.000	89.488	0.011175	1315.2	1561.1	3.2392	1.1023	1.3122	555.97	-0.0059408	48.830	0.089349	supercritical
1236.7	22.000	89.368	0.011190	1317.1	1563.2	3.2410	1.1026	1.3125	556.31	-0.0072296	48.872	0.089451	supercritical
1238.3	22.000	89.248	0.011205	1318.9	1565.4	3.2428	1.1029	1.3127	556.66	-0.0085141	48.914	0.089552	supercritical
1240.0	22.000	89.128	0.011220	1320.8	1567.6	3.2445	1.1032	1.3129	557.00	-0.0097943	48.955	0.089654	supercritical
1241.7	22.000	89.008	0.011235	1322.6	1569.8	3.2463	1.1034	1.3131	557.34	-0.011070	48.997	0.089755	supercritical
1243.3	22.000	88.889	0.011250	1324.5	1572.0	3.2480	1.1037	1.3134	557.68	-0.012342	49.039	0.089856	supercritical
1245.0	22.000	88.770	0.011265	1326.4	1574.2	3.2498	1.1040	1.3136	558.03	-0.013609	49.080	0.089958	supercritical
1246.7	22.000	88.652	0.011280	1328.2	1576.4	3.2516	1.1043	1.3138	558.37	-0.014872	49.122	0.090059	supercritical
1248.3	22.000	88.534	0.011295	1330.1	1578.6	3.2533	1.1046	1.3140	558.71	-0.016131	49.163	0.090160	supercritical
1250.0	22.000	88.416	0.011310	1331.9	1580.8	3.2551	1.1049	1.3142	559.05	-0.017385	49.205	0.090261	supercritical
1251.7	22.000	88.298	0.011325	1333.8	1582.9	3.2568	1.1052	1.3145	559.39	-0.018636	49.246	0.090362	supercritical
1253.3	22.000	88.181	0.011340	1335.6	1585.1	3.2586	1.1055	1.3147	559.74	-0.019882	49.288	0.090463	supercritical
1255.0	22.000	88.064	0.011355	1337.5	1587.3	3.2603	1.1057	1.3149	560.08	-0.021124	49.329	0.090564	supercritical
1256.7	22.000	87.948	0.011370	1339.4	1589.5	3.2621	1.1060	1.3151	560.42	-0.022362	49.371	0.090665	supercritical
1258.3	22.000	87.832	0.011385	1341.2	1591.7	3.2638	1.1063	1.3153	560.76	-0.023596	49.412	0.090766	supercritical
1260.0	22.000	87.716	0.011400	1343.1	1593.9	3.2655	1.1066	1.3156	561.10	-0.024826	49.454	0.090867	supercritical
1261.7	22.000	87.600	0.011415	1345.0	1596.1	3.2673	1.1069	1.3158	561.44	-0.026051	49.495	0.090968	supercritical
1263.3	22.000	87.485	0.011431	1346.8	1598.3	3.2690	1.1072	1.3160	561.78	-0.027273	49.537	0.091069	supercritical
1265.0	22.000	87.370	0.011446	1348.7	1600.5	3.2708	1.1074	1.3162	562.12	-0.028491	49.578	0.091169	supercritical
1266.7	22.000	87.256	0.011461	1350.5	1602.7	3.2725	1.1077	1.3164	562.46	-0.029704	49.620	0.091270	supercritical
1268.3	22.000	87.141	0.011476	1352.4	1604.9	3.2742	1.1080	1.3167	562.79	-0.030914	49.661	0.091371	supercritical
1270.0	22.000	87.027	0.011491	1354.3	1607.1	3.2760	1.1083	1.3169	563.13	-0.032119	49.702	0.091471	supercritical
1271.7	22.000	86.914	0.011506	1356.1	1609.3	3.2777	1.1085	1.3171	563.47	-0.033321	49.744	0.091572	supercritical
1273.3	22.000	86.800	0.011521	1358.0	1611.5	3.2794	1.1088	1.3173	563.81	-0.034519	49.785	0.091672	supercritical
1275.0	22.000	86.687	0.011536	1359.9	1613.7	3.2811	1.1091	1.3175	564.15	-0.035713	49.826	0.091772	supercritical
1276.7	22.000	86.575	0.011551	1361.7	1615.8	3.2828	1.1094	1.3177	564.48	-0.036903	49.867	0.091873	supercritical
1278.3	22.000	86.462	0.011566	1363.6	1618.0	3.2846	1.1096	1.3179	564.82	-0.038089	49.909	0.091973	supercritical
1280.0	22.000	86.350	0.011581	1365.5	1620.2	3.2863	1.1099	1.3182	565.16	-0.039271	49.950	0.092073	supercritical
1281.7	22.000	86.239	0.011596	1367.3	1622.4	3.2880	1.1102	1.3184	565.50	-0.040450	49.991	0.092174	supercritical
1283.3	22.000	86.127	0.011611	1369.2	1624.6	3.2897	1.1105	1.3186	565.83	-0.041624	50.032	0.092274	supercritical
1285.0	22.000	86.016	0.011626	1371.1	1626.8	3.2914	1.1107	1.3188	566.17	-0.042795	50.074	0.092374	supercritical
1286.7	22.000	85.905	0.011641	1372.9	1629.0	3.2931	1.1110	1.3190	566.50	-0.043962	50.115	0.092474	supercritical
1288.3	22.000	85.794	0.011656	1374.8	1631.2	3.2948	1.1113	1.3192	566.84	-0.045126	50.156	0.092574	supercritical
1290.0	22.000	85.684	0.011671	1376.7	1633.4	3.2965	1.1115	1.3194	567.18	-0.046285	50.197	0.092674	supercritical
1291.7	22.000	85.574	0.011686	1378.5	1635.6	3.2983	1.1118	1.3196	567.51	-0.047441	50.238	0.092774	supercritical
1293.3	22.000	85.464	0.011701	1380.4	1637.8	3.3000	1.1121	1.3198	567.85	-0.048593	50.279	0.092874	supercritical
1295.0	22.000	85.355	0.011716	1382.3	1640.0	3.3017	1.1123	1.3201	568.18	-0.049742	50.320	0.092973	supercritical
1296.7	22.000	85.246	0.011731	1384.2	1642.2	3.3034	1.1126	1.3203	568.52	-0.050886	50.361	0.093073	supercritical
1298.3	22.000	85.137	0.011746	1386.0	1644.4	3.3050	1.1129	1.3205	568.85	-0.052028	50.402	0.093173	supercritical
1300.0	22.000	85.029	0.011761	1387.9	1646.6	3.3067	1.1131	1.3207	569.18	-0.053165	50.443	0.093272	supercritical