Temperature (K)	Pressure (MPa)	Density (kg/m3)	Volume (m3/kg)	Internal Energy (kJ/kg)	Enthalpy (kJ/kg)	Entropy (J/g*K)	Cv (J/g*K)	Cp (J/g*K)	Sound Spd. (m/s)	Joule-Thomson (K/MPa)	Viscosity (uPa*s)	Therm. Cond. (W/m*K)	Phase
300.00	23.000	924.31	0.0010819	221.81	246.69	1.0895	0.91649	2.0440	619.91	0.21232	98.945	0.10988	liquid
301.67	23.000	917.08	0.0010904	225.02	250.10	1.1008	0.91616	2.0536	611.16	0.23098	97.006	0.10845	liquid
303.33	23.000	909.77	0.0010992	228.25	253.53	1.1121	0.91588	2.0635	602.46	0.25038	95.106	0.10704	liquid
305.00	23.000	902.38	0.0011082	231.49	256.98	1.1235	0.91562	2.0738	593.81	0.27056	93.244	0.10563	supercritical
306.67	23.000	894.91	0.0011174	234.75	260.45	1.1348	0.91538	2.0844	585.21	0.29156	91.419	0.10423	supercritical
308.33	23.000	887.36	0.0011269	238.01	263.93	1.1461	0.91515	2.0952	576.68	0.31341	89.630	0.10285	supercritical
310.00	23.000	879.73	0.0011367	241.29	267.43	1.1575	0.91491	2.1063	568.20	0.33614	87.875	0.10148	supercritical
311.67	23.000	872.01	0.0011468	244.58	270.95	1.1688	0.91466	2.1176	559.78	0.35977	86.153	0.10012	supercritical
313.33	23.000	864.21	0.0011571	247.88	274.49	1.1801	0.91440	2.1291	551.44	0.38433	84.464	0.098771	supercritical
315.00	23.000	856.31	0.0011678	251.19	278.05	1.1914	0.91414	2.1408	543.16	0.40984	82.806	0.097436	supercritical
316.67	23.000	848.34	0.0011788	254.51	281.63	1.2028	0.91388	2.1526	534.96	0.43634	81.179	0.096113	supercritical
318.33	23.000	840.27	0.0011901	257.85	285.22	1.2141	0.91365	2.1646	526.84	0.46384	79.582	0.094803	supercritical
320.00	23.000	832.11	0.0012018	261.20	288.84	1.2254	0.91344	2.1767	518.80	0.49238	78.013	0.093506	supercritical
321.67	23.000	823.87	0.0012138	264.56	292.48	1.2368	0.91328	2.1890	510.86	0.52197	76.474	0.092223	supercritical
323.33	23.000	815.54	0.0012262	267.94	296.14	1.2481	0.91318	2.2015	503.01	0.55264	74.962	0.090954	supercritical
325.00	23.000	807.12	0.0012390	271.32	299.82	1.2595	0.91313	2.2141	495.28	0.58442	73.477	0.089699	supercritical
326.67	23.000	798.62	0.0012522	274.72	303.52	1.2708	0.91315	2.2269	487.66	0.61733	72.020	0.088459	supercritical
328.33	23.000	790.03	0.0012658	278.13	307.24	1.2822	0.91321	2.2399	480.16	0.65140	70.588	0.087234	supercritical
330.00	23.000	781.35	0.0012798	281.55	310.99	1.2936	0.91332	2.2529	472.79	0.68662	69.183	0.086024	supercritical
331.67	23.000	772.59	0.0012943	284.98	314.75	1.3049	0.91346	2.2659	465.57	0.72300	67.804	0.084830	supercritical
333.33	23.000	763.76	0.0013093	288.42	318.54	1.3163	0.91362	2.2789	458.50	0.76053	66.451	0.083652	supercritical
335.00	23.000	754.85	0.0013248	291.88	322.35	1.3277	0.91377	2.2916	451.59	0.79919	65.123	0.082490	supercritical
336.67	23.000	745.87	0.0013407	295.34	326.18	1.3391	0.91392	2.3040	444.85	0.83894	63.820	0.081345	supercritical
338.33	23.000	736.82	0.0013572	298.81	330.03	1.3505	0.91403	2.3158	438.28	0.87972	62.544	0.080217	supercritical
340.00	23.000	727.71	0.0013742	302.29	333.90	1.3620	0.91410	2.3270	431.91	0.92146	61.294	0.079106	supercritical
341.67	23.000	718.55	0.0013917	305.77	337.78	1.3734	0.91413	2.3374	425.72	0.96408	60.070	0.078013	supercritical
343.33	23.000	709.35	0.0014097	309.26	341.69	1.3848	0.91410	2.3467	419.74	1.0075	58.874	0.076939	supercritical
345.00	23.000	700.12	0.0014283	312.75	345.61	1.3961	0.91400	2.3549	413.97	1.0516	57.704	0.075883	supercritical
346.67	23.000	690.87	0.0014475	316.24	349.54	1.4075	0.91385	2.3618	408.41	1.0963	56.563	0.074846	supercritical
348.33	23.000	681.60	0.0014671	319.73	353.48	1.4188	0.91363	2.3674	403.06	1.1415	55.451	0.073829	supercritical
350.00	23.000	672.33	0.0014874	323.22	357.43	1.4302	0.91335	2.3714	397.92	1.1871	54.367	0.072831	supercritical
351.67	23.000	663.08	0.0015081	326.69	361.38	1.4414	0.91303	2.3739	393.00	1.2330	53.314	0.071855	supercritical
353.33	23.000	653.85	0.0015294	330.16	365.34	1.4527	0.91266	2.3748	388.30	1.2790	52.290	0.070899	supercritical
355.00	23.000	644.67	0.0015512	333.62	369.30	1.4638	0.91225	2.3741	383.81	1.3250	51.297	0.069964	supercritical
356.67	23.000	635.53	0.0015735	337.06	373.25	1.4749	0.91181	2.3718	379.54	1.3709	50.335	0.069051	supercritical
358.33	23.000	626.46	0.0015963	340.49	377.20	1.4860	0.91134	2.3678	375.48	1.4166	49.404	0.068159	supercritical
360.00	23.000	617.46	0.0016195	343.89	381.14	1.4970	0.91086	2.3622	371.63	1.4618	48.505	0.067289	supercritical
361.67	23.000	608.55	0.0016432	347.28	385.07	1.5079	0.91037	2.3550	368.00	1.5066	47.637	0.066441	supercritical
363.33	23.000	599.75	0.0016674	350.64	388.99	1.5187	0.90987	2.3463	364.58	1.5506	46.801	0.065614	supercritical
365.00	23.000	591.05	0.0016919	353.98	392.89	1.5294	0.90935	2.3361	361.37	1.5939	45.996	0.064809	supercritical
366.67	23.000	582.47	0.0017168	357.29	396.78	1.5400	0.90882	2.3246	358.36	1.6363	45.222	0.064026	supercritical
368.33	23.000	574.02	0.0017421	360.57	400.64	1.5505	0.90828	2.3119	355.55	1.6776	44.479	0.063265	supercritical
370.00	23.000	565.71	0.0017677	363.83	404.48	1.5609	0.90772	2.2979	352.94	1.7179	43.766	0.062525	supercritical
371.67	23.000	557.55	0.0017936	367.05	408.30	1.5712	0.90715	2.2829	350.51	1.7569	43.083	0.061807	supercritical
373.33	23.000	549.53	0.0018197	370.24	412.09	1.5814	0.90656	2.2668	348.27	1.7946	42.430	0.061110	supercritical
375.00	23.000	541.67	0.0018461	373.40	415.86	1.5915	0.90594	2.2499	346.21	1.8310	41.805	0.060434	supercritical
376.67	23.000	533.97	0.0018727	376.52	419.59	1.6014	0.90531	2.2322	344.31	1.8660	41.208	0.059778	supercritical
378.33	23.000	526.44	0.0018996	379.61	423.30	1.6112	0.90465	2.2138	342.57	1.8995	40.638	0.059143	supercritical
380.00	23.000	519.07	0.0019265	382.66	426.97	1.6209	0.90397	2.1948	340.99	1.9315	40.094	0.058529	supercritical
381.67	23.000	511.87	0.0019536	385.68	430.61	1.6305	0.90328	2.1753	339.55	1.9618	39.576	0.057934	supercritical
383.33	23.000	504.83	0.0019809	388.66	434.22	1.6399	0.90256	2.1554	338.25	1.9907	39.083	0.057358	supercritical
385.00	23.000	497.97	0.0020082	391.61	437.80	1.6492	0.90183	2.1351	337.08	2.0179	38.613	0.056802	supercritical
386.67	23.000	491.27	0.0020355	394.52	441.34	1.6584	0.90109	2.1147	336.03	2.0435	38.166	0.056265	supercritical
388.33	23.000	484.74	0.0020630	397.40	444.85	1.6674	0.90034	2.0940	335.10	2.0675	37.741	0.055746	supercritical
390.00	23.000	478.38	0.0020904	400.24	448.32	1.6764	0.89958	2.0733	334.27	2.0899	37.337	0.055246	supercritical
391.67	23.000	472.18	0.0021178	403.05	451.76	1.6852	0.89882	2.0526	333.54	2.1107	36.953	0.054763	supercritical
393.33	23.000	466.14	0.0021453	405.82	455.16	1.6938	0.89805	2.0320	332.92	2.1300	36.588	0.054298	supercritical
395.00	23.000	460.26	0.0021727	408.56	458.53	1.7024	0.89729	2.0115	332.37	2.1478	36.242	0.053850	supercritical
396.67	23.000	454.53	0.0022001	411.26	461.87	1.7108	0.89653	1.9912	331.92	2.1641	35.913	0.053418	supercritical
398.33	23.000	448.95	0.0022274	413.94	465.17	1.7191	0.89578	1.9711	331.54	2.1790	35.601	0.053003	supercritical
400.00	23.000	443.53	0.0022547	416.58	468.44	1.7273	0.89504	1.9513	331.23	2.1926	35.305	0.052604	supercritical
401.67	23.000	438.24	0.0022818	419.19	471.67	1.7354	0.89430	1.9318	330.99	2.2048	35.024	0.052220	supercritical
403.33	23.000	433.10	0.0023089	421.77	474.88	1.7433	0.89358	1.9127	330.81	2.2157	34.758	0.051851	supercritical
405.00	23.000	428.09	0.0023359	424.32	478.05	1.7512	0.89288	1.8939	330.69	2.2253	34.505	0.051496	supercritical
406.67	23.000	423.22	0.0023628	426.84	481.19	1.7589	0.89219	1.8755	330.62	2.2338	34.265	0.051156	supercritical
408.33	23.000	418.47	0.0023896	429.34	484.30	1.7666	0.89152	1.8575	330.61	2.2412	34.038	0.050829	supercritical
410.00	23.000	413.85	0.0024163	431.81	487.38	1.7741	0.89087	1.8399	330.64	2.2474	33.822	0.050516	supercritical
411.67	23.000	409.35	0.0024429	434.25	490.43	1.7815	0.89024	1.8228	330.71	2.2527	33.618	0.050215	supercritical
413.33	23.000	404.96	0.0024694	436.66	493.46	1.7888	0.88963	1.8061	330.83	2.2569	33.424	0.049927	supercritical
415.00	23.000	400.69	0.0024957	439.05	496.45	1.7961	0.88904	1.7898	330.98	2.2602	33.241	0.049651	supercritical
416.67	23.000	396.53	0.0025219	441.42	499.42	1.8032	0.88848	1.7739	331.17	2.2626	33.066	0.049386	supercritical
418.33	23.000	392.47	0.0025480	443.76	502.37	1.8103	0.88794	1.7585	331.39	2.2642	32.902	0.049133	supercritical
420.00	23.000	388.51	0.0025739	446.09	505.29	1.8172	0.88742	1.7434	331.65	2.2649	32.745	0.048890	supercritical
421.67	23.000	384.65	0.0025997	448.39	508.18	1.8241	0.88693	1.7288	331.93	2.2649	32.597	0.048657	supercritical
423.33	23.000	380.89	0.0026254	450.66	511.05	1.8309	0.88646	1.7147	332.23	2.2642	32.457	0.048435	supercritical
425.00	23.000	377.22	0.0026510	452.92	513.89	1.8376	0.88601	1.7009	332.57	2.2627	32.325	0.048222	supercritical
426.67	23.000	373.64	0.0026764	455.16	516.72	1.8442	0.88559	1.6875	332.92	2.2606	32.199	0.048018	supercritical
428.33	23.000	370.14	0.0027017	457.38	519.52	1.8508	0.88519	1.6745	333.30	2.2579	32.080	0.047823	supercritical
430.00	23.000	366.72	0.0027269	459.58	522.30	1.8573	0.88482	1.6619	333.69	2.2546	31.968	0.047636	supercritical
431.67	23.000	363.39	0.0027519	461.77	525.06	1.8637	0.88447	1.6497	334.11	2.2508	31.862	0.047458	supercritical
433.33	23.000	360.13	0.0027768	463.93	527.80	1.8700	0.88415	1.6378	334.54	2.2464	31.761	0.047287	supercritical
435.00	23.000	356.95	0.0028015	466.08	530.52	1.8763	0.88384	1.6263	334.99	2.2416	31.666	0.047124	supercritical
436.67	23.000	353.83	0.0028262	468.22	533.22	1.8825	0.88357	1.6151	335.45	2.2363	31.577	0.046967	supercritical
438.33	23.000	350.79	0.0028507	470.34	535.90	1.8886	0.88331	1.6043	335.93	2.2305	31.492	0.046817	supercritical
440.00	23.000	347.82	0.0028751	472.44	538.57	1.8947	0.88308	1.5938	336.41	2.2244	31.413	0.046673	supercritical
441.67	23.000	344.91	0.0028993	474.53	541.22	1.9007	0.88287	1.5836	336.92	2.2178	31.338	0.046534	supercritical
443.33	23.000	342.06	0.0029235	476.61	543.85	1.9066	0.88269	1.5737	337.43	2.2109	31.267	0.046401	supercritical
445.00	23.000	339.27	0.0029475	478.67	546.46	1.9125	0.88252	1.5641	337.95	2.2037	31.201	0.046271	supercritical
446.67	23.000	336.55	0.0029714	480.72	549.06	1.9183	0.88238	1.5547	338.48	2.1961	31.138	0.046146	supercritical
448.33	23.000	333.88	0.0029951	482.76	551.64	1.9241	0.88226	1.5457	339.02	2.1883	31.080	0.046023	supercritical
450.00	23.000	331.26	0.0030188	484.78	554.21	1.9298	0.88216	1.5369	339.57	2.1802	31.025	0.045902	supercritical
451.67	23.000	328.70	0.0030423	486.79	556.77	1.9355	0.88208	1.5284	340.13	2.1718	30.973	0.045779	supercritical
453.33	23.000	326.19	0.0030657	488.80	559.31	1.9411	0.88202	1.5202	340.70	2.1632	30.925	0.045650	supercritical
455.00	23.000	323.73	0.0030890	490.79	561.84	1.9467	0.88197	1.5122	341.27	2.1543	30.881	0.045499	supercritical
456.67	23.000	321.31	0.0031122	492.77	564.35	1.9522	0.88195	1.5044	341.84	2.1452	30.839	0.045272	supercritical
458.33	23.000	318.95	0.0031353	494.74	566.85	1.9577	0.88195	1.4969	342.43	2.1360	30.800	0.045238	supercritical
460.00	23.000	316.63	0.0031583	496.70	569.34	1.9631	0.88197	1.4895	343.01	2.1266	30.764	0.045207	supercritical
461.67	23.000	314.35	0.0031811	498.65	571.82	1.9685	0.88200	1.4824	343.61	2.1170	30.731	0.045180	supercritical
463.33	23.000	312.12	0.0032039	500.59	574.28	1.9738	0.88205	1.4755	344.20	2.1072	30.701	0.045157	supercritical
465.00	23.000	309.93	0.0032266	502.52	576.73	1.9791	0.88212	1.4688	344.80	2.0973	30.673	0.045137	supercritical
466.67	23.000	307.78	0.0032491	504.45	579.18	1.9843	0.88220	1.4623	345.41	2.0873	30.647	0.045120	supercritical
468.33	23.000	305.66	0.0032716	506.36	581.61	1.9895	0.88230	1.4560	346.02	2.0771	30.624	0.045107	supercritical
470.00	23.000	303.59	0.0032939	508.27	584.03	1.9947	0.88242	1.4499	346.63	2.0668	30.603	0.045097	supercritical
471.67	23.000	301.55	0.0033162	510.17	586.44	1.9998	0.88256	1.4439	347.24	2.0565	30.584	0.045090	supercritical
473.33	23.000	299.55	0.0033383	512.06	588.84	2.0049	0.88270	1.4381	347.86	2.0460	30.567	0.045085	supercritical
475.00	23.000	297.58	0.0033604	513.95	591.24	2.0099	0.88287	1.4325	348.48	2.0355	30.552	0.045084	supercritical
476.67	23.000	295.65	0.0033824	515.82	593.62	2.0149	0.88304	1.4270	349.10	2.0248	30.539	0.045085	supercritical
478.33	23.000	293.75	0.0034043	517.69	595.99	2.0199	0.88324	1.4217	349.72	2.0142	30.528	0.045089	supercritical
480.00	23.000	291.88	0.0034261	519.56	598.36	2.0248	0.88344	1.4166	350.35	2.0034	30.518	0.045096	supercritical
481.67	23.000	290.04	0.0034478	521.42	600.71	2.0297	0.88366	1.4115	350.98	1.9926	30.511	0.045105	supercritical
483.33	23.000	288.23	0.0034694	523.27	603.06	2.0346	0.88389	1.4067	351.60	1.9818	30.505	0.045116	supercritical
485.00	23.000	286.46	0.0034909	525.11	605.40	2.0395	0.88414	1.4019	352.23	1.9709	30.500	0.045130	supercritical
486.67	23.000	284.71	0.0035124	526.95	607.74	2.0443	0.88440	1.3973	352.86	1.9599	30.497	0.045146	supercritical
488.33	23.000	282.99	0.0035337	528.78	610.06	2.0490	0.88467	1.3928	353.49	1.9490	30.496	0.045164	supercritical
490.00	23.000	281.29	0.0035550	530.61	612.38	2.0538	0.88495	1.3885	354.13	1.9380	30.496	0.045185	supercritical
491.67	23.000	279.62	0.0035762	532.44	614.69	2.0585	0.88524	1.3842	354.76	1.9270	30.497	0.045207	supercritical
493.33	23.000	277.98	0.0035974	534.25	616.99	2.0631	0.88554	1.3801	355.39	1.9160	30.500	0.045232	supercritical
495.00	23.000	276.36	0.0036184	536.07	619.29	2.0678	0.88586	1.3761	356.03	1.9050	30.503	0.045259	supercritical
496.67	23.000	274.77	0.0036394	537.87	621.58	2.0724	0.88618	1.3722	356.66	1.8939	30.509	0.045287	supercritical
498.33	23.000	273.20	0.0036603	539.68	623.86	2.0770	0.88652	1.3684	357.29	1.8829	30.515	0.045317	supercritical
500.00	23.000	271.66	0.0036811	541.48	626.14	2.0816	0.88687	1.3647	357.93	1.8719	30.522	0.045350	supercritical
501.67	23.000	270.14	0.0037018	543.27	628.41	2.0861	0.88722	1.3611	358.56	1.8609	30.531	0.045383	supercritical
503.33	23.000	268.63	0.0037225	545.06	630.68	2.0906	0.88759	1.3576	359.19	1.8498	30.541	0.045419	supercritical
505.00	23.000	267.16	0.0037431	546.85	632.94	2.0951	0.88796	1.3542	359.83	1.8388	30.551	0.045456	supercritical
506.67	23.000	265.70	0.0037637	548.63	635.19	2.0995	0.88835	1.3509	360.46	1.8279	30.563	0.045495	supercritical
508.33	23.000	264.26	0.0037841	550.41	637.44	2.1040	0.88874	1.3476	361.09	1.8169	30.576	0.045536	supercritical
510.00	23.000	262.84	0.0038045	552.18	639.68	2.1084	0.88914	1.3445	361.73	1.8059	30.589	0.045578	supercritical
511.67	23.000	261.45	0.0038249	553.95	641.92	2.1128	0.88955	1.3414	362.36	1.7950	30.604	0.045621	supercritical
513.33	23.000	260.07	0.0038451	555.72	644.16	2.1171	0.88997	1.3385	362.99	1.7841	30.619	0.045666	supercritical
515.00	23.000	258.71	0.0038653	557.48	646.38	2.1215	0.89039	1.3356	363.62	1.7732	30.636	0.045713	supercritical
516.67	23.000	257.37	0.0038855	559.24	648.61	2.1258	0.89083	1.3327	364.25	1.7624	30.653	0.045760	supercritical
518.33	23.000	256.04	0.0039056	561.00	650.83	2.1301	0.89127	1.3300	364.88	1.7516	30.671	0.045810	supercritical
520.00	23.000	254.74	0.0039256	562.75	653.04	2.1343	0.89171	1.3273	365.51	1.7408	30.689	0.045860	supercritical
521.67	23.000	253.45	0.0039455	564.50	655.25	2.1386	0.89217	1.3247	366.14	1.7301	30.709	0.045912	supercritical
523.33	23.000	252.18	0.0039654	566.25	657.46	2.1428	0.89263	1.3222	366.77	1.7193	30.729	0.045965	supercritical
525.00	23.000	250.92	0.0039853	568.00	659.66	2.1470	0.89310	1.3197	367.40	1.7087	30.750	0.046019	supercritical
526.67	23.000	249.68	0.0040051	569.74	661.86	2.1512	0.89357	1.3173	368.02	1.6981	30.771	0.046074	supercritical
528.33	23.000	248.46	0.0040248	571.48	664.05	2.1553	0.89405	1.3149	368.65	1.6875	30.794	0.046131	supercritical
530.00	23.000	247.25	0.0040445	573.22	666.24	2.1595	0.89454	1.3127	369.27	1.6769	30.817	0.046188	supercritical
531.67	23.000	246.06	0.0040641	574.95	668.42	2.1636	0.89503	1.3104	369.89	1.6664	30.840	0.046247	supercritical
533.33	23.000	244.88	0.0040836	576.68	670.61	2.1677	0.89553	1.3083	370.52	1.6560	30.864	0.046307	supercritical
535.00	23.000	243.72	0.0041031	578.41	672.79	2.1718	0.89603	1.3062	371.14	1.6455	30.889	0.046368	supercritical
536.67	23.000	242.57	0.0041226	580.14	674.96	2.1758	0.89654	1.3041	371.76	1.6352	30.914	0.046430	supercritical
538.33	23.000	241.43	0.0041420	581.87	677.13	2.1799	0.89706	1.3021	372.38	1.6249	30.940	0.046493	supercritical
540.00	23.000	240.31	0.0041613	583.59	679.30	2.1839	0.89758	1.3002	373.00	1.6146	30.966	0.046557	supercritical
541.67	23.000	239.20	0.0041806	585.31	681.47	2.1879	0.89810	1.2983	373.61	1.6044	30.993	0.046622	supercritical
543.33	23.000	238.10	0.0041999	587.03	683.63	2.1919	0.89863	1.2964	374.23	1.5942	31.021	0.046687	supercritical
545.00	23.000	237.02	0.0042191	588.75	685.79	2.1958	0.89917	1.2946	374.84	1.5841	31.049	0.046754	supercritical
546.67	23.000	235.95	0.0042382	590.46	687.94	2.1998	0.89970	1.2928	375.46	1.5740	31.077	0.046822	supercritical
548.33	23.000	234.89	0.0042573	592.18	690.10	2.2037	0.90025	1.2911	376.07	1.5640	31.106	0.046890	supercritical
550.00	23.000	233.84	0.0042764	593.89	692.25	2.2076	0.90079	1.2895	376.68	1.5540	31.135	0.046959	supercritical
551.67	23.000	232.81	0.0042954	595.60	694.40	2.2115	0.90135	1.2879	377.29	1.5441	31.165	0.047030	supercritical
553.33	23.000	231.78	0.0043144	597.31	696.54	2.2154	0.90190	1.2863	377.90	1.5342	31.195	0.047101	supercritical
555.00	23.000	230.77	0.0043333	599.02	698.68	2.2193	0.90246	1.2847	378.51	1.5244	31.226	0.047172	supercritical
556.67	23.000	229.77	0.0043521	600.72	700.82	2.2231	0.90302	1.2832	379.11	1.5146	31.257	0.047245	supercritical
558.33	23.000	228.78	0.0043710	602.43	702.96	2.2270	0.90359	1.2818	379.72	1.5049	31.288	0.047318	supercritical
560.00	23.000	227.80	0.0043898	604.13	705.10	2.2308	0.90416	1.2804	380.32	1.4953	31.320	0.047392	supercritical
561.67	23.000	226.83	0.0044085	605.83	707.23	2.2346	0.90473	1.2790	380.93	1.4857	31.352	0.047467	supercritical
563.33	23.000	225.88	0.0044272	607.53	709.36	2.2384	0.90531	1.2776	381.53	1.4761	31.385	0.047543	supercritical
565.00	23.000	224.93	0.0044458	609.23	711.49	2.2421	0.90589	1.2763	382.13	1.4667	31.418	0.047619	supercritical
566.67	23.000	223.99	0.0044645	610.93	713.61	2.2459	0.90647	1.2750	382.73	1.4572	31.451	0.047696	supercritical
568.33	23.000	223.06	0.0044830	612.63	715.74	2.2496	0.90706	1.2738	383.33	1.4478	31.484	0.047773	supercritical
570.00	23.000	222.14	0.0045016	614.32	717.86	2.2534	0.90764	1.2726	383.92	1.4385	31.518	0.047852	supercritical
571.67	23.000	221.24	0.0045201	616.02	719.98	2.2571	0.90824	1.2714	384.52	1.4292	31.553	0.047931	supercritical
573.33	23.000	220.34	0.0045385	617.71	722.10	2.2608	0.90883	1.2703	385.11	1.4200	31.587	0.048010	supercritical
575.00	23.000	219.45	0.0045569	619.40	724.21	2.2645	0.90943	1.2691	385.71	1.4109	31.622	0.048090	supercritical
576.67	23.000	218.56	0.0045753	621.10	726.33	2.2681	0.91003	1.2681	386.30	1.4018	31.657	0.048171	supercritical
578.33	23.000	217.69	0.0045937	622.79	728.44	2.2718	0.91063	1.2670	386.89	1.3927	31.692	0.048252	supercritical
580.00	23.000	216.83	0.0046120	624.48	730.55	2.2754	0.91123	1.2660	387.48	1.3837	31.728	0.048334	supercritical
581.67	23.000	215.97	0.0046302	626.16	732.66	2.2791	0.91184	1.2650	388.06	1.3748	31.764	0.048417	supercritical
583.33	23.000	215.12	0.0046485	627.85	734.77	2.2827	0.91244	1.2640	388.65	1.3659	31.800	0.048500	supercritical
585.00	23.000	214.29	0.0046667	629.54	736.87	2.2863	0.91305	1.2631	389.24	1.3570	31.837	0.048583	supercritical
586.67	23.000	213.45	0.0046848	631.23	738.98	2.2899	0.91367	1.2621	389.82	1.3483	31.874	0.048667	supercritical
588.33	23.000	212.63	0.0047030	632.91	741.08	2.2935	0.91428	1.2612	390.40	1.3395	31.911	0.048752	supercritical
590.00	23.000	211.82	0.0047210	634.60	743.18	2.2970	0.91490	1.2604	390.98	1.3309	31.948	0.048837	supercritical
591.67	23.000	211.01	0.0047391	636.28	745.28	2.3006	0.91551	1.2595	391.56	1.3222	31.985	0.048923	supercritical
593.33	23.000	210.21	0.0047571	637.97	747.38	2.3041	0.91613	1.2587	392.14	1.3137	32.023	0.049009	supercritical
595.00	23.000	209.42	0.0047751	639.65	749.48	2.3077	0.91675	1.2579	392.72	1.3052	32.061	0.049095	supercritical
596.67	23.000	208.63	0.0047931	641.33	751.57	2.3112	0.91737	1.2571	393.30	1.2967	32.099	0.049183	supercritical
598.33	23.000	207.86	0.0048110	643.01	753.67	2.3147	0.91800	1.2564	393.87	1.2883	32.137	0.049270	supercritical
600.00	23.000	207.09	0.0048289	644.70	755.76	2.3182	0.91862	1.2556	394.45	1.2800	32.176	0.049358	supercritical
601.67	23.000	206.32	0.0048468	646.38	757.85	2.3217	0.91925	1.2549	395.02	1.2717	32.214	0.049447	supercritical
603.33	23.000	205.57	0.0048646	648.06	759.94	2.3251	0.91988	1.2542	395.59	1.2634	32.253	0.049535	supercritical
605.00	23.000	204.82	0.0048824	649.74	762.03	2.3286	0.92051	1.2536	396.16	1.2552	32.292	0.049625	supercritical
606.67	23.000	204.07	0.0049002	651.42	764.12	2.3320	0.92114	1.2529	396.73	1.2471	32.332	0.049714	supercritical
608.33	23.000	203.34	0.0049179	653.10	766.21	2.3355	0.92177	1.2523	397.30	1.2390	32.371	0.049805	supercritical
610.00	23.000	202.61	0.0049356	654.78	768.30	2.3389	0.92240	1.2517	397.86	1.2310	32.411	0.049895	supercritical
611.67	23.000	201.89	0.0049533	656.46	770.38	2.3423	0.92303	1.2511	398.43	1.2230	32.451	0.049986	supercritical
613.33	23.000	201.17	0.0049709	658.14	772.47	2.3457	0.92367	1.2505	398.99	1.2150	32.491	0.050077	supercritical
615.00	23.000	200.46	0.0049886	659.81	774.55	2.3491	0.92430	1.2499	399.55	1.2071	32.531	0.050169	supercritical
616.67	23.000	199.75	0.0050062	661.49	776.63	2.3525	0.92494	1.2494	400.11	1.1993	32.571	0.050261	supercritical
618.33	23.000	199.06	0.0050237	663.17	778.72	2.3559	0.92557	1.2489	400.68	1.1915	32.612	0.050354	supercritical
620.00	23.000	198.36	0.0050413	664.85	780.80	2.3592	0.92621	1.2484	401.23	1.1838	32.652	0.050446	supercritical
621.67	23.000	197.68	0.0050588	666.53	782.88	2.3626	0.92685	1.2479	401.79	1.1761	32.693	0.050540	supercritical
623.33	23.000	197.00	0.0050763	668.20	784.96	2.3659	0.92749	1.2474	402.35	1.1685	32.734	0.050633	supercritical
625.00	23.000	196.32	0.0050937	669.88	787.04	2.3693	0.92813	1.2469	402.90	1.1609	32.775	0.050727	supercritical
626.67	23.000	195.65	0.0051111	671.56	789.11	2.3726	0.92877	1.2465	403.46	1.1533	32.816	0.050821	supercritical
628.33	23.000	194.99	0.0051285	673.23	791.19	2.3759	0.92941	1.2461	404.01	1.1459	32.857	0.050915	supercritical
630.00	23.000	194.33	0.0051459	674.91	793.27	2.3792	0.93005	1.2457	404.56	1.1384	32.899	0.051010	supercritical
631.67	23.000	193.68	0.0051633	676.59	795.34	2.3825	0.93069	1.2453	405.11	1.1310	32.940	0.051105	supercritical
633.33	23.000	193.03	0.0051806	678.26	797.42	2.3858	0.93133	1.2449	405.66	1.1237	32.982	0.051201	supercritical
635.00	23.000	192.39	0.0051979	679.94	799.49	2.3890	0.93197	1.2445	406.21	1.1164	33.024	0.051297	supercritical
636.67	23.000	191.75	0.0052152	681.62	801.57	2.3923	0.93261	1.2441	406.76	1.1091	33.066	0.051393	supercritical
638.33	23.000	191.12	0.0052324	683.29	803.64	2.3955	0.93326	1.2438	407.30	1.1019	33.108	0.051489	supercritical
640.00	23.000	190.49	0.0052497	684.97	805.71	2.3988	0.93390	1.2435	407.85	1.0948	33.150	0.051586	supercritical
641.67	23.000	189.87	0.0052669	686.65	807.78	2.4020	0.93454	1.2431	408.39	1.0877	33.192	0.051682	supercritical
643.33	23.000	189.25	0.0052840	688.32	809.86	2.4052	0.93518	1.2428	408.93	1.0806	33.234	0.051780	supercritical
645.00	23.000	188.64	0.0053012	690.00	811.93	2.4085	0.93583	1.2425	409.48	1.0736	33.277	0.051877	supercritical
646.67	23.000	188.03	0.0053183	691.68	814.00	2.4117	0.93647	1.2423	410.02	1.0666	33.319	0.051975	supercritical
648.33	23.000	187.43	0.0053354	693.35	816.07	2.4149	0.93711	1.2420	410.55	1.0597	33.362	0.052073	supercritical
650.00	23.000	186.83	0.0053525	695.03	818.14	2.4180	0.93776	1.2417	411.09	1.0528	33.405	0.052171	supercritical
651.67	23.000	186.23	0.0053696	696.71	820.21	2.4212	0.93840	1.2415	411.63	1.0459	33.448	0.052269	supercritical
653.33	23.000	185.64	0.0053866	698.38	822.28	2.4244	0.93904	1.2412	412.17	1.0391	33.490	0.052368	supercritical
655.00	23.000	185.06	0.0054037	700.06	824.34	2.4276	0.93969	1.2410	412.70	1.0324	33.534	0.052467	supercritical
656.67	23.000	184.48	0.0054207	701.74	826.41	2.4307	0.94033	1.2408	413.23	1.0257	33.577	0.052566	supercritical
658.33	23.000	183.90	0.0054376	703.41	828.48	2.4339	0.94097	1.2406	413.77	1.0190	33.620	0.052665	supercritical
660.00	23.000	183.33	0.0054546	705.09	830.55	2.4370	0.94161	1.2404	414.30	1.0124	33.663	0.052765	supercritical
661.67	23.000	182.76	0.0054715	706.77	832.61	2.4401	0.94226	1.2402	414.83	1.0058	33.706	0.052865	supercritical
663.33	23.000	182.20	0.0054884	708.45	834.68	2.4432	0.94290	1.2400	415.36	0.99926	33.750	0.052965	supercritical
665.00	23.000	181.64	0.0055053	710.13	836.75	2.4464	0.94354	1.2399	415.88	0.99277	33.793	0.053065	supercritical
666.67	23.000	181.09	0.0055222	711.80	838.81	2.4495	0.94418	1.2397	416.41	0.98631	33.837	0.053166	supercritical
668.33	23.000	180.54	0.0055391	713.48	840.88	2.4526	0.94482	1.2396	416.94	0.97989	33.880	0.053267	supercritical
670.00	23.000	179.99	0.0055559	715.16	842.95	2.4556	0.94546	1.2394	417.46	0.97352	33.924	0.053367	supercritical
671.67	23.000	179.45	0.0055727	716.84	845.01	2.4587	0.94610	1.2393	417.99	0.96719	33.968	0.053469	supercritical
673.33	23.000	178.91	0.0055895	718.52	847.08	2.4618	0.94674	1.2392	418.51	0.96089	34.012	0.053570	supercritical
675.00	23.000	178.37	0.0056063	720.20	849.14	2.4649	0.94738	1.2391	419.03	0.95464	34.056	0.053671	supercritical
676.67	23.000	177.84	0.0056230	721.88	851.21	2.4679	0.94802	1.2390	419.55	0.94842	34.100	0.053773	supercritical
678.33	23.000	177.31	0.0056398	723.56	853.27	2.4710	0.94866	1.2389	420.07	0.94225	34.144	0.053875	supercritical
680.00	23.000	176.79	0.0056565	725.24	855.34	2.4740	0.94930	1.2388	420.59	0.93611	34.188	0.053977	supercritical
681.67	23.000	176.27	0.0056732	726.92	857.40	2.4770	0.94994	1.2387	421.11	0.93002	34.232	0.054079	supercritical
683.33	23.000	175.75	0.0056899	728.60	859.47	2.4801	0.95057	1.2386	421.62	0.92396	34.276	0.054182	supercritical
685.00	23.000	175.24	0.0057065	730.28	861.53	2.4831	0.95121	1.2385	422.14	0.91794	34.320	0.054284	supercritical
686.67	23.000	174.73	0.0057232	731.96	863.59	2.4861	0.95185	1.2385	422.65	0.91196	34.365	0.054387	supercritical
688.33	23.000	174.22	0.0057398	733.64	865.66	2.4891	0.95248	1.2384	423.16	0.90601	34.409	0.054490	supercritical
690.00	23.000	173.72	0.0057564	735.33	867.72	2.4921	0.95312	1.2384	423.68	0.90011	34.453	0.054593	supercritical
691.67	23.000	173.22	0.0057730	737.01	869.79	2.4951	0.95375	1.2384	424.19	0.89424	34.498	0.054696	supercritical
693.33	23.000	172.73	0.0057895	738.69	871.85	2.4980	0.95439	1.2383	424.70	0.88840	34.542	0.054799	supercritical
695.00	23.000	172.23	0.0058061	740.37	873.91	2.5010	0.95502	1.2383	425.21	0.88261	34.587	0.054903	supercritical
696.67	23.000	171.74	0.0058226	742.06	875.98	2.5040	0.95565	1.2383	425.72	0.87685	34.632	0.055007	supercritical
698.33	23.000	171.26	0.0058391	743.74	878.04	2.5069	0.95628	1.2383	426.22	0.87112	34.676	0.055110	supercritical
700.00	23.000	170.78	0.0058557	745.43	880.11	2.5099	0.95692	1.2383	426.73	0.86543	34.721	0.055214	supercritical
701.67	23.000	170.30	0.0058721	747.11	882.17	2.5128	0.95755	1.2383	427.24	0.85978	34.766	0.055318	supercritical
703.33	23.000	169.82	0.0058886	748.80	884.23	2.5158	0.95818	1.2383	427.74	0.85416	34.810	0.055423	supercritical
705.00	23.000	169.35	0.0059051	750.48	886.30	2.5187	0.95880	1.2383	428.24	0.84858	34.855	0.055527	supercritical
706.67	23.000	168.88	0.0059215	752.17	888.36	2.5216	0.95943	1.2383	428.75	0.84303	34.900	0.055631	supercritical
708.33	23.000	168.41	0.0059379	753.85	890.42	2.5245	0.96006	1.2383	429.25	0.83752	34.945	0.055736	supercritical
710.00	23.000	167.95	0.0059543	755.54	892.49	2.5275	0.96069	1.2384	429.75	0.83204	34.990	0.055841	supercritical
711.67	23.000	167.48	0.0059707	757.23	894.55	2.5304	0.96131	1.2384	430.25	0.82659	35.035	0.055946	supercritical
713.33	23.000	167.03	0.0059871	758.91	896.62	2.5333	0.96194	1.2384	430.75	0.82118	35.080	0.056051	supercritical
715.00	23.000	166.57	0.0060034	760.60	898.68	2.5361	0.96256	1.2385	431.25	0.81580	35.125	0.056156	supercritical
716.67	23.000	166.12	0.0060198	762.29	900.75	2.5390	0.96318	1.2385	431.74	0.81045	35.170	0.056261	supercritical
718.33	23.000	165.67	0.0060361	763.98	902.81	2.5419	0.96381	1.2386	432.24	0.80514	35.215	0.056366	supercritical
720.00	23.000	165.22	0.0060524	765.67	904.87	2.5448	0.96443	1.2387	432.74	0.79986	35.260	0.056472	supercritical
721.67	23.000	164.78	0.0060687	767.36	906.94	2.5476	0.96505	1.2387	433.23	0.79461	35.305	0.056578	supercritical
723.33	23.000	164.34	0.0060850	769.05	909.00	2.5505	0.96567	1.2388	433.72	0.78939	35.350	0.056683	supercritical
725.00	23.000	163.90	0.0061013	770.74	911.07	2.5534	0.96629	1.2389	434.22	0.78421	35.395	0.056789	supercritical
726.67	23.000	163.47	0.0061175	772.43	913.13	2.5562	0.96691	1.2390	434.71	0.77906	35.441	0.056895	supercritical
728.33	23.000	163.03	0.0061337	774.12	915.20	2.5590	0.96752	1.2390	435.20	0.77393	35.486	0.057001	supercritical
730.00	23.000	162.60	0.0061500	775.81	917.26	2.5619	0.96814	1.2391	435.69	0.76884	35.531	0.057107	supercritical
731.67	23.000	162.17	0.0061662	777.51	919.33	2.5647	0.96875	1.2392	436.18	0.76378	35.576	0.057213	supercritical
733.33	23.000	161.75	0.0061824	779.20	921.39	2.5675	0.96937	1.2393	436.67	0.75875	35.622	0.057319	supercritical
735.00	23.000	161.33	0.0061986	780.89	923.46	2.5703	0.96998	1.2394	437.15	0.75375	35.667	0.057426	supercritical
736.67	23.000	160.91	0.0062147	782.59	925.52	2.5731	0.97059	1.2395	437.64	0.74878	35.712	0.057532	supercritical
738.33	23.000	160.49	0.0062309	784.28	927.59	2.5759	0.97121	1.2396	438.12	0.74385	35.758	0.057639	supercritical
740.00	23.000	160.08	0.0062470	785.98	929.66	2.5787	0.97182	1.2398	438.61	0.73894	35.803	0.057746	supercritical
741.67	23.000	159.66	0.0062631	787.67	931.72	2.5815	0.97243	1.2399	439.09	0.73406	35.848	0.057852	supercritical
743.33	23.000	159.25	0.0062793	789.37	933.79	2.5843	0.97303	1.2400	439.58	0.72920	35.894	0.057959	supercritical
745.00	23.000	158.85	0.0062954	791.06	935.86	2.5871	0.97364	1.2401	440.06	0.72438	35.939	0.058066	supercritical
746.67	23.000	158.44	0.0063114	792.76	937.92	2.5899	0.97425	1.2402	440.54	0.71959	35.985	0.058173	supercritical
748.33	23.000	158.04	0.0063275	794.46	939.99	2.5926	0.97485	1.2404	441.02	0.71482	36.030	0.058280	supercritical
750.00	23.000	157.64	0.0063436	796.16	942.06	2.5954	0.97546	1.2405	441.50	0.71009	36.076	0.058387	supercritical
751.67	23.000	157.24	0.0063596	797.85	944.13	2.5981	0.97606	1.2407	441.98	0.70538	36.121	0.058494	supercritical
753.33	23.000	156.85	0.0063757	799.55	946.19	2.6009	0.97666	1.2408	442.46	0.70070	36.167	0.058602	supercritical
755.00	23.000	156.45	0.0063917	801.25	948.26	2.6036	0.97726	1.2409	442.93	0.69604	36.212	0.058709	supercritical
756.67	23.000	156.06	0.0064077	802.95	950.33	2.6064	0.97786	1.2411	443.41	0.69142	36.258	0.058816	supercritical
758.33	23.000	155.67	0.0064237	804.65	952.40	2.6091	0.97846	1.2413	443.89	0.68682	36.303	0.058924	supercritical
760.00	23.000	155.29	0.0064397	806.35	954.47	2.6118	0.97906	1.2414	444.36	0.68225	36.349	0.059031	supercritical
761.67	23.000	154.90	0.0064556	808.06	956.54	2.6145	0.97966	1.2416	444.83	0.67770	36.394	0.059139	supercritical
763.33	23.000	154.52	0.0064716	809.76	958.61	2.6172	0.98025	1.2417	445.31	0.67318	36.440	0.059247	supercritical
765.00	23.000	154.14	0.0064876	811.46	960.68	2.6200	0.98085	1.2419	445.78	0.66869	36.485	0.059354	supercritical
766.67	23.000	153.76	0.0065035	813.17	962.75	2.6227	0.98144	1.2421	446.25	0.66423	36.531	0.059462	supercritical
768.33	23.000	153.39	0.0065194	814.87	964.82	2.6254	0.98203	1.2422	446.72	0.65979	36.576	0.059570	supercritical
770.00	23.000	153.01	0.0065353	816.57	966.89	2.6280	0.98262	1.2424	447.19	0.65537	36.622	0.059678	supercritical
771.67	23.000	152.64	0.0065512	818.28	968.96	2.6307	0.98321	1.2426	447.66	0.65098	36.668	0.059786	supercritical
773.33	23.000	152.27	0.0065671	819.98	971.03	2.6334	0.98380	1.2428	448.13	0.64662	36.713	0.059894	supercritical
775.00	23.000	151.91	0.0065830	821.69	973.10	2.6361	0.98439	1.2429	448.60	0.64228	36.759	0.060002	supercritical
776.67	23.000	151.54	0.0065989	823.40	975.17	2.6388	0.98498	1.2431	449.06	0.63797	36.805	0.060110	supercritical
778.33	23.000	151.18	0.0066147	825.10	977.24	2.6414	0.98556	1.2433	449.53	0.63368	36.850	0.060218	supercritical
780.00	23.000	150.82	0.0066306	826.81	979.32	2.6441	0.98615	1.2435	450.00	0.62941	36.896	0.060327	supercritical
781.67	23.000	150.46	0.0066464	828.52	981.39	2.6467	0.98673	1.2437	450.46	0.62518	36.941	0.060435	supercritical
783.33	23.000	150.10	0.0066622	830.23	983.46	2.6494	0.98731	1.2439	450.92	0.62096	36.987	0.060543	supercritical
785.00	23.000	149.74	0.0066781	831.94	985.53	2.6520	0.98789	1.2441	451.39	0.61677	37.033	0.060652	supercritical
786.67	23.000	149.39	0.0066939	833.65	987.61	2.6547	0.98847	1.2443	451.85	0.61260	37.078	0.060760	supercritical
788.33	23.000	149.04	0.0067096	835.36	989.68	2.6573	0.98905	1.2445	452.31	0.60846	37.124	0.060868	supercritical
790.00	23.000	148.69	0.0067254	837.07	991.76	2.6599	0.98963	1.2447	452.77	0.60434	37.170	0.060977	supercritical
791.67	23.000	148.34	0.0067412	838.78	993.83	2.6626	0.99020	1.2449	453.23	0.60024	37.215	0.061085	supercritical
793.33	23.000	148.00	0.0067570	840.50	995.91	2.6652	0.99078	1.2451	453.69	0.59617	37.261	0.061194	supercritical
795.00	23.000	147.65	0.0067727	842.21	997.98	2.6678	0.99135	1.2453	454.15	0.59211	37.307	0.061303	supercritical
796.67	23.000	147.31	0.0067884	843.92	1000.1	2.6704	0.99192	1.2455	454.61	0.58809	37.352	0.061411	supercritical
798.33	23.000	146.97	0.0068042	845.64	1002.1	2.6730	0.99249	1.2457	455.07	0.58408	37.398	0.061520	supercritical
800.00	23.000	146.63	0.0068199	847.35	1004.2	2.6756	0.99306	1.2459	455.52	0.58010	37.443	0.061629	supercritical
801.67	23.000	146.29	0.0068356	849.07	1006.3	2.6782	0.99363	1.2462	455.98	0.57614	37.489	0.061737	supercritical
803.33	23.000	145.96	0.0068513	850.78	1008.4	2.6808	0.99420	1.2464	456.43	0.57220	37.535	0.061846	supercritical
805.00	23.000	145.62	0.0068670	852.50	1010.4	2.6834	0.99477	1.2466	456.89	0.56828	37.580	0.061955	supercritical
806.67	23.000	145.29	0.0068827	854.22	1012.5	2.6859	0.99533	1.2468	457.34	0.56438	37.626	0.062064	supercritical
808.33	23.000	144.96	0.0068983	855.94	1014.6	2.6885	0.99590	1.2470	457.80	0.56051	37.672	0.062173	supercritical
810.00	23.000	144.63	0.0069140	857.65	1016.7	2.6911	0.99646	1.2473	458.25	0.55666	37.717	0.062281	supercritical
811.67	23.000	144.31	0.0069296	859.37	1018.8	2.6936	0.99702	1.2475	458.70	0.55283	37.763	0.062390	supercritical
813.33	23.000	143.98	0.0069453	861.09	1020.8	2.6962	0.99758	1.2477	459.15	0.54902	37.809	0.062499	supercritical
815.00	23.000	143.66	0.0069609	862.81	1022.9	2.6988	0.99814	1.2479	459.60	0.54523	37.854	0.062608	supercritical
816.67	23.000	143.34	0.0069765	864.53	1025.0	2.7013	0.99870	1.2482	460.05	0.54146	37.900	0.062717	supercritical
818.33	23.000	143.02	0.0069922	866.25	1027.1	2.7039	0.99925	1.2484	460.50	0.53771	37.945	0.062826	supercritical
820.00	23.000	142.70	0.0070078	867.98	1029.2	2.7064	0.99981	1.2486	460.95	0.53398	37.991	0.062935	supercritical
821.67	23.000	142.38	0.0070234	869.70	1031.2	2.7089	1.0004	1.2489	461.40	0.53028	38.037	0.063044	supercritical
823.33	23.000	142.07	0.0070389	871.42	1033.3	2.7115	1.0009	1.2491	461.84	0.52659	38.082	0.063153	supercritical
825.00	23.000	141.75	0.0070545	873.15	1035.4	2.7140	1.0015	1.2494	462.29	0.52292	38.128	0.063262	supercritical
826.67	23.000	141.44	0.0070701	874.87	1037.5	2.7165	1.0020	1.2496	462.74	0.51928	38.173	0.063372	supercritical
828.33	23.000	141.13	0.0070856	876.60	1039.6	2.7190	1.0026	1.2498	463.18	0.51565	38.219	0.063481	supercritical
830.00	23.000	140.82	0.0071012	878.32	1041.6	2.7215	1.0031	1.2501	463.63	0.51204	38.265	0.063590	supercritical
831.67	23.000	140.51	0.0071167	880.05	1043.7	2.7240	1.0037	1.2503	464.07	0.50845	38.310	0.063699	supercritical
833.33	23.000	140.21	0.0071323	881.77	1045.8	2.7266	1.0042	1.2506	464.51	0.50489	38.356	0.063808	supercritical
835.00	23.000	139.90	0.0071478	883.50	1047.9	2.7291	1.0048	1.2508	464.95	0.50134	38.401	0.063917	supercritical
836.67	23.000	139.60	0.0071633	885.23	1050.0	2.7315	1.0053	1.2511	465.40	0.49780	38.447	0.064026	supercritical
838.33	23.000	139.30	0.0071788	886.96	1052.1	2.7340	1.0058	1.2513	465.84	0.49429	38.492	0.064136	supercritical
840.00	23.000	139.00	0.0071943	888.69	1054.2	2.7365	1.0064	1.2516	466.28	0.49080	38.538	0.064245	supercritical
841.67	23.000	138.70	0.0072098	890.42	1056.2	2.7390	1.0069	1.2518	466.72	0.48732	38.583	0.064354	supercritical
843.33	23.000	138.40	0.0072253	892.15	1058.3	2.7415	1.0075	1.2521	467.16	0.48387	38.629	0.064463	supercritical
845.00	23.000	138.11	0.0072407	893.88	1060.4	2.7440	1.0080	1.2523	467.60	0.48043	38.674	0.064572	supercritical
846.67	23.000	137.81	0.0072562	895.61	1062.5	2.7464	1.0085	1.2526	468.03	0.47701	38.720	0.064682	supercritical
848.33	23.000	137.52	0.0072717	897.34	1064.6	2.7489	1.0091	1.2528	468.47	0.47361	38.765	0.064791	supercritical
850.00	23.000	137.23	0.0072871	899.08	1066.7	2.7513	1.0096	1.2531	468.91	0.47022	38.811	0.064900	supercritical
851.67	23.000	136.94	0.0073025	900.81	1068.8	2.7538	1.0101	1.2533	469.35	0.46686	38.856	0.065009	supercritical
853.33	23.000	136.65	0.0073180	902.54	1070.9	2.7562	1.0107	1.2536	469.78	0.46351	38.902	0.065119	supercritical
855.00	23.000	136.36	0.0073334	904.28	1072.9	2.7587	1.0112	1.2538	470.22	0.46018	38.947	0.065228	supercritical
856.67	23.000	136.08	0.0073488	906.01	1075.0	2.7611	1.0117	1.2541	470.65	0.45687	38.993	0.065337	supercritical
858.33	23.000	135.79	0.0073642	907.75	1077.1	2.7636	1.0122	1.2544	471.08	0.45357	39.038	0.065447	supercritical
860.00	23.000	135.51	0.0073796	909.49	1079.2	2.7660	1.0128	1.2546	471.52	0.45029	39.084	0.065556	supercritical
861.67	23.000	135.23	0.0073950	911.22	1081.3	2.7684	1.0133	1.2549	471.95	0.44703	39.129	0.065665	supercritical
863.33	23.000	134.95	0.0074104	912.96	1083.4	2.7709	1.0138	1.2552	472.38	0.44378	39.174	0.065774	supercritical
865.00	23.000	134.67	0.0074258	914.70	1085.5	2.7733	1.0143	1.2554	472.81	0.44055	39.220	0.065884	supercritical
866.67	23.000	134.39	0.0074412	916.44	1087.6	2.7757	1.0149	1.2557	473.24	0.43734	39.265	0.065993	supercritical
868.33	23.000	134.11	0.0074565	918.18	1089.7	2.7781	1.0154	1.2559	473.67	0.43415	39.311	0.066102	supercritical
870.00	23.000	133.84	0.0074719	919.92	1091.8	2.7805	1.0159	1.2562	474.10	0.43097	39.356	0.066211	supercritical
871.67	23.000	133.56	0.0074872	921.66	1093.9	2.7829	1.0164	1.2565	474.53	0.42780	39.401	0.066321	supercritical
873.33	23.000	133.29	0.0075026	923.40	1096.0	2.7853	1.0169	1.2567	474.96	0.42466	39.447	0.066430	supercritical
875.00	23.000	133.02	0.0075179	925.14	1098.1	2.7877	1.0174	1.2570	475.39	0.42153	39.492	0.066539	supercritical
876.67	23.000	132.75	0.0075332	926.89	1100.2	2.7901	1.0180	1.2573	475.82	0.41841	39.537	0.066648	supercritical
878.33	23.000	132.48	0.0075485	928.63	1102.2	2.7925	1.0185	1.2575	476.24	0.41531	39.582	0.066758	supercritical
880.00	23.000	132.21	0.0075638	930.37	1104.3	2.7949	1.0190	1.2578	476.67	0.41223	39.628	0.066867	supercritical
881.67	23.000	131.94	0.0075791	932.12	1106.4	2.7973	1.0195	1.2581	477.10	0.40916	39.673	0.066976	supercritical
883.33	23.000	131.68	0.0075944	933.86	1108.5	2.7996	1.0200	1.2583	477.52	0.40611	39.718	0.067085	supercritical
885.00	23.000	131.41	0.0076097	935.61	1110.6	2.8020	1.0205	1.2586	477.94	0.40307	39.763	0.067195	supercritical
886.67	23.000	131.15	0.0076250	937.36	1112.7	2.8044	1.0210	1.2589	478.37	0.40005	39.809	0.067304	supercritical
888.33	23.000	130.89	0.0076403	939.10	1114.8	2.8067	1.0215	1.2592	478.79	0.39705	39.854	0.067413	supercritical
890.00	23.000	130.62	0.0076556	940.85	1116.9	2.8091	1.0220	1.2594	479.22	0.39406	39.899	0.067522	supercritical
891.67	23.000	130.36	0.0076708	942.60	1119.0	2.8115	1.0225	1.2597	479.64	0.39108	39.944	0.067631	supercritical
893.33	23.000	130.11	0.0076861	944.35	1121.1	2.8138	1.0230	1.2600	480.06	0.38812	39.990	0.067740	supercritical
895.00	23.000	129.85	0.0077013	946.10	1123.2	2.8162	1.0235	1.2603	480.48	0.38517	40.035	0.067850	supercritical
896.67	23.000	129.59	0.0077166	947.85	1125.3	2.8185	1.0240	1.2605	480.90	0.38224	40.080	0.067959	supercritical
898.33	23.000	129.34	0.0077318	949.60	1127.4	2.8209	1.0245	1.2608	481.32	0.37932	40.125	0.068068	supercritical
900.00	23.000	129.08	0.0077470	951.35	1129.5	2.8232	1.0250	1.2611	481.74	0.37642	40.170	0.068177	supercritical
901.67	23.000	128.83	0.0077623	953.10	1131.6	2.8255	1.0255	1.2613	482.16	0.37353	40.215	0.068286	supercritical
903.33	23.000	128.58	0.0077775	954.85	1133.7	2.8279	1.0260	1.2616	482.58	0.37066	40.260	0.068395	supercritical
905.00	23.000	128.33	0.0077927	956.61	1135.8	2.8302	1.0265	1.2619	483.00	0.36780	40.305	0.068504	supercritical
906.67	23.000	128.08	0.0078079	958.36	1137.9	2.8325	1.0270	1.2622	483.41	0.36495	40.350	0.068613	supercritical
908.33	23.000	127.83	0.0078231	960.12	1140.0	2.8348	1.0275	1.2624	483.83	0.36212	40.395	0.068722	supercritical
910.00	23.000	127.58	0.0078383	961.87	1142.2	2.8371	1.0280	1.2627	484.25	0.35930	40.441	0.068831	supercritical
911.67	23.000	127.33	0.0078535	963.63	1144.3	2.8394	1.0284	1.2630	484.66	0.35649	40.486	0.068940	supercritical
913.33	23.000	127.09	0.0078686	965.38	1146.4	2.8418	1.0289	1.2633	485.08	0.35370	40.531	0.069049	supercritical
915.00	23.000	126.84	0.0078838	967.14	1148.5	2.8441	1.0294	1.2636	485.49	0.35092	40.576	0.069158	supercritical
916.67	23.000	126.60	0.0078990	968.90	1150.6	2.8464	1.0299	1.2638	485.91	0.34816	40.621	0.069267	supercritical
918.33	23.000	126.36	0.0079141	970.65	1152.7	2.8487	1.0304	1.2641	486.32	0.34541	40.665	0.069376	supercritical
920.00	23.000	126.11	0.0079293	972.41	1154.8	2.8509	1.0309	1.2644	486.73	0.34267	40.710	0.069485	supercritical
921.67	23.000	125.87	0.0079444	974.17	1156.9	2.8532	1.0313	1.2647	487.15	0.33995	40.755	0.069594	supercritical
923.33	23.000	125.63	0.0079596	975.93	1159.0	2.8555	1.0318	1.2649	487.56	0.33724	40.800	0.069703	supercritical
925.00	23.000	125.40	0.0079747	977.69	1161.1	2.8578	1.0323	1.2652	487.97	0.33454	40.845	0.069812	supercritical
926.67	23.000	125.16	0.0079898	979.45	1163.2	2.8601	1.0328	1.2655	488.38	0.33185	40.890	0.069921	supercritical
928.33	23.000	124.92	0.0080050	981.21	1165.3	2.8624	1.0332	1.2658	488.79	0.32918	40.935	0.070029	supercritical
930.00	23.000	124.69	0.0080201	982.98	1167.4	2.8646	1.0337	1.2661	489.20	0.32652	40.980	0.070138	supercritical
931.67	23.000	124.45	0.0080352	984.74	1169.5	2.8669	1.0342	1.2663	489.61	0.32387	41.025	0.070247	supercritical
933.33	23.000	124.22	0.0080503	986.50	1171.7	2.8692	1.0347	1.2666	490.02	0.32124	41.069	0.070356	supercritical
935.00	23.000	123.99	0.0080654	988.27	1173.8	2.8714	1.0351	1.2669	490.43	0.31862	41.114	0.070464	supercritical
936.67	23.000	123.76	0.0080805	990.03	1175.9	2.8737	1.0356	1.2672	490.84	0.31601	41.159	0.070573	supercritical
938.33	23.000	123.52	0.0080956	991.80	1178.0	2.8759	1.0361	1.2674	491.25	0.31341	41.204	0.070682	supercritical
940.00	23.000	123.29	0.0081106	993.56	1180.1	2.8782	1.0365	1.2677	491.66	0.31082	41.249	0.070790	supercritical
941.67	23.000	123.07	0.0081257	995.33	1182.2	2.8804	1.0370	1.2680	492.06	0.30825	41.293	0.070899	supercritical
943.33	23.000	122.84	0.0081408	997.10	1184.3	2.8827	1.0375	1.2683	492.47	0.30569	41.338	0.071008	supercritical
945.00	23.000	122.61	0.0081559	998.86	1186.4	2.8849	1.0379	1.2686	492.87	0.30314	41.383	0.071116	supercritical
946.67	23.000	122.39	0.0081709	1000.6	1188.6	2.8871	1.0384	1.2688	493.28	0.30060	41.427	0.071225	supercritical
948.33	23.000	122.16	0.0081860	1002.4	1190.7	2.8894	1.0389	1.2691	493.68	0.29808	41.472	0.071333	supercritical
950.00	23.000	121.94	0.0082010	1004.2	1192.8	2.8916	1.0393	1.2694	494.09	0.29556	41.517	0.071442	supercritical
951.67	23.000	121.71	0.0082161	1005.9	1194.9	2.8938	1.0398	1.2697	494.49	0.29306	41.561	0.071550	supercritical
953.33	23.000	121.49	0.0082311	1007.7	1197.0	2.8960	1.0402	1.2700	494.90	0.29057	41.606	0.071659	supercritical
955.00	23.000	121.27	0.0082461	1009.5	1199.1	2.8983	1.0407	1.2702	495.30	0.28809	41.651	0.071767	supercritical
956.67	23.000	121.05	0.0082612	1011.3	1201.3	2.9005	1.0411	1.2705	495.70	0.28562	41.695	0.071876	supercritical
958.33	23.000	120.83	0.0082762	1013.0	1203.4	2.9027	1.0416	1.2708	496.10	0.28317	41.740	0.071984	supercritical
960.00	23.000	120.61	0.0082912	1014.8	1205.5	2.9049	1.0420	1.2711	496.51	0.28072	41.784	0.072092	supercritical
961.67	23.000	120.39	0.0083062	1016.6	1207.6	2.9071	1.0425	1.2714	496.91	0.27829	41.829	0.072201	supercritical
963.33	23.000	120.17	0.0083212	1018.3	1209.7	2.9093	1.0429	1.2716	497.31	0.27587	41.873	0.072309	supercritical
965.00	23.000	119.96	0.0083362	1020.1	1211.9	2.9115	1.0434	1.2719	497.71	0.27346	41.918	0.072417	supercritical
966.67	23.000	119.74	0.0083512	1021.9	1214.0	2.9137	1.0438	1.2722	498.11	0.27106	41.962	0.072525	supercritical
968.33	23.000	119.53	0.0083662	1023.7	1216.1	2.9159	1.0443	1.2725	498.51	0.26867	42.007	0.072634	supercritical
970.00	23.000	119.31	0.0083812	1025.4	1218.2	2.9181	1.0447	1.2728	498.91	0.26629	42.051	0.072742	supercritical
971.67	23.000	119.10	0.0083962	1027.2	1220.3	2.9203	1.0452	1.2730	499.30	0.26392	42.096	0.072850	supercritical
973.33	23.000	118.89	0.0084111	1029.0	1222.5	2.9224	1.0456	1.2733	499.70	0.26156	42.140	0.072958	supercritical
975.00	23.000	118.68	0.0084261	1030.8	1224.6	2.9246	1.0461	1.2736	500.10	0.25922	42.185	0.073066	supercritical
976.67	23.000	118.47	0.0084411	1032.6	1226.7	2.9268	1.0465	1.2739	500.50	0.25688	42.229	0.073174	supercritical
978.33	23.000	118.26	0.0084560	1034.3	1228.8	2.9290	1.0469	1.2741	500.89	0.25455	42.273	0.073282	supercritical
980.00	23.000	118.05	0.0084710	1036.1	1231.0	2.9311	1.0474	1.2744	501.29	0.25224	42.318	0.073390	supercritical
981.67	23.000	117.84	0.0084860	1037.9	1233.1	2.9333	1.0478	1.2747	501.69	0.24993	42.362	0.073498	supercritical
983.33	23.000	117.63	0.0085009	1039.7	1235.2	2.9355	1.0483	1.2750	502.08	0.24764	42.406	0.073606	supercritical
985.00	23.000	117.43	0.0085158	1041.5	1237.3	2.9376	1.0487	1.2753	502.48	0.24536	42.451	0.073714	supercritical
986.67	23.000	117.22	0.0085308	1043.2	1239.5	2.9398	1.0491	1.2755	502.87	0.24308	42.495	0.073822	supercritical
988.33	23.000	117.02	0.0085457	1045.0	1241.6	2.9419	1.0496	1.2758	503.26	0.24082	42.539	0.073930	supercritical
990.00	23.000	116.81	0.0085606	1046.8	1243.7	2.9441	1.0500	1.2761	503.66	0.23856	42.583	0.074038	supercritical
991.67	23.000	116.61	0.0085756	1048.6	1245.8	2.9462	1.0504	1.2764	504.05	0.23632	42.628	0.074145	supercritical
993.33	23.000	116.41	0.0085905	1050.4	1248.0	2.9484	1.0509	1.2766	504.44	0.23409	42.672	0.074253	supercritical
995.00	23.000	116.21	0.0086054	1052.2	1250.1	2.9505	1.0513	1.2769	504.84	0.23186	42.716	0.074361	supercritical
996.67	23.000	116.01	0.0086203	1053.9	1252.2	2.9527	1.0517	1.2772	505.23	0.22965	42.760	0.074468	supercritical
998.33	23.000	115.81	0.0086352	1055.7	1254.3	2.9548	1.0521	1.2775	505.62	0.22744	42.804	0.074576	supercritical
1000.0	23.000	115.61	0.0086501	1057.5	1256.5	2.9569	1.0526	1.2777	506.01	0.22525	42.848	0.074684	supercritical
1001.7	23.000	115.41	0.0086650	1059.3	1258.6	2.9590	1.0530	1.2780	506.40	0.22306	42.893	0.074791	supercritical
1003.3	23.000	115.21	0.0086799	1061.1	1260.7	2.9612	1.0534	1.2783	506.79	0.22089	42.937	0.074899	supercritical
1005.0	23.000	115.01	0.0086948	1062.9	1262.9	2.9633	1.0538	1.2786	507.18	0.21872	42.981	0.075006	supercritical
1006.7	23.000	114.82	0.0087096	1064.7	1265.0	2.9654	1.0542	1.2789	507.57	0.21656	43.025	0.075114	supercritical
1008.3	23.000	114.62	0.0087245	1066.5	1267.1	2.9675	1.0547	1.2791	507.96	0.21441	43.069	0.075221	supercritical
1010.0	23.000	114.42	0.0087394	1068.3	1269.3	2.9696	1.0551	1.2794	508.35	0.21228	43.113	0.075328	supercritical
1011.7	23.000	114.23	0.0087543	1070.0	1271.4	2.9718	1.0555	1.2797	508.74	0.21015	43.157	0.075436	supercritical
1013.3	23.000	114.04	0.0087691	1071.8	1273.5	2.9739	1.0559	1.2799	509.12	0.20803	43.201	0.075543	supercritical
1015.0	23.000	113.84	0.0087840	1073.6	1275.7	2.9760	1.0563	1.2802	509.51	0.20592	43.245	0.075650	supercritical
1016.7	23.000	113.65	0.0087988	1075.4	1277.8	2.9781	1.0567	1.2805	509.90	0.20381	43.289	0.075758	supercritical
1018.3	23.000	113.46	0.0088137	1077.2	1279.9	2.9802	1.0572	1.2808	510.29	0.20172	43.333	0.075865	supercritical
1020.0	23.000	113.27	0.0088285	1079.0	1282.1	2.9823	1.0576	1.2810	510.67	0.19964	43.377	0.075972	supercritical
1021.7	23.000	113.08	0.0088434	1080.8	1284.2	2.9843	1.0580	1.2813	511.06	0.19756	43.421	0.076079	supercritical
1023.3	23.000	112.89	0.0088582	1082.6	1286.3	2.9864	1.0584	1.2816	511.44	0.19550	43.464	0.076186	supercritical
1025.0	23.000	112.70	0.0088730	1084.4	1288.5	2.9885	1.0588	1.2819	511.83	0.19344	43.508	0.076293	supercritical
1026.7	23.000	112.51	0.0088879	1086.2	1290.6	2.9906	1.0592	1.2821	512.21	0.19139	43.552	0.076400	supercritical
1028.3	23.000	112.33	0.0089027	1088.0	1292.7	2.9927	1.0596	1.2824	512.60	0.18935	43.596	0.076507	supercritical
1030.0	23.000	112.14	0.0089175	1089.8	1294.9	2.9948	1.0600	1.2827	512.98	0.18732	43.640	0.076614	supercritical
1031.7	23.000	111.95	0.0089323	1091.6	1297.0	2.9968	1.0604	1.2830	513.36	0.18530	43.684	0.076721	supercritical
1033.3	23.000	111.77	0.0089471	1093.4	1299.2	2.9989	1.0608	1.2832	513.75	0.18328	43.727	0.076828	supercritical
1035.0	23.000	111.58	0.0089620	1095.2	1301.3	3.0010	1.0612	1.2835	514.13	0.18127	43.771	0.076935	supercritical
1036.7	23.000	111.40	0.0089768	1097.0	1303.4	3.0030	1.0616	1.2838	514.51	0.17928	43.815	0.077041	supercritical
1038.3	23.000	111.22	0.0089916	1098.8	1305.6	3.0051	1.0620	1.2840	514.89	0.17729	43.858	0.077148	supercritical
1040.0	23.000	111.03	0.0090064	1100.6	1307.7	3.0072	1.0624	1.2843	515.27	0.17531	43.902	0.077255	supercritical
1041.7	23.000	110.85	0.0090211	1102.4	1309.9	3.0092	1.0628	1.2846	515.65	0.17333	43.946	0.077361	supercritical
1043.3	23.000	110.67	0.0090359	1104.2	1312.0	3.0113	1.0632	1.2848	516.03	0.17137	43.990	0.077468	supercritical
1045.0	23.000	110.49	0.0090507	1106.0	1314.1	3.0133	1.0636	1.2851	516.41	0.16941	44.033	0.077575	supercritical
1046.7	23.000	110.31	0.0090655	1107.8	1316.3	3.0154	1.0640	1.2854	516.79	0.16747	44.077	0.077681	supercritical
1048.3	23.000	110.13	0.0090803	1109.6	1318.4	3.0174	1.0644	1.2857	517.17	0.16553	44.120	0.077788	supercritical
1050.0	23.000	109.95	0.0090950	1111.4	1320.6	3.0195	1.0648	1.2859	517.55	0.16359	44.164	0.077894	supercritical
1051.7	23.000	109.77	0.0091098	1113.2	1322.7	3.0215	1.0652	1.2862	517.93	0.16167	44.208	0.078001	supercritical
1053.3	23.000	109.59	0.0091246	1115.0	1324.9	3.0235	1.0656	1.2865	518.31	0.15975	44.251	0.078107	supercritical
1055.0	23.000	109.42	0.0091393	1116.8	1327.0	3.0256	1.0660	1.2867	518.69	0.15785	44.295	0.078213	supercritical
1056.7	23.000	109.24	0.0091541	1118.6	1329.1	3.0276	1.0664	1.2870	519.07	0.15594	44.338	0.078320	supercritical
1058.3	23.000	109.06	0.0091689	1120.4	1331.3	3.0296	1.0667	1.2873	519.44	0.15405	44.382	0.078426	supercritical
1060.0	23.000	108.89	0.0091836	1122.2	1333.4	3.0317	1.0671	1.2875	519.82	0.15217	44.425	0.078532	supercritical
1061.7	23.000	108.72	0.0091983	1124.0	1335.6	3.0337	1.0675	1.2878	520.20	0.15029	44.469	0.078638	supercritical
1063.3	23.000	108.54	0.0092131	1125.8	1337.7	3.0357	1.0679	1.2881	520.57	0.14842	44.512	0.078744	supercritical
1065.0	23.000	108.37	0.0092278	1127.6	1339.9	3.0377	1.0683	1.2883	520.95	0.14656	44.555	0.078850	supercritical
1066.7	23.000	108.20	0.0092426	1129.4	1342.0	3.0397	1.0687	1.2886	521.32	0.14470	44.599	0.078956	supercritical
1068.3	23.000	108.02	0.0092573	1131.2	1344.2	3.0417	1.0690	1.2888	521.70	0.14286	44.642	0.079062	supercritical
1070.0	23.000	107.85	0.0092720	1133.1	1346.3	3.0438	1.0694	1.2891	522.07	0.14102	44.686	0.079168	supercritical
1071.7	23.000	107.68	0.0092867	1134.9	1348.5	3.0458	1.0698	1.2894	522.45	0.13918	44.729	0.079274	supercritical
1073.3	23.000	107.51	0.0093015	1136.7	1350.6	3.0478	1.0702	1.2896	522.82	0.13736	44.772	0.079380	supercritical
1075.0	23.000	107.34	0.0093162	1138.5	1352.8	3.0498	1.0706	1.2899	523.19	0.13554	44.816	0.079486	supercritical
1076.7	23.000	107.17	0.0093309	1140.3	1354.9	3.0518	1.0709	1.2902	523.57	0.13373	44.859	0.079592	supercritical
1078.3	23.000	107.00	0.0093456	1142.1	1357.1	3.0538	1.0713	1.2904	523.94	0.13193	44.902	0.079698	supercritical
1080.0	23.000	106.83	0.0093603	1143.9	1359.2	3.0558	1.0717	1.2907	524.31	0.13013	44.945	0.079803	supercritical
1081.7	23.000	106.67	0.0093750	1145.7	1361.4	3.0577	1.0721	1.2909	524.68	0.12834	44.989	0.079909	supercritical
1083.3	23.000	106.50	0.0093897	1147.6	1363.5	3.0597	1.0724	1.2912	525.06	0.12656	45.032	0.080015	supercritical
1085.0	23.000	106.33	0.0094044	1149.4	1365.7	3.0617	1.0728	1.2915	525.43	0.12479	45.075	0.080120	supercritical
1086.7	23.000	106.17	0.0094191	1151.2	1367.8	3.0637	1.0732	1.2917	525.80	0.12302	45.118	0.080226	supercritical
1088.3	23.000	106.00	0.0094338	1153.0	1370.0	3.0657	1.0735	1.2920	526.17	0.12126	45.161	0.080331	supercritical
1090.0	23.000	105.84	0.0094485	1154.8	1372.1	3.0677	1.0739	1.2923	526.54	0.11951	45.204	0.080437	supercritical
1091.7	23.000	105.67	0.0094632	1156.6	1374.3	3.0696	1.0743	1.2925	526.91	0.11776	45.248	0.080542	supercritical
1093.3	23.000	105.51	0.0094778	1158.4	1376.4	3.0716	1.0746	1.2928	527.28	0.11602	45.291	0.080647	supercritical
1095.0	23.000	105.35	0.0094925	1160.3	1378.6	3.0736	1.0750	1.2930	527.65	0.11429	45.334	0.080753	supercritical
1096.7	23.000	105.18	0.0095072	1162.1	1380.7	3.0755	1.0754	1.2933	528.02	0.11256	45.377	0.080858	supercritical
1098.3	23.000	105.02	0.0095218	1163.9	1382.9	3.0775	1.0757	1.2935	528.39	0.11084	45.420	0.080963	supercritical
1100.0	23.000	104.86	0.0095365	1165.7	1385.1	3.0795	1.0761	1.2938	528.75	0.10913	45.463	0.081068	supercritical
1101.7	23.000	104.70	0.0095512	1167.5	1387.2	3.0814	1.0765	1.2941	529.12	0.10742	45.506	0.081173	supercritical
1103.3	23.000	104.54	0.0095658	1169.4	1389.4	3.0834	1.0768	1.2943	529.49	0.10572	45.549	0.081279	supercritical
1105.0	23.000	104.38	0.0095805	1171.2	1391.5	3.0853	1.0772	1.2946	529.86	0.10403	45.592	0.081384	supercritical
1106.7	23.000	104.22	0.0095951	1173.0	1393.7	3.0873	1.0775	1.2948	530.22	0.10234	45.635	0.081489	supercritical
1108.3	23.000	104.06	0.0096098	1174.8	1395.8	3.0892	1.0779	1.2951	530.59	0.10066	45.678	0.081594	supercritical
1110.0	23.000	103.90	0.0096244	1176.6	1398.0	3.0912	1.0783	1.2953	530.96	0.098991	45.721	0.081698	supercritical
1111.7	23.000	103.74	0.0096391	1178.5	1400.2	3.0931	1.0786	1.2956	531.32	0.097324	45.764	0.081803	supercritical
1113.3	23.000	103.59	0.0096537	1180.3	1402.3	3.0951	1.0790	1.2958	531.69	0.095664	45.806	0.081908	supercritical
1115.0	23.000	103.43	0.0096683	1182.1	1404.5	3.0970	1.0793	1.2961	532.05	0.094010	45.849	0.082013	supercritical
1116.7	23.000	103.27	0.0096830	1183.9	1406.6	3.0989	1.0797	1.2964	532.42	0.092362	45.892	0.082118	supercritical
1118.3	23.000	103.12	0.0096976	1185.8	1408.8	3.1009	1.0800	1.2966	532.78	0.090721	45.935	0.082222	supercritical
1120.0	23.000	102.96	0.0097122	1187.6	1411.0	3.1028	1.0804	1.2969	533.15	0.089085	45.978	0.082327	supercritical
1121.7	23.000	102.81	0.0097269	1189.4	1413.1	3.1047	1.0807	1.2971	533.51	0.087456	46.021	0.082432	supercritical
1123.3	23.000	102.65	0.0097415	1191.2	1415.3	3.1067	1.0811	1.2974	533.87	0.085834	46.063	0.082536	supercritical
1125.0	23.000	102.50	0.0097561	1193.1	1417.5	3.1086	1.0814	1.2976	534.24	0.084217	46.106	0.082641	supercritical
1126.7	23.000	102.35	0.0097707	1194.9	1419.6	3.1105	1.0818	1.2979	534.60	0.082606	46.149	0.082745	supercritical
1128.3	23.000	102.19	0.0097853	1196.7	1421.8	3.1124	1.0821	1.2981	534.96	0.081002	46.192	0.082850	supercritical
1130.0	23.000	102.04	0.0097999	1198.5	1423.9	3.1143	1.0825	1.2984	535.33	0.079404	46.234	0.082954	supercritical
1131.7	23.000	101.89	0.0098145	1200.4	1426.1	3.1163	1.0828	1.2986	535.69	0.077811	46.277	0.083058	supercritical
1133.3	23.000	101.74	0.0098291	1202.2	1428.3	3.1182	1.0831	1.2989	536.05	0.076225	46.320	0.083163	supercritical
1135.0	23.000	101.59	0.0098437	1204.0	1430.4	3.1201	1.0835	1.2991	536.41	0.074644	46.362	0.083267	supercritical
1136.7	23.000	101.44	0.0098583	1205.9	1432.6	3.1220	1.0838	1.2994	536.77	0.073070	46.405	0.083371	supercritical
1138.3	23.000	101.29	0.0098729	1207.7	1434.8	3.1239	1.0842	1.2996	537.13	0.071501	46.447	0.083475	supercritical
1140.0	23.000	101.14	0.0098875	1209.5	1436.9	3.1258	1.0845	1.2999	537.49	0.069939	46.490	0.083579	supercritical
1141.7	23.000	100.99	0.0099021	1211.4	1439.1	3.1277	1.0848	1.3001	537.85	0.068382	46.533	0.083683	supercritical
1143.3	23.000	100.84	0.0099167	1213.2	1441.3	3.1296	1.0852	1.3003	538.21	0.066831	46.575	0.083787	supercritical
1145.0	23.000	100.69	0.0099313	1215.0	1443.4	3.1315	1.0855	1.3006	538.57	0.065285	46.618	0.083891	supercritical
1146.7	23.000	100.54	0.0099458	1216.8	1445.6	3.1334	1.0859	1.3008	538.93	0.063745	46.660	0.083995	supercritical
1148.3	23.000	100.40	0.0099604	1218.7	1447.8	3.1353	1.0862	1.3011	539.29	0.062212	46.703	0.084099	supercritical
1150.0	23.000	100.25	0.0099750	1220.5	1449.9	3.1371	1.0865	1.3013	539.65	0.060683	46.745	0.084203	supercritical
1151.7	23.000	100.10	0.0099896	1222.3	1452.1	3.1390	1.0869	1.3016	540.01	0.059161	46.788	0.084306	supercritical
1153.3	23.000	99.959	0.010004	1224.2	1454.3	3.1409	1.0872	1.3018	540.36	0.057643	46.830	0.084410	supercritical
1155.0	23.000	99.813	0.010019	1226.0	1456.4	3.1428	1.0875	1.3021	540.72	0.056132	46.873	0.084514	supercritical
1156.7	23.000	99.669	0.010033	1227.9	1458.6	3.1447	1.0879	1.3023	541.08	0.054626	46.915	0.084617	supercritical
1158.3	23.000	99.524	0.010048	1229.7	1460.8	3.1465	1.0882	1.3025	541.44	0.053126	46.957	0.084721	supercritical
1160.0	23.000	99.380	0.010062	1231.5	1463.0	3.1484	1.0885	1.3028	541.79	0.051631	47.000	0.084825	supercritical
1161.7	23.000	99.237	0.010077	1233.4	1465.1	3.1503	1.0888	1.3030	542.15	0.050141	47.042	0.084928	supercritical
1163.3	23.000	99.094	0.010091	1235.2	1467.3	3.1522	1.0892	1.3033	542.50	0.048657	47.084	0.085032	supercritical
1165.0	23.000	98.951	0.010106	1237.0	1469.5	3.1540	1.0895	1.3035	542.86	0.047178	47.127	0.085135	supercritical
1166.7	23.000	98.809	0.010121	1238.9	1471.6	3.1559	1.0898	1.3038	543.22	0.045705	47.169	0.085238	supercritical
1168.3	23.000	98.667	0.010135	1240.7	1473.8	3.1577	1.0902	1.3040	543.57	0.044237	47.211	0.085342	supercritical
1170.0	23.000	98.526	0.010150	1242.6	1476.0	3.1596	1.0905	1.3042	543.92	0.042774	47.253	0.085445	supercritical
1171.7	23.000	98.385	0.010164	1244.4	1478.2	3.1615	1.0908	1.3045	544.28	0.041317	47.296	0.085548	supercritical
1173.3	23.000	98.244	0.010179	1246.2	1480.3	3.1633	1.0911	1.3047	544.63	0.039865	47.338	0.085651	supercritical
1175.0	23.000	98.104	0.010193	1248.1	1482.5	3.1652	1.0914	1.3050	544.99	0.038418	47.380	0.085754	supercritical
1176.7	23.000	97.965	0.010208	1249.9	1484.7	3.1670	1.0918	1.3052	545.34	0.036976	47.422	0.085857	supercritical
1178.3	23.000	97.825	0.010222	1251.8	1486.9	3.1689	1.0921	1.3054	545.69	0.035539	47.464	0.085960	supercritical
1180.0	23.000	97.687	0.010237	1253.6	1489.0	3.1707	1.0924	1.3057	546.05	0.034108	47.507	0.086063	supercritical
1181.7	23.000	97.548	0.010251	1255.4	1491.2	3.1726	1.0927	1.3059	546.40	0.032681	47.549	0.086166	supercritical
1183.3	23.000	97.410	0.010266	1257.3	1493.4	3.1744	1.0930	1.3061	546.75	0.031260	47.591	0.086269	supercritical
1185.0	23.000	97.273	0.010280	1259.1	1495.6	3.1762	1.0934	1.3064	547.10	0.029844	47.633	0.086372	supercritical
1186.7	23.000	97.136	0.010295	1261.0	1497.8	3.1781	1.0937	1.3066	547.46	0.028433	47.675	0.086475	supercritical
1188.3	23.000	96.999	0.010309	1262.8	1499.9	3.1799	1.0940	1.3068	547.81	0.027027	47.717	0.086577	supercritical
1190.0	23.000	96.863	0.010324	1264.7	1502.1	3.1817	1.0943	1.3071	548.16	0.025625	47.759	0.086680	supercritical
1191.7	23.000	96.727	0.010338	1266.5	1504.3	3.1836	1.0946	1.3073	548.51	0.024229	47.801	0.086783	supercritical
1193.3	23.000	96.591	0.010353	1268.3	1506.5	3.1854	1.0949	1.3075	548.86	0.022838	47.843	0.086885	supercritical
1195.0	23.000	96.456	0.010367	1270.2	1508.6	3.1872	1.0952	1.3078	549.21	0.021451	47.885	0.086988	supercritical
1196.7	23.000	96.321	0.010382	1272.0	1510.8	3.1890	1.0956	1.3080	549.56	0.020070	47.927	0.087090	supercritical
1198.3	23.000	96.187	0.010396	1273.9	1513.0	3.1909	1.0959	1.3082	549.91	0.018693	47.969	0.087193	supercritical
1200.0	23.000	96.053	0.010411	1275.7	1515.2	3.1927	1.0962	1.3085	550.26	0.017321	48.011	0.087295	supercritical
1201.7	23.000	95.920	0.010425	1277.6	1517.4	3.1945	1.0965	1.3087	550.61	0.015954	48.053	0.087397	supercritical
1203.3	23.000	95.787	0.010440	1279.4	1519.5	3.1963	1.0968	1.3089	550.96	0.014592	48.095	0.087500	supercritical
1205.0	23.000	95.654	0.010454	1281.3	1521.7	3.1981	1.0971	1.3092	551.31	0.013234	48.137	0.087602	supercritical
1206.7	23.000	95.522	0.010469	1283.1	1523.9	3.1999	1.0974	1.3094	551.66	0.011881	48.179	0.087704	supercritical
1208.3	23.000	95.390	0.010483	1285.0	1526.1	3.2017	1.0977	1.3096	552.00	0.010533	48.220	0.087806	supercritical
1210.0	23.000	95.258	0.010498	1286.8	1528.3	3.2035	1.0980	1.3099	552.35	0.0091898	48.262	0.087908	supercritical
1211.7	23.000	95.127	0.010512	1288.7	1530.5	3.2053	1.0983	1.3101	552.70	0.0078509	48.304	0.088010	supercritical
1213.3	23.000	94.996	0.010527	1290.5	1532.6	3.2071	1.0986	1.3103	553.05	0.0065167	48.346	0.088112	supercritical
1215.0	23.000	94.866	0.010541	1292.4	1534.8	3.2089	1.0989	1.3105	553.39	0.0051871	48.388	0.088214	supercritical
1216.7	23.000	94.736	0.010556	1294.2	1537.0	3.2107	1.0992	1.3108	553.74	0.0038621	48.429	0.088316	supercritical
1218.3	23.000	94.606	0.010570	1296.1	1539.2	3.2125	1.0995	1.3110	554.09	0.0025416	48.471	0.088418	supercritical
1220.0	23.000	94.477	0.010585	1297.9	1541.4	3.2143	1.0998	1.3112	554.43	0.0012256	48.513	0.088520	supercritical
1221.7	23.000	94.348	0.010599	1299.8	1543.6	3.2161	1.1001	1.3114	554.78	-8.5798e-05	48.554	0.088622	supercritical
1223.3	23.000	94.219	0.010614	1301.6	1545.8	3.2179	1.1004	1.3117	555.12	-0.0013928	48.596	0.088723	supercritical
1225.0	23.000	94.091	0.010628	1303.5	1547.9	3.2197	1.1007	1.3119	555.47	-0.0026952	48.638	0.088825	supercritical
1226.7	23.000	93.963	0.010642	1305.4	1550.1	3.2215	1.1010	1.3121	555.81	-0.0039933	48.679	0.088927	supercritical
1228.3	23.000	93.836	0.010657	1307.2	1552.3	3.2233	1.1013	1.3123	556.16	-0.0052869	48.721	0.089028	supercritical
1230.0	23.000	93.709	0.010671	1309.1	1554.5	3.2250	1.1016	1.3126	556.50	-0.0065762	48.763	0.089130	supercritical
1231.7	23.000	93.582	0.010686	1310.9	1556.7	3.2268	1.1019	1.3128	556.85	-0.0078611	48.804	0.089231	supercritical
1233.3	23.000	93.456	0.010700	1312.8	1558.9	3.2286	1.1022	1.3130	557.19	-0.0091416	48.846	0.089333	supercritical
1235.0	23.000	93.330	0.010715	1314.6	1561.1	3.2304	1.1025	1.3132	557.54	-0.010418	48.887	0.089434	supercritical
1236.7	23.000	93.204	0.010729	1316.5	1563.3	3.2321	1.1028	1.3135	557.88	-0.011690	48.929	0.089535	supercritical
1238.3	23.000	93.079	0.010744	1318.3	1565.4	3.2339	1.1031	1.3137	558.22	-0.012957	48.970	0.089637	supercritical
1240.0	23.000	92.954	0.010758	1320.2	1567.6	3.2357	1.1034	1.3139	558.56	-0.014221	49.012	0.089738	supercritical
1241.7	23.000	92.830	0.010772	1322.1	1569.8	3.2374	1.1036	1.3141	558.91	-0.015480	49.053	0.089839	supercritical
1243.3	23.000	92.705	0.010787	1323.9	1572.0	3.2392	1.1039	1.3143	559.25	-0.016735	49.095	0.089940	supercritical
1245.0	23.000	92.582	0.010801	1325.8	1574.2	3.2410	1.1042	1.3146	559.59	-0.017985	49.136	0.090041	supercritical
1246.7	23.000	92.458	0.010816	1327.6	1576.4	3.2427	1.1045	1.3148	559.93	-0.019232	49.178	0.090142	supercritical
1248.3	23.000	92.335	0.010830	1329.5	1578.6	3.2445	1.1048	1.3150	560.28	-0.020474	49.219	0.090243	supercritical
1250.0	23.000	92.212	0.010845	1331.4	1580.8	3.2462	1.1051	1.3152	560.62	-0.021712	49.261	0.090344	supercritical
1251.7	23.000	92.090	0.010859	1333.2	1583.0	3.2480	1.1054	1.3154	560.96	-0.022946	49.302	0.090445	supercritical
1253.3	23.000	91.968	0.010873	1335.1	1585.2	3.2497	1.1056	1.3157	561.30	-0.024176	49.343	0.090546	supercritical
1255.0	23.000	91.846	0.010888	1336.9	1587.4	3.2515	1.1059	1.3159	561.64	-0.025402	49.385	0.090647	supercritical
1256.7	23.000	91.724	0.010902	1338.8	1589.6	3.2532	1.1062	1.3161	561.98	-0.026624	49.426	0.090747	supercritical
1258.3	23.000	91.603	0.010917	1340.7	1591.7	3.2550	1.1065	1.3163	562.32	-0.027842	49.467	0.090848	supercritical
1260.0	23.000	91.483	0.010931	1342.5	1593.9	3.2567	1.1068	1.3165	562.66	-0.029056	49.509	0.090949	supercritical
1261.7	23.000	91.362	0.010945	1344.4	1596.1	3.2585	1.1071	1.3167	563.00	-0.030266	49.550	0.091049	supercritical
1263.3	23.000	91.242	0.010960	1346.3	1598.3	3.2602	1.1073	1.3170	563.34	-0.031472	49.591	0.091150	supercritical
1265.0	23.000	91.122	0.010974	1348.1	1600.5	3.2619	1.1076	1.3172	563.68	-0.032673	49.632	0.091250	supercritical
1266.7	23.000	91.003	0.010989	1350.0	1602.7	3.2637	1.1079	1.3174	564.02	-0.033871	49.674	0.091351	supercritical
1268.3	23.000	90.884	0.011003	1351.8	1604.9	3.2654	1.1082	1.3176	564.35	-0.035066	49.715	0.091451	supercritical
1270.0	23.000	90.765	0.011017	1353.7	1607.1	3.2671	1.1085	1.3178	564.69	-0.036256	49.756	0.091551	supercritical
1271.7	23.000	90.647	0.011032	1355.6	1609.3	3.2689	1.1087	1.3180	565.03	-0.037442	49.797	0.091652	supercritical
1273.3	23.000	90.529	0.011046	1357.4	1611.5	3.2706	1.1090	1.3182	565.37	-0.038624	49.838	0.091752	supercritical
1275.0	23.000	90.411	0.011061	1359.3	1613.7	3.2723	1.1093	1.3185	565.70	-0.039803	49.880	0.091852	supercritical
1276.7	23.000	90.293	0.011075	1361.2	1615.9	3.2740	1.1096	1.3187	566.04	-0.040978	49.921	0.091952	supercritical
1278.3	23.000	90.176	0.011089	1363.0	1618.1	3.2758	1.1098	1.3189	566.38	-0.042149	49.962	0.092052	supercritical
1280.0	23.000	90.059	0.011104	1364.9	1620.3	3.2775	1.1101	1.3191	566.72	-0.043316	50.003	0.092152	supercritical
1281.7	23.000	89.943	0.011118	1366.8	1622.5	3.2792	1.1104	1.3193	567.05	-0.044479	50.044	0.092252	supercritical
1283.3	23.000	89.827	0.011133	1368.6	1624.7	3.2809	1.1106	1.3195	567.39	-0.045639	50.085	0.092352	supercritical
1285.0	23.000	89.711	0.011147	1370.5	1626.9	3.2826	1.1109	1.3197	567.72	-0.046795	50.126	0.092452	supercritical
1286.7	23.000	89.595	0.011161	1372.4	1629.1	3.2843	1.1112	1.3199	568.06	-0.047947	50.167	0.092552	supercritical
1288.3	23.000	89.480	0.011176	1374.3	1631.3	3.2860	1.1115	1.3201	568.40	-0.049095	50.208	0.092652	supercritical
1290.0	23.000	89.365	0.011190	1376.1	1633.5	3.2877	1.1117	1.3203	568.73	-0.050240	50.249	0.092752	supercritical
1291.7	23.000	89.250	0.011204	1378.0	1635.7	3.2894	1.1120	1.3206	569.07	-0.051381	50.290	0.092851	supercritical
1293.3	23.000	89.136	0.011219	1379.9	1637.9	3.2911	1.1123	1.3208	569.40	-0.052519	50.331	0.092951	supercritical
1295.0	23.000	89.022	0.011233	1381.7	1640.1	3.2928	1.1125	1.3210	569.73	-0.053653	50.372	0.093051	supercritical
1296.7	23.000	88.908	0.011248	1383.6	1642.3	3.2945	1.1128	1.3212	570.07	-0.054783	50.413	0.093150	supercritical
1298.3	23.000	88.795	0.011262	1385.5	1644.5	3.2962	1.1131	1.3214	570.40	-0.055910	50.454	0.093250	supercritical
1300.0	23.000	88.682	0.011276	1387.3	1646.7	3.2979	1.1133	1.3216	570.74	-0.057033	50.495	0.093349	supercritical