Temperature (K)	Pressure (MPa)	Density (kg/m3)	Volume (m3/kg)	Internal Energy (kJ/kg)	Enthalpy (kJ/kg)	Entropy (J/g*K)	Cv (J/g*K)	Cp (J/g*K)	Sound Spd. (m/s)	Joule-Thomson (K/MPa)	Viscosity (uPa*s)	Therm. Cond. (W/m*K)	Phase
300.00	24.000	929.99	0.0010753	220.47	246.28	1.0845	0.91632	2.0215	630.30	0.18982	100.49	0.11110	liquid
301.67	24.000	922.94	0.0010835	223.65	249.66	1.0957	0.91593	2.0300	621.75	0.20714	98.563	0.10969	liquid
303.33	24.000	915.83	0.0010919	226.84	253.05	1.1069	0.91557	2.0388	613.24	0.22512	96.671	0.10829	liquid
305.00	24.000	908.65	0.0011005	230.04	256.45	1.1181	0.91524	2.0478	604.79	0.24379	94.818	0.10690	supercritical
306.67	24.000	901.39	0.0011094	233.25	259.87	1.1293	0.91493	2.0571	596.39	0.26318	93.003	0.10552	supercritical
308.33	24.000	894.07	0.0011185	236.47	263.31	1.1405	0.91463	2.0667	588.06	0.28331	91.224	0.10416	supercritical
310.00	24.000	886.67	0.0011278	239.70	266.76	1.1517	0.91432	2.0764	579.78	0.30420	89.480	0.10281	supercritical
311.67	24.000	879.19	0.0011374	242.93	270.23	1.1628	0.91401	2.0863	571.57	0.32588	87.771	0.10147	supercritical
313.33	24.000	871.64	0.0011473	246.18	273.72	1.1740	0.91368	2.0964	563.43	0.34837	86.095	0.10014	supercritical
315.00	24.000	864.02	0.0011574	249.44	277.22	1.1851	0.91335	2.1066	555.36	0.37169	84.450	0.098823	supercritical
316.67	24.000	856.31	0.0011678	252.71	280.74	1.1963	0.91302	2.1168	547.36	0.39586	82.837	0.097520	supercritical
318.33	24.000	848.54	0.0011785	255.99	284.28	1.2074	0.91271	2.1272	539.44	0.42089	81.255	0.096230	supercritical
320.00	24.000	840.68	0.0011895	259.28	287.83	1.2185	0.91242	2.1377	531.59	0.44681	79.702	0.094954	supercritical
321.67	24.000	832.75	0.0012008	262.58	291.40	1.2297	0.91218	2.1483	523.84	0.47363	78.178	0.093692	supercritical
323.33	24.000	824.74	0.0012125	265.89	294.99	1.2408	0.91198	2.1590	516.18	0.50137	76.682	0.092443	supercritical
325.00	24.000	816.65	0.0012245	269.21	298.60	1.2519	0.91183	2.1698	508.62	0.53006	75.215	0.091209	supercritical
326.67	24.000	808.50	0.0012369	272.54	302.22	1.2630	0.91174	2.1807	501.17	0.55971	73.774	0.089989	supercritical
328.33	24.000	800.26	0.0012496	275.88	305.87	1.2742	0.91171	2.1918	493.83	0.59034	72.361	0.088785	supercritical
330.00	24.000	791.96	0.0012627	279.23	309.53	1.2853	0.91172	2.2028	486.61	0.62197	70.973	0.087596	supercritical
331.67	24.000	783.58	0.0012762	282.58	313.21	1.2964	0.91176	2.2139	479.53	0.65458	69.612	0.086422	supercritical
333.33	24.000	775.14	0.0012901	285.95	316.91	1.3076	0.91183	2.2250	472.58	0.68819	68.276	0.085264	supercritical
335.00	24.000	766.63	0.0013044	289.32	320.63	1.3187	0.91191	2.2359	465.77	0.72278	66.966	0.084122	supercritical
336.67	24.000	758.06	0.0013192	292.70	324.36	1.3298	0.91199	2.2466	459.12	0.75831	65.682	0.082996	supercritical
338.33	24.000	749.44	0.0013343	296.09	328.12	1.3409	0.91205	2.2569	452.63	0.79476	64.422	0.081887	supercritical
340.00	24.000	740.76	0.0013500	299.49	331.89	1.3520	0.91209	2.2667	446.31	0.83207	63.188	0.080795	supercritical
341.67	24.000	732.03	0.0013661	302.89	335.67	1.3631	0.91210	2.2759	440.16	0.87019	61.980	0.079720	supercritical
343.33	24.000	723.26	0.0013826	306.29	339.47	1.3742	0.91206	2.2843	434.19	0.90903	60.797	0.078662	supercritical
345.00	24.000	714.46	0.0013996	309.69	343.28	1.3853	0.91198	2.2919	428.41	0.94852	59.641	0.077623	supercritical
346.67	24.000	705.64	0.0014172	313.10	347.11	1.3964	0.91186	2.2985	422.82	0.98858	58.510	0.076601	supercritical
348.33	24.000	696.80	0.0014351	316.50	350.95	1.4074	0.91169	2.3039	417.42	1.0291	57.407	0.075599	supercritical
350.00	24.000	687.96	0.0014536	319.90	354.79	1.4184	0.91147	2.3082	412.22	1.0700	56.331	0.074615	supercritical
351.67	24.000	679.12	0.0014725	323.30	358.64	1.4294	0.91122	2.3112	407.22	1.1112	55.283	0.073650	supercritical
353.33	24.000	670.30	0.0014919	326.69	362.49	1.4403	0.91093	2.3130	402.42	1.1526	54.262	0.072705	supercritical
355.00	24.000	661.50	0.0015117	330.07	366.35	1.4512	0.91060	2.3133	397.82	1.1941	53.270	0.071781	supercritical
356.67	24.000	652.74	0.0015320	333.43	370.20	1.4620	0.91026	2.3124	393.41	1.2356	52.307	0.070876	supercritical
358.33	24.000	644.03	0.0015527	336.79	374.06	1.4728	0.90989	2.3101	389.21	1.2770	51.372	0.069991	supercritical
360.00	24.000	635.37	0.0015739	340.13	377.90	1.4835	0.90950	2.3064	385.20	1.3181	50.467	0.069128	supercritical
361.67	24.000	626.78	0.0015954	343.45	381.74	1.4942	0.90911	2.3014	381.39	1.3590	49.591	0.068284	supercritical
363.33	24.000	618.27	0.0016174	346.76	385.57	1.5047	0.90870	2.2951	377.77	1.3994	48.743	0.067461	supercritical
365.00	24.000	609.85	0.0016397	350.04	389.39	1.5152	0.90828	2.2876	374.35	1.4393	47.925	0.066659	supercritical
366.67	24.000	601.52	0.0016624	353.30	393.20	1.5256	0.90785	2.2788	371.12	1.4786	47.136	0.065878	supercritical
368.33	24.000	593.30	0.0016855	356.54	396.99	1.5359	0.90741	2.2689	368.07	1.5171	46.375	0.065117	supercritical
370.00	24.000	585.19	0.0017088	359.75	400.76	1.5462	0.90696	2.2580	365.22	1.5549	45.643	0.064376	supercritical
371.67	24.000	577.20	0.0017325	362.93	404.51	1.5563	0.90650	2.2460	362.54	1.5917	44.938	0.063656	supercritical
373.33	24.000	569.34	0.0017564	366.09	408.25	1.5663	0.90602	2.2331	360.04	1.6276	44.262	0.062955	supercritical
375.00	24.000	561.60	0.0017806	369.22	411.96	1.5762	0.90552	2.2194	357.71	1.6624	43.612	0.062275	supercritical
376.67	24.000	554.00	0.0018051	372.32	415.64	1.5860	0.90501	2.2049	355.55	1.6961	42.989	0.061614	supercritical
378.33	24.000	546.54	0.0018297	375.39	419.31	1.5957	0.90448	2.1896	353.54	1.7287	42.392	0.060973	supercritical
380.00	24.000	539.22	0.0018545	378.43	422.94	1.6053	0.90393	2.1738	351.69	1.7600	41.821	0.060350	supercritical
381.67	24.000	532.05	0.0018795	381.44	426.55	1.6148	0.90337	2.1573	349.98	1.7901	41.274	0.059747	supercritical
383.33	24.000	525.03	0.0019046	384.42	430.13	1.6242	0.90278	2.1404	348.42	1.8188	40.750	0.059162	supercritical
385.00	24.000	518.16	0.0019299	387.37	433.69	1.6334	0.90218	2.1231	346.98	1.8463	40.250	0.058595	supercritical
386.67	24.000	511.43	0.0019553	390.28	437.21	1.6425	0.90157	2.1054	345.67	1.8724	39.773	0.058046	supercritical
388.33	24.000	504.86	0.0019807	393.17	440.70	1.6516	0.90094	2.0874	344.49	1.8971	39.317	0.057515	supercritical
390.00	24.000	498.44	0.0020063	396.02	444.17	1.6605	0.90031	2.0692	343.41	1.9204	38.882	0.057001	supercritical
391.67	24.000	492.16	0.0020319	398.84	447.60	1.6693	0.89966	2.0509	342.45	1.9423	38.467	0.056505	supercritical
393.33	24.000	486.04	0.0020575	401.62	451.00	1.6779	0.89901	2.0324	341.58	1.9629	38.072	0.056025	supercritical
395.00	24.000	480.06	0.0020831	404.38	454.38	1.6865	0.89836	2.0140	340.81	1.9822	37.695	0.055561	supercritical
396.67	24.000	474.22	0.0021087	407.11	457.72	1.6949	0.89770	1.9956	340.13	2.0000	37.336	0.055113	supercritical
398.33	24.000	468.53	0.0021343	409.80	461.03	1.7032	0.89705	1.9773	339.54	2.0166	36.994	0.054681	supercritical
400.00	24.000	462.97	0.0021600	412.47	464.31	1.7115	0.89640	1.9591	339.02	2.0319	36.668	0.054264	supercritical
401.67	24.000	457.56	0.0021855	415.11	467.56	1.7196	0.89576	1.9410	338.58	2.0460	36.358	0.053862	supercritical
403.33	24.000	452.28	0.0022110	417.71	470.78	1.7276	0.89512	1.9232	338.21	2.0588	36.063	0.053475	supercritical
405.00	24.000	447.12	0.0022365	420.29	473.97	1.7355	0.89449	1.9056	337.90	2.0705	35.782	0.053102	supercritical
406.67	24.000	442.10	0.0022619	422.84	477.13	1.7433	0.89388	1.8883	337.66	2.0810	35.515	0.052743	supercritical
408.33	24.000	437.20	0.0022873	425.37	480.26	1.7509	0.89327	1.8712	337.47	2.0904	35.261	0.052397	supercritical
410.00	24.000	432.43	0.0023125	427.87	483.37	1.7585	0.89269	1.8545	337.34	2.0988	35.020	0.052064	supercritical
411.67	24.000	427.77	0.0023377	430.34	486.44	1.7660	0.89211	1.8381	337.25	2.1061	34.790	0.051744	supercritical
413.33	24.000	423.23	0.0023628	432.79	489.50	1.7734	0.89156	1.8220	337.22	2.1125	34.571	0.051436	supercritical
415.00	24.000	418.80	0.0023878	435.21	492.52	1.7807	0.89102	1.8063	337.22	2.1179	34.364	0.051140	supercritical
416.67	24.000	414.47	0.0024127	437.61	495.52	1.7879	0.89049	1.7909	337.27	2.1225	34.166	0.050855	supercritical
418.33	24.000	410.26	0.0024375	439.99	498.49	1.7950	0.88999	1.7759	337.36	2.1262	33.979	0.050582	supercritical
420.00	24.000	406.14	0.0024622	442.34	501.44	1.8021	0.88951	1.7612	337.48	2.1290	33.800	0.050320	supercritical
421.67	24.000	402.12	0.0024868	444.68	504.36	1.8090	0.88905	1.7469	337.64	2.1311	33.631	0.050068	supercritical
423.33	24.000	398.20	0.0025113	446.99	507.26	1.8159	0.88860	1.7330	337.82	2.1325	33.470	0.049825	supercritical
425.00	24.000	394.37	0.0025357	449.28	510.14	1.8227	0.88818	1.7194	338.04	2.1331	33.317	0.049593	supercritical
426.67	24.000	390.63	0.0025600	451.55	512.99	1.8294	0.88778	1.7062	338.28	2.1330	33.171	0.049370	supercritical
428.33	24.000	386.98	0.0025841	453.81	515.82	1.8360	0.88741	1.6933	338.55	2.1324	33.033	0.049156	supercritical
430.00	24.000	383.41	0.0026082	456.04	518.64	1.8426	0.88705	1.6808	338.84	2.1311	32.903	0.048950	supercritical
431.67	24.000	379.93	0.0026321	458.26	521.43	1.8490	0.88671	1.6686	339.16	2.1292	32.778	0.048753	supercritical
433.33	24.000	376.52	0.0026559	460.46	524.20	1.8554	0.88640	1.6567	339.49	2.1268	32.660	0.048563	supercritical
435.00	24.000	373.19	0.0026796	462.64	526.95	1.8618	0.88611	1.6452	339.85	2.1238	32.549	0.048381	supercritical
436.67	24.000	369.93	0.0027032	464.80	529.68	1.8680	0.88584	1.6340	340.22	2.1204	32.443	0.048206	supercritical
438.33	24.000	366.74	0.0027267	466.96	532.40	1.8742	0.88559	1.6231	340.61	2.1165	32.342	0.048038	supercritical
440.00	24.000	363.62	0.0027501	469.09	535.09	1.8804	0.88536	1.6125	341.02	2.1122	32.247	0.047875	supercritical
441.67	24.000	360.57	0.0027734	471.21	537.77	1.8865	0.88515	1.6022	341.44	2.1074	32.157	0.047719	supercritical
443.33	24.000	357.59	0.0027965	473.32	540.43	1.8925	0.88497	1.5922	341.88	2.1023	32.072	0.047568	supercritical
445.00	24.000	354.67	0.0028195	475.41	543.08	1.8984	0.88480	1.5825	342.33	2.0968	31.991	0.047421	supercritical
446.67	24.000	351.81	0.0028425	477.49	545.71	1.9043	0.88465	1.5731	342.79	2.0909	31.915	0.047278	supercritical
448.33	24.000	349.00	0.0028653	479.56	548.32	1.9102	0.88453	1.5639	343.26	2.0847	31.843	0.047138	supercritical
450.00	24.000	346.26	0.0028880	481.61	550.92	1.9160	0.88442	1.5550	343.74	2.0782	31.775	0.046999	supercritical
451.67	24.000	343.57	0.0029106	483.65	553.51	1.9217	0.88433	1.5463	344.24	2.0714	31.711	0.046858	supercritical
453.33	24.000	340.93	0.0029331	485.68	556.08	1.9274	0.88427	1.5379	344.74	2.0644	31.651	0.046711	supercritical
455.00	24.000	338.35	0.0029555	487.70	558.63	1.9330	0.88422	1.5297	345.25	2.0570	31.594	0.046540	supercritical
456.67	24.000	335.81	0.0029778	489.71	561.18	1.9386	0.88419	1.5218	345.77	2.0495	31.541	0.046289	supercritical
458.33	24.000	333.33	0.0030000	491.70	563.71	1.9441	0.88417	1.5141	346.30	2.0417	31.491	0.046241	supercritical
460.00	24.000	330.89	0.0030221	493.69	566.22	1.9496	0.88418	1.5066	346.83	2.0337	31.444	0.046198	supercritical
461.67	24.000	328.50	0.0030442	495.67	568.73	1.9550	0.88420	1.4993	347.37	2.0255	31.400	0.046159	supercritical
463.33	24.000	326.15	0.0030661	497.64	571.22	1.9604	0.88424	1.4922	347.92	2.0171	31.359	0.046124	supercritical
465.00	24.000	323.85	0.0030879	499.59	573.70	1.9658	0.88430	1.4853	348.47	2.0086	31.321	0.046092	supercritical
466.67	24.000	321.59	0.0031096	501.54	576.17	1.9711	0.88437	1.4786	349.03	1.9999	31.286	0.046064	supercritical
468.33	24.000	319.37	0.0031312	503.48	578.63	1.9763	0.88446	1.4721	349.59	1.9910	31.253	0.046039	supercritical
470.00	24.000	317.19	0.0031527	505.41	581.08	1.9815	0.88456	1.4658	350.16	1.9820	31.222	0.046018	supercritical
471.67	24.000	315.04	0.0031742	507.34	583.52	1.9867	0.88468	1.4597	350.73	1.9729	31.194	0.046000	supercritical
473.33	24.000	312.94	0.0031955	509.25	585.94	1.9919	0.88482	1.4537	351.30	1.9636	31.169	0.045985	supercritical
475.00	24.000	310.87	0.0032168	511.16	588.36	1.9970	0.88497	1.4479	351.88	1.9543	31.145	0.045973	supercritical
476.67	24.000	308.84	0.0032379	513.06	590.77	2.0020	0.88513	1.4422	352.47	1.9448	31.124	0.045965	supercritical
478.33	24.000	306.84	0.0032590	514.95	593.17	2.0070	0.88531	1.4367	353.05	1.9353	31.104	0.045959	supercritical
480.00	24.000	304.88	0.0032800	516.84	595.56	2.0120	0.88550	1.4314	353.64	1.9256	31.087	0.045955	supercritical
481.67	24.000	302.94	0.0033009	518.72	597.94	2.0170	0.88570	1.4262	354.23	1.9159	31.072	0.045955	supercritical
483.33	24.000	301.04	0.0033218	520.59	600.31	2.0219	0.88592	1.4211	354.82	1.9062	31.058	0.045957	supercritical
485.00	24.000	299.17	0.0033425	522.46	602.68	2.0268	0.88615	1.4162	355.42	1.8963	31.046	0.045962	supercritical
486.67	24.000	297.33	0.0033632	524.32	605.03	2.0316	0.88639	1.4114	356.02	1.8864	31.036	0.045969	supercritical
488.33	24.000	295.52	0.0033838	526.17	607.38	2.0365	0.88664	1.4068	356.62	1.8765	31.028	0.045978	supercritical
490.00	24.000	293.74	0.0034043	528.02	609.72	2.0412	0.88691	1.4022	357.22	1.8665	31.021	0.045990	supercritical
491.67	24.000	291.99	0.0034248	529.86	612.06	2.0460	0.88719	1.3978	357.82	1.8565	31.015	0.046004	supercritical
493.33	24.000	290.26	0.0034451	531.70	614.38	2.0507	0.88748	1.3935	358.43	1.8464	31.011	0.046020	supercritical
495.00	24.000	288.56	0.0034654	533.53	616.70	2.0554	0.88778	1.3894	359.03	1.8363	31.009	0.046039	supercritical
496.67	24.000	286.89	0.0034857	535.36	619.01	2.0601	0.88809	1.3853	359.64	1.8262	31.008	0.046059	supercritical
498.33	24.000	285.24	0.0035058	537.18	621.32	2.0647	0.88841	1.3813	360.24	1.8161	31.008	0.046081	supercritical
500.00	24.000	283.62	0.0035259	539.00	623.62	2.0693	0.88874	1.3775	360.85	1.8059	31.009	0.046106	supercritical
501.67	24.000	282.02	0.0035459	540.81	625.91	2.0739	0.88908	1.3737	361.46	1.7957	31.012	0.046132	supercritical
503.33	24.000	280.44	0.0035658	542.62	628.20	2.0784	0.88943	1.3701	362.07	1.7856	31.016	0.046160	supercritical
505.00	24.000	278.88	0.0035857	544.42	630.48	2.0830	0.88979	1.3665	362.68	1.7754	31.021	0.046190	supercritical
506.67	24.000	277.35	0.0036055	546.22	632.75	2.0875	0.89016	1.3631	363.29	1.7652	31.027	0.046222	supercritical
508.33	24.000	275.84	0.0036253	548.02	635.02	2.0919	0.89053	1.3597	363.90	1.7550	31.035	0.046255	supercritical
510.00	24.000	274.35	0.0036449	549.81	637.29	2.0964	0.89092	1.3564	364.51	1.7449	31.043	0.046290	supercritical
511.67	24.000	272.88	0.0036646	551.59	639.54	2.1008	0.89131	1.3532	365.12	1.7347	31.052	0.046327	supercritical
513.33	24.000	271.44	0.0036841	553.38	641.80	2.1052	0.89172	1.3501	365.73	1.7246	31.063	0.046365	supercritical
515.00	24.000	270.01	0.0037036	555.16	644.04	2.1096	0.89213	1.3471	366.34	1.7144	31.074	0.046405	supercritical
516.67	24.000	268.60	0.0037230	556.93	646.29	2.1139	0.89254	1.3441	366.96	1.7043	31.087	0.046446	supercritical
518.33	24.000	267.21	0.0037424	558.71	648.53	2.1182	0.89297	1.3412	367.57	1.6942	31.100	0.046489	supercritical
520.00	24.000	265.84	0.0037617	560.48	650.76	2.1225	0.89340	1.3384	368.18	1.6841	31.114	0.046533	supercritical
521.67	24.000	264.48	0.0037810	562.24	652.99	2.1268	0.89384	1.3357	368.79	1.6740	31.129	0.046578	supercritical
523.33	24.000	263.15	0.0038002	564.01	655.21	2.1311	0.89429	1.3330	369.40	1.6640	31.144	0.046625	supercritical
525.00	24.000	261.83	0.0038193	565.77	657.43	2.1353	0.89474	1.3304	370.01	1.6540	31.161	0.046673	supercritical
526.67	24.000	260.53	0.0038384	567.52	659.65	2.1395	0.89520	1.3279	370.61	1.6440	31.178	0.046723	supercritical
528.33	24.000	259.24	0.0038574	569.28	661.86	2.1437	0.89567	1.3254	371.22	1.6341	31.196	0.046774	supercritical
530.00	24.000	257.97	0.0038764	571.03	664.06	2.1479	0.89614	1.3230	371.83	1.6241	31.215	0.046826	supercritical
531.67	24.000	256.72	0.0038953	572.78	666.27	2.1520	0.89662	1.3207	372.44	1.6142	31.235	0.046879	supercritical
533.33	24.000	255.48	0.0039142	574.53	668.47	2.1562	0.89711	1.3184	373.04	1.6044	31.255	0.046933	supercritical
535.00	24.000	254.26	0.0039330	576.27	670.66	2.1603	0.89760	1.3162	373.65	1.5946	31.276	0.046988	supercritical
536.67	24.000	253.05	0.0039518	578.01	672.85	2.1644	0.89809	1.3140	374.26	1.5848	31.297	0.047045	supercritical
538.33	24.000	251.86	0.0039705	579.75	675.04	2.1684	0.89860	1.3119	374.86	1.5750	31.319	0.047103	supercritical
540.00	24.000	250.68	0.0039891	581.49	677.23	2.1725	0.89910	1.3098	375.47	1.5653	31.342	0.047161	supercritical
541.67	24.000	249.52	0.0040077	583.22	679.41	2.1765	0.89961	1.3078	376.07	1.5556	31.365	0.047221	supercritical
543.33	24.000	248.37	0.0040263	584.95	681.59	2.1805	0.90013	1.3059	376.67	1.5460	31.389	0.047282	supercritical
545.00	24.000	247.23	0.0040448	586.68	683.76	2.1845	0.90065	1.3040	377.27	1.5364	31.413	0.047343	supercritical
546.67	24.000	246.10	0.0040633	588.41	685.93	2.1885	0.90118	1.3021	377.87	1.5269	31.438	0.047406	supercritical
548.33	24.000	244.99	0.0040817	590.14	688.10	2.1925	0.90171	1.3003	378.47	1.5174	31.464	0.047470	supercritical
550.00	24.000	243.90	0.0041001	591.86	690.27	2.1964	0.90224	1.2986	379.07	1.5079	31.490	0.047534	supercritical
551.67	24.000	242.81	0.0041185	593.59	692.43	2.2003	0.90278	1.2968	379.67	1.4985	31.516	0.047600	supercritical
553.33	24.000	241.74	0.0041367	595.31	694.59	2.2043	0.90332	1.2952	380.27	1.4891	31.543	0.047666	supercritical
555.00	24.000	240.67	0.0041550	597.03	696.75	2.2081	0.90387	1.2935	380.86	1.4798	31.571	0.047733	supercritical
556.67	24.000	239.62	0.0041732	598.74	698.90	2.2120	0.90442	1.2919	381.46	1.4705	31.599	0.047801	supercritical
558.33	24.000	238.59	0.0041914	600.46	701.05	2.2159	0.90498	1.2904	382.05	1.4612	31.627	0.047870	supercritical
560.00	24.000	237.56	0.0042095	602.18	703.20	2.2197	0.90553	1.2889	382.65	1.4520	31.656	0.047940	supercritical
561.67	24.000	236.54	0.0042276	603.89	705.35	2.2236	0.90610	1.2874	383.24	1.4429	31.685	0.048010	supercritical
563.33	24.000	235.54	0.0042456	605.60	707.49	2.2274	0.90666	1.2860	383.83	1.4338	31.715	0.048081	supercritical
565.00	24.000	234.54	0.0042636	607.31	709.64	2.2312	0.90723	1.2846	384.42	1.4247	31.745	0.048153	supercritical
566.67	24.000	233.56	0.0042815	609.02	711.78	2.2349	0.90780	1.2832	385.01	1.4157	31.775	0.048226	supercritical
568.33	24.000	232.59	0.0042995	610.73	713.91	2.2387	0.90838	1.2819	385.60	1.4068	31.806	0.048299	supercritical
570.00	24.000	231.62	0.0043173	612.43	716.05	2.2425	0.90895	1.2806	386.18	1.3979	31.837	0.048374	supercritical
571.67	24.000	230.67	0.0043352	614.14	718.18	2.2462	0.90953	1.2793	386.77	1.3890	31.869	0.048448	supercritical
573.33	24.000	229.73	0.0043530	615.84	720.31	2.2499	0.91012	1.2781	387.36	1.3802	31.901	0.048524	supercritical
575.00	24.000	228.79	0.0043707	617.54	722.44	2.2536	0.91070	1.2769	387.94	1.3714	31.933	0.048600	supercritical
576.67	24.000	227.87	0.0043885	619.25	724.57	2.2573	0.91129	1.2758	388.52	1.3627	31.966	0.048677	supercritical
578.33	24.000	226.96	0.0044062	620.95	726.69	2.2610	0.91188	1.2746	389.10	1.3540	31.999	0.048755	supercritical
580.00	24.000	226.05	0.0044238	622.65	728.82	2.2647	0.91248	1.2735	389.68	1.3454	32.032	0.048833	supercritical
581.67	24.000	225.15	0.0044414	624.35	730.94	2.2683	0.91307	1.2724	390.26	1.3369	32.065	0.048911	supercritical
583.33	24.000	224.27	0.0044590	626.04	733.06	2.2720	0.91367	1.2714	390.84	1.3283	32.099	0.048991	supercritical
585.00	24.000	223.39	0.0044766	627.74	735.18	2.2756	0.91427	1.2704	391.42	1.3199	32.133	0.049071	supercritical
586.67	24.000	222.52	0.0044941	629.44	737.29	2.2792	0.91487	1.2694	391.99	1.3114	32.168	0.049151	supercritical
588.33	24.000	221.65	0.0045115	631.13	739.41	2.2828	0.91547	1.2684	392.57	1.3031	32.203	0.049232	supercritical
590.00	24.000	220.80	0.0045290	632.83	741.52	2.2864	0.91608	1.2675	393.14	1.2947	32.238	0.049314	supercritical
591.67	24.000	219.95	0.0045464	634.52	743.63	2.2900	0.91669	1.2666	393.72	1.2865	32.273	0.049396	supercritical
593.33	24.000	219.12	0.0045638	636.21	745.74	2.2935	0.91730	1.2657	394.29	1.2782	32.308	0.049479	supercritical
595.00	24.000	218.29	0.0045811	637.91	747.85	2.2971	0.91791	1.2648	394.86	1.2701	32.344	0.049562	supercritical
596.67	24.000	217.46	0.0045985	639.60	749.96	2.3006	0.91852	1.2640	395.43	1.2619	32.380	0.049646	supercritical
598.33	24.000	216.65	0.0046157	641.29	752.07	2.3041	0.91914	1.2632	396.00	1.2538	32.416	0.049730	supercritical
600.00	24.000	215.84	0.0046330	642.98	754.17	2.3077	0.91975	1.2624	396.56	1.2458	32.453	0.049815	supercritical
601.67	24.000	215.04	0.0046502	644.67	756.27	2.3112	0.92037	1.2616	397.13	1.2378	32.489	0.049900	supercritical
603.33	24.000	214.25	0.0046674	646.36	758.38	2.3146	0.92099	1.2608	397.69	1.2299	32.526	0.049986	supercritical
605.00	24.000	213.47	0.0046846	648.05	760.48	2.3181	0.92161	1.2601	398.26	1.2220	32.563	0.050072	supercritical
606.67	24.000	212.69	0.0047017	649.74	762.58	2.3216	0.92223	1.2594	398.82	1.2142	32.601	0.050158	supercritical
608.33	24.000	211.92	0.0047188	651.42	764.68	2.3250	0.92285	1.2587	399.38	1.2064	32.638	0.050245	supercritical
610.00	24.000	211.15	0.0047359	653.11	766.77	2.3285	0.92348	1.2580	399.94	1.1986	32.676	0.050333	supercritical
611.67	24.000	210.40	0.0047529	654.80	768.87	2.3319	0.92410	1.2574	400.50	1.1909	32.714	0.050421	supercritical
613.33	24.000	209.65	0.0047699	656.49	770.96	2.3353	0.92473	1.2568	401.06	1.1833	32.752	0.050509	supercritical
615.00	24.000	208.90	0.0047869	658.17	773.06	2.3387	0.92536	1.2562	401.62	1.1757	32.790	0.050598	supercritical
616.67	24.000	208.16	0.0048039	659.86	775.15	2.3421	0.92598	1.2556	402.17	1.1681	32.829	0.050687	supercritical
618.33	24.000	207.43	0.0048208	661.54	777.24	2.3455	0.92661	1.2550	402.73	1.1606	32.867	0.050777	supercritical
620.00	24.000	206.71	0.0048377	663.23	779.33	2.3489	0.92724	1.2544	403.28	1.1531	32.906	0.050866	supercritical
621.67	24.000	205.99	0.0048546	664.91	781.42	2.3523	0.92787	1.2539	403.83	1.1457	32.945	0.050957	supercritical
623.33	24.000	205.28	0.0048715	666.60	783.51	2.3556	0.92850	1.2534	404.38	1.1383	32.984	0.051047	supercritical
625.00	24.000	204.57	0.0048883	668.28	785.60	2.3590	0.92913	1.2528	404.93	1.1310	33.024	0.051139	supercritical
626.67	24.000	203.87	0.0049051	669.97	787.69	2.3623	0.92977	1.2524	405.48	1.1237	33.063	0.051230	supercritical
628.33	24.000	203.18	0.0049219	671.65	789.78	2.3656	0.93040	1.2519	406.03	1.1165	33.103	0.051322	supercritical
630.00	24.000	202.49	0.0049386	673.34	791.86	2.3690	0.93103	1.2514	406.58	1.1093	33.143	0.051414	supercritical
631.67	24.000	201.80	0.0049553	675.02	793.95	2.3723	0.93167	1.2510	407.12	1.1021	33.183	0.051506	supercritical
633.33	24.000	201.12	0.0049720	676.70	796.03	2.3756	0.93230	1.2505	407.67	1.0950	33.223	0.051599	supercritical
635.00	24.000	200.45	0.0049887	678.39	798.12	2.3788	0.93293	1.2501	408.21	1.0880	33.263	0.051692	supercritical
636.67	24.000	199.79	0.0050054	680.07	800.20	2.3821	0.93357	1.2497	408.75	1.0809	33.303	0.051786	supercritical
638.33	24.000	199.12	0.0050220	681.75	802.28	2.3854	0.93421	1.2493	409.29	1.0740	33.344	0.051880	supercritical
640.00	24.000	198.47	0.0050386	683.44	804.36	2.3886	0.93484	1.2489	409.84	1.0670	33.384	0.051974	supercritical
641.67	24.000	197.82	0.0050552	685.12	806.45	2.3919	0.93548	1.2486	410.37	1.0602	33.425	0.052068	supercritical
643.33	24.000	197.17	0.0050717	686.80	808.53	2.3951	0.93611	1.2482	410.91	1.0533	33.466	0.052163	supercritical
645.00	24.000	196.53	0.0050883	688.49	810.61	2.3984	0.93675	1.2479	411.45	1.0465	33.507	0.052258	supercritical
646.67	24.000	195.89	0.0051048	690.17	812.69	2.4016	0.93739	1.2476	411.99	1.0398	33.548	0.052353	supercritical
648.33	24.000	195.26	0.0051213	691.85	814.77	2.4048	0.93802	1.2472	412.52	1.0330	33.589	0.052448	supercritical
650.00	24.000	194.64	0.0051377	693.54	816.84	2.4080	0.93866	1.2469	413.05	1.0264	33.631	0.052544	supercritical
651.67	24.000	194.02	0.0051542	695.22	818.92	2.4112	0.93929	1.2467	413.59	1.0197	33.672	0.052640	supercritical
653.33	24.000	193.40	0.0051706	696.90	821.00	2.4144	0.93993	1.2464	414.12	1.0131	33.714	0.052737	supercritical
655.00	24.000	192.79	0.0051870	698.59	823.08	2.4175	0.94057	1.2461	414.65	1.0066	33.755	0.052833	supercritical
656.67	24.000	192.18	0.0052034	700.27	825.15	2.4207	0.94120	1.2459	415.18	1.0001	33.797	0.052930	supercritical
658.33	24.000	191.58	0.0052197	701.96	827.23	2.4239	0.94184	1.2456	415.71	0.99361	33.839	0.053027	supercritical
660.00	24.000	190.98	0.0052361	703.64	829.30	2.4270	0.94248	1.2454	416.23	0.98719	33.881	0.053125	supercritical
661.67	24.000	190.39	0.0052524	705.32	831.38	2.4302	0.94311	1.2452	416.76	0.98080	33.923	0.053222	supercritical
663.33	24.000	189.80	0.0052687	707.01	833.46	2.4333	0.94375	1.2449	417.29	0.97445	33.965	0.053320	supercritical
665.00	24.000	189.22	0.0052850	708.69	835.53	2.4364	0.94439	1.2447	417.81	0.96814	34.007	0.053418	supercritical
666.67	24.000	188.64	0.0053012	710.38	837.60	2.4395	0.94502	1.2445	418.33	0.96187	34.049	0.053517	supercritical
668.33	24.000	188.06	0.0053175	712.06	839.68	2.4426	0.94566	1.2444	418.86	0.95564	34.092	0.053615	supercritical
670.00	24.000	187.49	0.0053337	713.74	841.75	2.4457	0.94629	1.2442	419.38	0.94945	34.134	0.053714	supercritical
671.67	24.000	186.92	0.0053499	715.43	843.83	2.4488	0.94693	1.2440	419.90	0.94330	34.177	0.053813	supercritical
673.33	24.000	186.36	0.0053660	717.11	845.90	2.4519	0.94756	1.2439	420.42	0.93718	34.219	0.053912	supercritical
675.00	24.000	185.80	0.0053822	718.80	847.97	2.4550	0.94820	1.2437	420.94	0.93111	34.262	0.054012	supercritical
676.67	24.000	185.24	0.0053983	720.48	850.04	2.4580	0.94883	1.2436	421.45	0.92507	34.305	0.054112	supercritical
678.33	24.000	184.69	0.0054145	722.17	852.12	2.4611	0.94946	1.2434	421.97	0.91907	34.348	0.054211	supercritical
680.00	24.000	184.14	0.0054306	723.86	854.19	2.4642	0.95010	1.2433	422.49	0.91310	34.391	0.054311	supercritical
681.67	24.000	183.60	0.0054467	725.54	856.26	2.4672	0.95073	1.2432	423.00	0.90717	34.434	0.054412	supercritical
683.33	24.000	183.06	0.0054627	727.23	858.33	2.4702	0.95136	1.2431	423.51	0.90128	34.477	0.054512	supercritical
685.00	24.000	182.52	0.0054788	728.92	860.41	2.4733	0.95199	1.2430	424.03	0.89543	34.520	0.054613	supercritical
686.67	24.000	181.99	0.0054948	730.60	862.48	2.4763	0.95262	1.2429	424.54	0.88961	34.563	0.054713	supercritical
688.33	24.000	181.46	0.0055108	732.29	864.55	2.4793	0.95325	1.2428	425.05	0.88383	34.606	0.054814	supercritical
690.00	24.000	180.94	0.0055268	733.98	866.62	2.4823	0.95388	1.2427	425.56	0.87808	34.650	0.054916	supercritical
691.67	24.000	180.41	0.0055428	735.66	868.69	2.4853	0.95451	1.2427	426.07	0.87237	34.693	0.055017	supercritical
693.33	24.000	179.90	0.0055587	737.35	870.76	2.4883	0.95514	1.2426	426.57	0.86669	34.736	0.055118	supercritical
695.00	24.000	179.38	0.0055747	739.04	872.83	2.4913	0.95577	1.2426	427.08	0.86105	34.780	0.055220	supercritical
696.67	24.000	178.87	0.0055906	740.73	874.90	2.4943	0.95640	1.2425	427.59	0.85544	34.823	0.055322	supercritical
698.33	24.000	178.36	0.0056065	742.42	876.97	2.4972	0.95702	1.2425	428.09	0.84987	34.867	0.055424	supercritical
700.00	24.000	177.86	0.0056224	744.11	879.05	2.5002	0.95765	1.2424	428.59	0.84433	34.911	0.055526	supercritical
701.67	24.000	177.36	0.0056383	745.80	881.12	2.5031	0.95828	1.2424	429.10	0.83882	34.954	0.055628	supercritical
703.33	24.000	176.86	0.0056541	747.49	883.19	2.5061	0.95890	1.2424	429.60	0.83335	34.998	0.055731	supercritical
705.00	24.000	176.37	0.0056700	749.18	885.26	2.5090	0.95953	1.2424	430.10	0.82791	35.042	0.055834	supercritical
706.67	24.000	175.88	0.0056858	750.87	887.33	2.5120	0.96015	1.2424	430.60	0.82251	35.086	0.055936	supercritical
708.33	24.000	175.39	0.0057016	752.56	889.40	2.5149	0.96077	1.2424	431.10	0.81714	35.130	0.056039	supercritical
710.00	24.000	174.90	0.0057174	754.25	891.47	2.5178	0.96139	1.2424	431.60	0.81180	35.173	0.056142	supercritical
711.67	24.000	174.42	0.0057332	755.94	893.54	2.5207	0.96202	1.2424	432.10	0.80649	35.217	0.056246	supercritical
713.33	24.000	173.94	0.0057490	757.64	895.61	2.5236	0.96264	1.2424	432.59	0.80121	35.261	0.056349	supercritical
715.00	24.000	173.47	0.0057647	759.33	897.68	2.5265	0.96326	1.2424	433.09	0.79597	35.306	0.056452	supercritical
716.67	24.000	173.00	0.0057805	761.02	899.75	2.5294	0.96387	1.2424	433.58	0.79076	35.350	0.056556	supercritical
718.33	24.000	172.53	0.0057962	762.71	901.82	2.5323	0.96449	1.2425	434.08	0.78558	35.394	0.056660	supercritical
720.00	24.000	172.06	0.0058119	764.41	903.89	2.5352	0.96511	1.2425	434.57	0.78043	35.438	0.056763	supercritical
721.67	24.000	171.60	0.0058276	766.10	905.96	2.5381	0.96573	1.2425	435.06	0.77531	35.482	0.056867	supercritical
723.33	24.000	171.14	0.0058432	767.80	908.04	2.5409	0.96634	1.2426	435.55	0.77022	35.526	0.056972	supercritical
725.00	24.000	170.68	0.0058589	769.49	910.11	2.5438	0.96696	1.2426	436.04	0.76516	35.571	0.057076	supercritical
726.67	24.000	170.23	0.0058746	771.19	912.18	2.5466	0.96757	1.2427	436.53	0.76014	35.615	0.057180	supercritical
728.33	24.000	169.77	0.0058902	772.88	914.25	2.5495	0.96818	1.2428	437.02	0.75514	35.659	0.057284	supercritical
730.00	24.000	169.32	0.0059058	774.58	916.32	2.5523	0.96880	1.2428	437.51	0.75017	35.704	0.057389	supercritical
731.67	24.000	168.88	0.0059214	776.28	918.39	2.5552	0.96941	1.2429	438.00	0.74524	35.748	0.057494	supercritical
733.33	24.000	168.44	0.0059370	777.97	920.46	2.5580	0.97002	1.2430	438.48	0.74033	35.793	0.057598	supercritical
735.00	24.000	167.99	0.0059526	779.67	922.53	2.5608	0.97063	1.2430	438.97	0.73545	35.837	0.057703	supercritical
736.67	24.000	167.56	0.0059681	781.37	924.61	2.5636	0.97124	1.2431	439.45	0.73060	35.881	0.057808	supercritical
738.33	24.000	167.12	0.0059837	783.07	926.68	2.5664	0.97184	1.2432	439.94	0.72578	35.926	0.057913	supercritical
740.00	24.000	166.69	0.0059992	784.77	928.75	2.5692	0.97245	1.2433	440.42	0.72098	35.971	0.058019	supercritical
741.67	24.000	166.26	0.0060148	786.47	930.82	2.5720	0.97305	1.2434	440.90	0.71622	36.015	0.058124	supercritical
743.33	24.000	165.83	0.0060303	788.17	932.90	2.5748	0.97366	1.2435	441.38	0.71148	36.060	0.058229	supercritical
745.00	24.000	165.40	0.0060458	789.87	934.97	2.5776	0.97426	1.2436	441.86	0.70677	36.104	0.058335	supercritical
746.67	24.000	164.98	0.0060613	791.57	937.04	2.5804	0.97487	1.2437	442.34	0.70209	36.149	0.058440	supercritical
748.33	24.000	164.56	0.0060767	793.27	939.11	2.5832	0.97547	1.2438	442.82	0.69744	36.194	0.058546	supercritical
750.00	24.000	164.14	0.0060922	794.97	941.19	2.5859	0.97607	1.2439	443.30	0.69281	36.238	0.058652	supercritical
751.67	24.000	163.73	0.0061076	796.68	943.26	2.5887	0.97667	1.2441	443.77	0.68821	36.283	0.058757	supercritical
753.33	24.000	163.32	0.0061231	798.38	945.33	2.5914	0.97727	1.2442	444.25	0.68364	36.328	0.058863	supercritical
755.00	24.000	162.91	0.0061385	800.08	947.41	2.5942	0.97786	1.2443	444.73	0.67909	36.372	0.058969	supercritical
756.67	24.000	162.50	0.0061539	801.79	949.48	2.5969	0.97846	1.2444	445.20	0.67457	36.417	0.059075	supercritical
758.33	24.000	162.09	0.0061693	803.49	951.56	2.5997	0.97905	1.2446	445.68	0.67007	36.462	0.059181	supercritical
760.00	24.000	161.69	0.0061847	805.20	953.63	2.6024	0.97965	1.2447	446.15	0.66561	36.507	0.059288	supercritical
761.67	24.000	161.29	0.0062001	806.90	955.70	2.6051	0.98024	1.2448	446.62	0.66116	36.552	0.059394	supercritical
763.33	24.000	160.89	0.0062154	808.61	957.78	2.6079	0.98083	1.2450	447.09	0.65675	36.596	0.059500	supercritical
765.00	24.000	160.49	0.0062308	810.32	959.85	2.6106	0.98143	1.2451	447.56	0.65236	36.641	0.059607	supercritical
766.67	24.000	160.10	0.0062461	812.02	961.93	2.6133	0.98202	1.2453	448.03	0.64799	36.686	0.059713	supercritical
768.33	24.000	159.71	0.0062614	813.73	964.01	2.6160	0.98260	1.2454	448.50	0.64365	36.731	0.059820	supercritical
770.00	24.000	159.32	0.0062768	815.44	966.08	2.6187	0.98319	1.2456	448.97	0.63933	36.776	0.059926	supercritical
771.67	24.000	158.93	0.0062921	817.15	968.16	2.6214	0.98378	1.2457	449.44	0.63504	36.821	0.060033	supercritical
773.33	24.000	158.55	0.0063073	818.86	970.23	2.6241	0.98437	1.2459	449.90	0.63077	36.866	0.060140	supercritical
775.00	24.000	158.16	0.0063226	820.57	972.31	2.6267	0.98495	1.2461	450.37	0.62653	36.911	0.060247	supercritical
776.67	24.000	157.78	0.0063379	822.28	974.39	2.6294	0.98553	1.2462	450.84	0.62231	36.955	0.060354	supercritical
778.33	24.000	157.40	0.0063532	823.99	976.46	2.6321	0.98612	1.2464	451.30	0.61812	37.000	0.060461	supercritical
780.00	24.000	157.03	0.0063684	825.70	978.54	2.6348	0.98670	1.2466	451.77	0.61395	37.045	0.060568	supercritical
781.67	24.000	156.65	0.0063836	827.41	980.62	2.6374	0.98728	1.2467	452.23	0.60980	37.090	0.060675	supercritical
783.33	24.000	156.28	0.0063989	829.12	982.70	2.6401	0.98786	1.2469	452.69	0.60568	37.135	0.060782	supercritical
785.00	24.000	155.91	0.0064141	830.84	984.78	2.6427	0.98843	1.2471	453.15	0.60157	37.180	0.060889	supercritical
786.67	24.000	155.54	0.0064293	832.55	986.85	2.6454	0.98901	1.2473	453.61	0.59750	37.225	0.060996	supercritical
788.33	24.000	155.17	0.0064445	834.27	988.93	2.6480	0.98959	1.2475	454.07	0.59344	37.270	0.061103	supercritical
790.00	24.000	154.81	0.0064597	835.98	991.01	2.6507	0.99016	1.2477	454.53	0.58941	37.315	0.061211	supercritical
791.67	24.000	154.44	0.0064748	837.70	993.09	2.6533	0.99073	1.2478	454.99	0.58540	37.360	0.061318	supercritical
793.33	24.000	154.08	0.0064900	839.41	995.17	2.6559	0.99130	1.2480	455.45	0.58141	37.405	0.061426	supercritical
795.00	24.000	153.72	0.0065052	841.13	997.25	2.6585	0.99188	1.2482	455.91	0.57745	37.450	0.061533	supercritical
796.67	24.000	153.37	0.0065203	842.85	999.33	2.6611	0.99245	1.2484	456.36	0.57350	37.495	0.061640	supercritical
798.33	24.000	153.01	0.0065354	844.56	1001.4	2.6637	0.99301	1.2486	456.82	0.56958	37.540	0.061748	supercritical
800.00	24.000	152.66	0.0065506	846.28	1003.5	2.6664	0.99358	1.2488	457.28	0.56568	37.585	0.061856	supercritical
801.67	24.000	152.31	0.0065657	848.00	1005.6	2.6690	0.99415	1.2490	457.73	0.56180	37.630	0.061963	supercritical
803.33	24.000	151.96	0.0065808	849.72	1007.7	2.6715	0.99471	1.2492	458.18	0.55795	37.675	0.062071	supercritical
805.00	24.000	151.61	0.0065959	851.44	1009.7	2.6741	0.99528	1.2494	458.64	0.55411	37.720	0.062179	supercritical
806.67	24.000	151.26	0.0066110	853.16	1011.8	2.6767	0.99584	1.2496	459.09	0.55030	37.765	0.062286	supercritical
808.33	24.000	150.92	0.0066260	854.88	1013.9	2.6793	0.99640	1.2498	459.54	0.54650	37.810	0.062394	supercritical
810.00	24.000	150.58	0.0066411	856.60	1016.0	2.6819	0.99696	1.2500	459.99	0.54273	37.855	0.062502	supercritical
811.67	24.000	150.24	0.0066562	858.33	1018.1	2.6844	0.99752	1.2503	460.44	0.53898	37.901	0.062610	supercritical
813.33	24.000	149.90	0.0066712	860.05	1020.2	2.6870	0.99808	1.2505	460.89	0.53525	37.946	0.062718	supercritical
815.00	24.000	149.56	0.0066862	861.77	1022.2	2.6896	0.99863	1.2507	461.34	0.53153	37.991	0.062826	supercritical
816.67	24.000	149.23	0.0067013	863.50	1024.3	2.6921	0.99919	1.2509	461.79	0.52784	38.036	0.062934	supercritical
818.33	24.000	148.89	0.0067163	865.22	1026.4	2.6947	0.99974	1.2511	462.24	0.52417	38.081	0.063041	supercritical
820.00	24.000	148.56	0.0067313	866.94	1028.5	2.6972	1.0003	1.2513	462.69	0.52052	38.126	0.063149	supercritical
821.67	24.000	148.23	0.0067463	868.67	1030.6	2.6998	1.0008	1.2516	463.13	0.51689	38.171	0.063257	supercritical
823.33	24.000	147.90	0.0067613	870.40	1032.7	2.7023	1.0014	1.2518	463.58	0.51327	38.216	0.063366	supercritical
825.00	24.000	147.57	0.0067763	872.12	1034.8	2.7048	1.0019	1.2520	464.02	0.50968	38.261	0.063474	supercritical
826.67	24.000	147.25	0.0067913	873.85	1036.8	2.7074	1.0025	1.2522	464.47	0.50611	38.306	0.063582	supercritical
828.33	24.000	146.92	0.0068062	875.58	1038.9	2.7099	1.0030	1.2525	464.91	0.50255	38.351	0.063690	supercritical
830.00	24.000	146.60	0.0068212	877.31	1041.0	2.7124	1.0036	1.2527	465.36	0.49902	38.396	0.063798	supercritical
831.67	24.000	146.28	0.0068361	879.04	1043.1	2.7149	1.0041	1.2529	465.80	0.49550	38.441	0.063906	supercritical
833.33	24.000	145.96	0.0068511	880.77	1045.2	2.7174	1.0047	1.2531	466.24	0.49200	38.486	0.064014	supercritical
835.00	24.000	145.65	0.0068660	882.50	1047.3	2.7199	1.0052	1.2534	466.68	0.48852	38.531	0.064123	supercritical
836.67	24.000	145.33	0.0068809	884.23	1049.4	2.7224	1.0058	1.2536	467.12	0.48506	38.576	0.064231	supercritical
838.33	24.000	145.02	0.0068958	885.96	1051.5	2.7249	1.0063	1.2538	467.56	0.48162	38.621	0.064339	supercritical
840.00	24.000	144.70	0.0069107	887.69	1053.6	2.7274	1.0068	1.2541	468.00	0.47819	38.666	0.064447	supercritical
841.67	24.000	144.39	0.0069256	889.43	1055.6	2.7299	1.0074	1.2543	468.44	0.47479	38.711	0.064556	supercritical
843.33	24.000	144.08	0.0069405	891.16	1057.7	2.7324	1.0079	1.2546	468.88	0.47140	38.756	0.064664	supercritical
845.00	24.000	143.77	0.0069554	892.89	1059.8	2.7349	1.0084	1.2548	469.32	0.46803	38.801	0.064772	supercritical
846.67	24.000	143.47	0.0069703	894.63	1061.9	2.7373	1.0090	1.2550	469.75	0.46467	38.846	0.064880	supercritical
848.33	24.000	143.16	0.0069851	896.36	1064.0	2.7398	1.0095	1.2553	470.19	0.46134	38.891	0.064989	supercritical
850.00	24.000	142.86	0.0070000	898.10	1066.1	2.7423	1.0100	1.2555	470.63	0.45802	38.936	0.065097	supercritical
851.67	24.000	142.55	0.0070148	899.83	1068.2	2.7447	1.0106	1.2558	471.06	0.45472	38.981	0.065205	supercritical
853.33	24.000	142.25	0.0070297	901.57	1070.3	2.7472	1.0111	1.2560	471.50	0.45143	39.026	0.065314	supercritical
855.00	24.000	141.95	0.0070445	903.31	1072.4	2.7496	1.0116	1.2563	471.93	0.44816	39.071	0.065422	supercritical
856.67	24.000	141.66	0.0070593	905.05	1074.5	2.7521	1.0122	1.2565	472.36	0.44491	39.116	0.065531	supercritical
858.33	24.000	141.36	0.0070742	906.79	1076.6	2.7545	1.0127	1.2568	472.80	0.44168	39.161	0.065639	supercritical
860.00	24.000	141.06	0.0070890	908.53	1078.7	2.7569	1.0132	1.2570	473.23	0.43846	39.206	0.065747	supercritical
861.67	24.000	140.77	0.0071038	910.27	1080.8	2.7594	1.0137	1.2573	473.66	0.43526	39.251	0.065856	supercritical
863.33	24.000	140.48	0.0071186	912.01	1082.9	2.7618	1.0142	1.2575	474.09	0.43208	39.295	0.065964	supercritical
865.00	24.000	140.19	0.0071334	913.75	1084.9	2.7642	1.0148	1.2578	474.52	0.42891	39.340	0.066073	supercritical
866.67	24.000	139.90	0.0071481	915.49	1087.0	2.7667	1.0153	1.2580	474.95	0.42576	39.385	0.066181	supercritical
868.33	24.000	139.61	0.0071629	917.23	1089.1	2.7691	1.0158	1.2583	475.38	0.42263	39.430	0.066289	supercritical
870.00	24.000	139.32	0.0071777	918.97	1091.2	2.7715	1.0163	1.2585	475.81	0.41951	39.475	0.066398	supercritical
871.67	24.000	139.03	0.0071924	920.72	1093.3	2.7739	1.0168	1.2588	476.24	0.41640	39.520	0.066506	supercritical
873.33	24.000	138.75	0.0072072	922.46	1095.4	2.7763	1.0173	1.2590	476.66	0.41331	39.565	0.066615	supercritical
875.00	24.000	138.47	0.0072219	924.21	1097.5	2.7787	1.0179	1.2593	477.09	0.41024	39.610	0.066723	supercritical
876.67	24.000	138.19	0.0072367	925.95	1099.6	2.7811	1.0184	1.2595	477.52	0.40719	39.654	0.066832	supercritical
878.33	24.000	137.90	0.0072514	927.70	1101.7	2.7835	1.0189	1.2598	477.94	0.40414	39.699	0.066940	supercritical
880.00	24.000	137.63	0.0072661	929.44	1103.8	2.7859	1.0194	1.2600	478.37	0.40112	39.744	0.067048	supercritical
881.67	24.000	137.35	0.0072808	931.19	1105.9	2.7883	1.0199	1.2603	478.79	0.39811	39.789	0.067157	supercritical
883.33	24.000	137.07	0.0072955	932.94	1108.0	2.7906	1.0204	1.2606	479.22	0.39511	39.834	0.067265	supercritical
885.00	24.000	136.79	0.0073102	934.69	1110.1	2.7930	1.0209	1.2608	479.64	0.39213	39.879	0.067374	supercritical
886.67	24.000	136.52	0.0073249	936.44	1112.2	2.7954	1.0214	1.2611	480.07	0.38916	39.923	0.067482	supercritical
888.33	24.000	136.25	0.0073396	938.19	1114.3	2.7978	1.0219	1.2613	480.49	0.38621	39.968	0.067590	supercritical
890.00	24.000	135.97	0.0073543	939.94	1116.4	2.8001	1.0224	1.2616	480.91	0.38328	40.013	0.067699	supercritical
891.67	24.000	135.70	0.0073690	941.69	1118.5	2.8025	1.0229	1.2619	481.33	0.38035	40.058	0.067807	supercritical
893.33	24.000	135.43	0.0073836	943.44	1120.6	2.8048	1.0234	1.2621	481.75	0.37745	40.102	0.067916	supercritical
895.00	24.000	135.17	0.0073983	945.19	1122.7	2.8072	1.0239	1.2624	482.17	0.37455	40.147	0.068024	supercritical
896.67	24.000	134.90	0.0074130	946.94	1124.9	2.8095	1.0244	1.2627	482.59	0.37167	40.192	0.068132	supercritical
898.33	24.000	134.63	0.0074276	948.70	1127.0	2.8119	1.0249	1.2629	483.01	0.36881	40.237	0.068241	supercritical
900.00	24.000	134.37	0.0074423	950.45	1129.1	2.8142	1.0254	1.2632	483.43	0.36596	40.281	0.068349	supercritical
901.67	24.000	134.10	0.0074569	952.20	1131.2	2.8166	1.0259	1.2634	483.85	0.36312	40.326	0.068458	supercritical
903.33	24.000	133.84	0.0074715	953.96	1133.3	2.8189	1.0264	1.2637	484.27	0.36030	40.371	0.068566	supercritical
905.00	24.000	133.58	0.0074861	955.71	1135.4	2.8212	1.0269	1.2640	484.68	0.35749	40.415	0.068674	supercritical
906.67	24.000	133.32	0.0075008	957.47	1137.5	2.8236	1.0274	1.2642	485.10	0.35469	40.460	0.068783	supercritical
908.33	24.000	133.06	0.0075154	959.23	1139.6	2.8259	1.0278	1.2645	485.52	0.35191	40.505	0.068891	supercritical
910.00	24.000	132.80	0.0075300	960.98	1141.7	2.8282	1.0283	1.2648	485.93	0.34914	40.549	0.068999	supercritical
911.67	24.000	132.55	0.0075446	962.74	1143.8	2.8305	1.0288	1.2650	486.35	0.34639	40.594	0.069107	supercritical
913.33	24.000	132.29	0.0075592	964.50	1145.9	2.8328	1.0293	1.2653	486.76	0.34365	40.638	0.069216	supercritical
915.00	24.000	132.04	0.0075737	966.26	1148.0	2.8351	1.0298	1.2656	487.18	0.34092	40.683	0.069324	supercritical
916.67	24.000	131.78	0.0075883	968.02	1150.1	2.8374	1.0303	1.2658	487.59	0.33820	40.728	0.069432	supercritical
918.33	24.000	131.53	0.0076029	969.78	1152.2	2.8397	1.0308	1.2661	488.00	0.33550	40.772	0.069540	supercritical
920.00	24.000	131.28	0.0076175	971.54	1154.4	2.8420	1.0312	1.2664	488.41	0.33281	40.817	0.069649	supercritical
921.67	24.000	131.03	0.0076320	973.30	1156.5	2.8443	1.0317	1.2667	488.83	0.33013	40.861	0.069757	supercritical
923.33	24.000	130.78	0.0076466	975.06	1158.6	2.8466	1.0322	1.2669	489.24	0.32747	40.906	0.069865	supercritical
925.00	24.000	130.53	0.0076611	976.83	1160.7	2.8489	1.0327	1.2672	489.65	0.32482	40.950	0.069973	supercritical
926.67	24.000	130.28	0.0076757	978.59	1162.8	2.8512	1.0331	1.2675	490.06	0.32218	40.995	0.070081	supercritical
928.33	24.000	130.04	0.0076902	980.35	1164.9	2.8535	1.0336	1.2677	490.47	0.31955	41.039	0.070190	supercritical
930.00	24.000	129.79	0.0077047	982.12	1167.0	2.8557	1.0341	1.2680	490.88	0.31694	41.084	0.070298	supercritical
931.67	24.000	129.55	0.0077193	983.88	1169.1	2.8580	1.0346	1.2683	491.29	0.31434	41.128	0.070406	supercritical
933.33	24.000	129.30	0.0077338	985.65	1171.3	2.8603	1.0350	1.2685	491.70	0.31175	41.173	0.070514	supercritical
935.00	24.000	129.06	0.0077483	987.41	1173.4	2.8625	1.0355	1.2688	492.10	0.30917	41.217	0.070622	supercritical
936.67	24.000	128.82	0.0077628	989.18	1175.5	2.8648	1.0360	1.2691	492.51	0.30661	41.262	0.070730	supercritical
938.33	24.000	128.58	0.0077773	990.95	1177.6	2.8670	1.0364	1.2694	492.92	0.30405	41.306	0.070838	supercritical
940.00	24.000	128.34	0.0077918	992.72	1179.7	2.8693	1.0369	1.2696	493.33	0.30151	41.350	0.070946	supercritical
941.67	24.000	128.10	0.0078063	994.48	1181.8	2.8716	1.0374	1.2699	493.73	0.29898	41.395	0.071054	supercritical
943.33	24.000	127.86	0.0078208	996.25	1184.0	2.8738	1.0378	1.2702	494.14	0.29647	41.439	0.071162	supercritical
945.00	24.000	127.63	0.0078353	998.02	1186.1	2.8760	1.0383	1.2704	494.54	0.29396	41.483	0.071270	supercritical
946.67	24.000	127.39	0.0078497	999.79	1188.2	2.8783	1.0387	1.2707	494.95	0.29147	41.528	0.071378	supercritical
948.33	24.000	127.16	0.0078642	1001.6	1190.3	2.8805	1.0392	1.2710	495.35	0.28898	41.572	0.071486	supercritical
950.00	24.000	126.93	0.0078787	1003.3	1192.4	2.8827	1.0397	1.2712	495.76	0.28651	41.616	0.071594	supercritical
951.67	24.000	126.69	0.0078931	1005.1	1194.5	2.8850	1.0401	1.2715	496.16	0.28405	41.661	0.071702	supercritical
953.33	24.000	126.46	0.0079076	1006.9	1196.7	2.8872	1.0406	1.2718	496.56	0.28160	41.705	0.071809	supercritical
955.00	24.000	126.23	0.0079220	1008.7	1198.8	2.8894	1.0410	1.2721	496.96	0.27917	41.749	0.071917	supercritical
956.67	24.000	126.00	0.0079365	1010.4	1200.9	2.8916	1.0415	1.2723	497.37	0.27674	41.793	0.072025	supercritical
958.33	24.000	125.77	0.0079509	1012.2	1203.0	2.8939	1.0419	1.2726	497.77	0.27433	41.838	0.072133	supercritical
960.00	24.000	125.54	0.0079653	1014.0	1205.1	2.8961	1.0424	1.2729	498.17	0.27192	41.882	0.072241	supercritical
961.67	24.000	125.32	0.0079798	1015.8	1207.3	2.8983	1.0428	1.2731	498.57	0.26953	41.926	0.072348	supercritical
963.33	24.000	125.09	0.0079942	1017.5	1209.4	2.9005	1.0433	1.2734	498.97	0.26715	41.970	0.072456	supercritical
965.00	24.000	124.87	0.0080086	1019.3	1211.5	2.9027	1.0437	1.2737	499.37	0.26478	42.014	0.072564	supercritical
966.67	24.000	124.64	0.0080230	1021.1	1213.6	2.9049	1.0442	1.2740	499.77	0.26242	42.059	0.072671	supercritical
968.33	24.000	124.42	0.0080374	1022.9	1215.8	2.9071	1.0446	1.2742	500.17	0.26007	42.103	0.072779	supercritical
970.00	24.000	124.20	0.0080518	1024.6	1217.9	2.9093	1.0451	1.2745	500.56	0.25773	42.147	0.072886	supercritical
971.67	24.000	123.97	0.0080662	1026.4	1220.0	2.9115	1.0455	1.2748	500.96	0.25540	42.191	0.072994	supercritical
973.33	24.000	123.75	0.0080806	1028.2	1222.1	2.9136	1.0459	1.2750	501.36	0.25308	42.235	0.073102	supercritical
975.00	24.000	123.53	0.0080950	1030.0	1224.3	2.9158	1.0464	1.2753	501.76	0.25077	42.279	0.073209	supercritical
976.67	24.000	123.31	0.0081094	1031.8	1226.4	2.9180	1.0468	1.2756	502.15	0.24847	42.323	0.073317	supercritical
978.33	24.000	123.10	0.0081237	1033.5	1228.5	2.9202	1.0473	1.2759	502.55	0.24619	42.367	0.073424	supercritical
980.00	24.000	122.88	0.0081381	1035.3	1230.6	2.9223	1.0477	1.2761	502.94	0.24391	42.411	0.073531	supercritical
981.67	24.000	122.66	0.0081525	1037.1	1232.8	2.9245	1.0481	1.2764	503.34	0.24164	42.455	0.073639	supercritical
983.33	24.000	122.45	0.0081669	1038.9	1234.9	2.9267	1.0486	1.2767	503.73	0.23939	42.499	0.073746	supercritical
985.00	24.000	122.23	0.0081812	1040.7	1237.0	2.9288	1.0490	1.2769	504.13	0.23714	42.543	0.073854	supercritical
986.67	24.000	122.02	0.0081956	1042.5	1239.1	2.9310	1.0494	1.2772	504.52	0.23490	42.587	0.073961	supercritical
988.33	24.000	121.80	0.0082099	1044.2	1241.3	2.9332	1.0499	1.2775	504.92	0.23267	42.631	0.074068	supercritical
990.00	24.000	121.59	0.0082243	1046.0	1243.4	2.9353	1.0503	1.2778	505.31	0.23046	42.675	0.074175	supercritical
991.67	24.000	121.38	0.0082386	1047.8	1245.5	2.9375	1.0507	1.2780	505.70	0.22825	42.719	0.074283	supercritical
993.33	24.000	121.17	0.0082529	1049.6	1247.7	2.9396	1.0512	1.2783	506.09	0.22605	42.763	0.074390	supercritical
995.00	24.000	120.96	0.0082673	1051.4	1249.8	2.9417	1.0516	1.2786	506.48	0.22386	42.807	0.074497	supercritical
996.67	24.000	120.75	0.0082816	1053.2	1251.9	2.9439	1.0520	1.2788	506.88	0.22168	42.851	0.074604	supercritical
998.33	24.000	120.54	0.0082959	1055.0	1254.1	2.9460	1.0524	1.2791	507.27	0.21951	42.894	0.074711	supercritical
1000.0	24.000	120.33	0.0083102	1056.7	1256.2	2.9482	1.0529	1.2794	507.66	0.21735	42.938	0.074818	supercritical
1001.7	24.000	120.13	0.0083245	1058.5	1258.3	2.9503	1.0533	1.2796	508.05	0.21520	42.982	0.074925	supercritical
1003.3	24.000	119.92	0.0083388	1060.3	1260.5	2.9524	1.0537	1.2799	508.44	0.21306	43.026	0.075032	supercritical
1005.0	24.000	119.72	0.0083531	1062.1	1262.6	2.9545	1.0541	1.2802	508.83	0.21093	43.070	0.075139	supercritical
1006.7	24.000	119.51	0.0083674	1063.9	1264.7	2.9567	1.0545	1.2805	509.21	0.20881	43.113	0.075246	supercritical
1008.3	24.000	119.31	0.0083817	1065.7	1266.9	2.9588	1.0550	1.2807	509.60	0.20670	43.157	0.075353	supercritical
1010.0	24.000	119.10	0.0083960	1067.5	1269.0	2.9609	1.0554	1.2810	509.99	0.20459	43.201	0.075460	supercritical
1011.7	24.000	118.90	0.0084103	1069.3	1271.1	2.9630	1.0558	1.2813	510.38	0.20250	43.245	0.075567	supercritical
1013.3	24.000	118.70	0.0084246	1071.1	1273.3	2.9651	1.0562	1.2815	510.77	0.20041	43.288	0.075674	supercritical
1015.0	24.000	118.50	0.0084389	1072.9	1275.4	2.9672	1.0566	1.2818	511.15	0.19833	43.332	0.075780	supercritical
1016.7	24.000	118.30	0.0084531	1074.7	1277.5	2.9693	1.0570	1.2821	511.54	0.19626	43.376	0.075887	supercritical
1018.3	24.000	118.10	0.0084674	1076.5	1279.7	2.9714	1.0574	1.2823	511.92	0.19420	43.419	0.075994	supercritical
1020.0	24.000	117.90	0.0084817	1078.2	1281.8	2.9735	1.0579	1.2826	512.31	0.19215	43.463	0.076101	supercritical
1021.7	24.000	117.70	0.0084959	1080.0	1283.9	2.9756	1.0583	1.2829	512.70	0.19011	43.507	0.076207	supercritical
1023.3	24.000	117.51	0.0085102	1081.8	1286.1	2.9777	1.0587	1.2831	513.08	0.18808	43.550	0.076314	supercritical
1025.0	24.000	117.31	0.0085244	1083.6	1288.2	2.9798	1.0591	1.2834	513.46	0.18605	43.594	0.076420	supercritical
1026.7	24.000	117.11	0.0085387	1085.4	1290.4	2.9819	1.0595	1.2837	513.85	0.18403	43.637	0.076527	supercritical
1028.3	24.000	116.92	0.0085529	1087.2	1292.5	2.9840	1.0599	1.2839	514.23	0.18203	43.681	0.076633	supercritical
1030.0	24.000	116.72	0.0085672	1089.0	1294.6	2.9860	1.0603	1.2842	514.61	0.18003	43.724	0.076740	supercritical
1031.7	24.000	116.53	0.0085814	1090.8	1296.8	2.9881	1.0607	1.2845	515.00	0.17803	43.768	0.076846	supercritical
1033.3	24.000	116.34	0.0085956	1092.6	1298.9	2.9902	1.0611	1.2847	515.38	0.17605	43.811	0.076953	supercritical
1035.0	24.000	116.15	0.0086099	1094.4	1301.1	2.9923	1.0615	1.2850	515.76	0.17408	43.855	0.077059	supercritical
1036.7	24.000	115.95	0.0086241	1096.2	1303.2	2.9943	1.0619	1.2853	516.14	0.17211	43.898	0.077165	supercritical
1038.3	24.000	115.76	0.0086383	1098.0	1305.4	2.9964	1.0623	1.2855	516.52	0.17015	43.942	0.077272	supercritical
1040.0	24.000	115.57	0.0086525	1099.8	1307.5	2.9985	1.0627	1.2858	516.91	0.16820	43.985	0.077378	supercritical
1041.7	24.000	115.38	0.0086667	1101.6	1309.6	3.0005	1.0631	1.2861	517.29	0.16626	44.029	0.077484	supercritical
1043.3	24.000	115.20	0.0086809	1103.4	1311.8	3.0026	1.0635	1.2863	517.67	0.16432	44.072	0.077590	supercritical
1045.0	24.000	115.01	0.0086951	1105.2	1313.9	3.0046	1.0639	1.2866	518.05	0.16240	44.115	0.077696	supercritical
1046.7	24.000	114.82	0.0087093	1107.0	1316.1	3.0067	1.0643	1.2868	518.42	0.16048	44.159	0.077802	supercritical
1048.3	24.000	114.63	0.0087235	1108.8	1318.2	3.0087	1.0647	1.2871	518.80	0.15857	44.202	0.077908	supercritical
1050.0	24.000	114.45	0.0087377	1110.7	1320.4	3.0108	1.0651	1.2874	519.18	0.15667	44.245	0.078014	supercritical
1051.7	24.000	114.26	0.0087519	1112.5	1322.5	3.0128	1.0655	1.2876	519.56	0.15477	44.289	0.078120	supercritical
1053.3	24.000	114.08	0.0087661	1114.3	1324.7	3.0149	1.0658	1.2879	519.94	0.15289	44.332	0.078226	supercritical
1055.0	24.000	113.89	0.0087803	1116.1	1326.8	3.0169	1.0662	1.2882	520.31	0.15101	44.375	0.078332	supercritical
1056.7	24.000	113.71	0.0087944	1117.9	1328.9	3.0189	1.0666	1.2884	520.69	0.14914	44.419	0.078438	supercritical
1058.3	24.000	113.53	0.0088086	1119.7	1331.1	3.0210	1.0670	1.2887	521.07	0.14727	44.462	0.078544	supercritical
1060.0	24.000	113.34	0.0088228	1121.5	1333.2	3.0230	1.0674	1.2889	521.44	0.14542	44.505	0.078650	supercritical
1061.7	24.000	113.16	0.0088370	1123.3	1335.4	3.0250	1.0678	1.2892	521.82	0.14357	44.548	0.078755	supercritical
1063.3	24.000	112.98	0.0088511	1125.1	1337.5	3.0270	1.0682	1.2895	522.20	0.14172	44.591	0.078861	supercritical
1065.0	24.000	112.80	0.0088653	1126.9	1339.7	3.0291	1.0685	1.2897	522.57	0.13989	44.635	0.078967	supercritical
1066.7	24.000	112.62	0.0088794	1128.7	1341.8	3.0311	1.0689	1.2900	522.95	0.13806	44.678	0.079072	supercritical
1068.3	24.000	112.44	0.0088936	1130.5	1344.0	3.0331	1.0693	1.2902	523.32	0.13624	44.721	0.079178	supercritical
1070.0	24.000	112.26	0.0089077	1132.4	1346.1	3.0351	1.0697	1.2905	523.69	0.13443	44.764	0.079284	supercritical
1071.7	24.000	112.08	0.0089219	1134.2	1348.3	3.0371	1.0701	1.2908	524.07	0.13263	44.807	0.079389	supercritical
1073.3	24.000	111.91	0.0089360	1136.0	1350.4	3.0391	1.0704	1.2910	524.44	0.13083	44.850	0.079495	supercritical
1075.0	24.000	111.73	0.0089501	1137.8	1352.6	3.0411	1.0708	1.2913	524.81	0.12904	44.893	0.079600	supercritical
1076.7	24.000	111.55	0.0089643	1139.6	1354.7	3.0431	1.0712	1.2915	525.19	0.12726	44.936	0.079705	supercritical
1078.3	24.000	111.38	0.0089784	1141.4	1356.9	3.0451	1.0716	1.2918	525.56	0.12548	44.979	0.079811	supercritical
1080.0	24.000	111.20	0.0089925	1143.2	1359.1	3.0471	1.0719	1.2920	525.93	0.12371	45.022	0.079916	supercritical
1081.7	24.000	111.03	0.0090067	1145.0	1361.2	3.0491	1.0723	1.2923	526.30	0.12195	45.065	0.080021	supercritical
1083.3	24.000	110.86	0.0090208	1146.9	1363.4	3.0511	1.0727	1.2926	526.67	0.12020	45.108	0.080127	supercritical
1085.0	24.000	110.68	0.0090349	1148.7	1365.5	3.0531	1.0731	1.2928	527.04	0.11845	45.151	0.080232	supercritical
1086.7	24.000	110.51	0.0090490	1150.5	1367.7	3.0551	1.0734	1.2931	527.42	0.11671	45.194	0.080337	supercritical
1088.3	24.000	110.34	0.0090631	1152.3	1369.8	3.0570	1.0738	1.2933	527.79	0.11497	45.237	0.080442	supercritical
1090.0	24.000	110.17	0.0090772	1154.1	1372.0	3.0590	1.0742	1.2936	528.16	0.11324	45.280	0.080547	supercritical
1091.7	24.000	110.00	0.0090913	1155.9	1374.1	3.0610	1.0745	1.2938	528.52	0.11152	45.323	0.080652	supercritical
1093.3	24.000	109.82	0.0091054	1157.8	1376.3	3.0630	1.0749	1.2941	528.89	0.10981	45.366	0.080757	supercritical
1095.0	24.000	109.66	0.0091195	1159.6	1378.4	3.0649	1.0753	1.2943	529.26	0.10810	45.409	0.080862	supercritical
1096.7	24.000	109.49	0.0091336	1161.4	1380.6	3.0669	1.0756	1.2946	529.63	0.10640	45.451	0.080967	supercritical
1098.3	24.000	109.32	0.0091477	1163.2	1382.8	3.0689	1.0760	1.2948	530.00	0.10471	45.494	0.081072	supercritical
1100.0	24.000	109.15	0.0091618	1165.0	1384.9	3.0708	1.0763	1.2951	530.37	0.10302	45.537	0.081177	supercritical
1101.7	24.000	108.98	0.0091759	1166.9	1387.1	3.0728	1.0767	1.2954	530.73	0.10134	45.580	0.081281	supercritical
1103.3	24.000	108.81	0.0091899	1168.7	1389.2	3.0748	1.0771	1.2956	531.10	0.099663	45.623	0.081386	supercritical
1105.0	24.000	108.65	0.0092040	1170.5	1391.4	3.0767	1.0774	1.2959	531.47	0.097995	45.665	0.081491	supercritical
1106.7	24.000	108.48	0.0092181	1172.3	1393.6	3.0787	1.0778	1.2961	531.83	0.096333	45.708	0.081595	supercritical
1108.3	24.000	108.32	0.0092322	1174.1	1395.7	3.0806	1.0781	1.2964	532.20	0.094678	45.751	0.081700	supercritical
1110.0	24.000	108.15	0.0092462	1176.0	1397.9	3.0826	1.0785	1.2966	532.57	0.093029	45.793	0.081804	supercritical
1111.7	24.000	107.99	0.0092603	1177.8	1400.0	3.0845	1.0788	1.2969	532.93	0.091386	45.836	0.081909	supercritical
1113.3	24.000	107.82	0.0092743	1179.6	1402.2	3.0865	1.0792	1.2971	533.30	0.089750	45.879	0.082013	supercritical
1115.0	24.000	107.66	0.0092884	1181.4	1404.4	3.0884	1.0796	1.2974	533.66	0.088120	45.921	0.082118	supercritical
1116.7	24.000	107.50	0.0093025	1183.3	1406.5	3.0903	1.0799	1.2976	534.03	0.086496	45.964	0.082222	supercritical
1118.3	24.000	107.34	0.0093165	1185.1	1408.7	3.0923	1.0803	1.2979	534.39	0.084878	46.007	0.082327	supercritical
1120.0	24.000	107.17	0.0093305	1186.9	1410.9	3.0942	1.0806	1.2981	534.75	0.083266	46.049	0.082431	supercritical
1121.7	24.000	107.01	0.0093446	1188.7	1413.0	3.0961	1.0810	1.2984	535.12	0.081661	46.092	0.082535	supercritical
1123.3	24.000	106.85	0.0093586	1190.6	1415.2	3.0981	1.0813	1.2986	535.48	0.080061	46.134	0.082639	supercritical
1125.0	24.000	106.69	0.0093727	1192.4	1417.3	3.1000	1.0817	1.2988	535.84	0.078468	46.177	0.082743	supercritical
1126.7	24.000	106.53	0.0093867	1194.2	1419.5	3.1019	1.0820	1.2991	536.20	0.076881	46.219	0.082848	supercritical
1128.3	24.000	106.37	0.0094007	1196.1	1421.7	3.1038	1.0823	1.2993	536.57	0.075299	46.262	0.082952	supercritical
1130.0	24.000	106.22	0.0094148	1197.9	1423.8	3.1058	1.0827	1.2996	536.93	0.073724	46.304	0.083056	supercritical
1131.7	24.000	106.06	0.0094288	1199.7	1426.0	3.1077	1.0830	1.2998	537.29	0.072154	46.347	0.083160	supercritical
1133.3	24.000	105.90	0.0094428	1201.5	1428.2	3.1096	1.0834	1.3001	537.65	0.070590	46.389	0.083264	supercritical
1135.0	24.000	105.74	0.0094568	1203.4	1430.3	3.1115	1.0837	1.3003	538.01	0.069032	46.432	0.083367	supercritical
1136.7	24.000	105.59	0.0094709	1205.2	1432.5	3.1134	1.0841	1.3006	538.37	0.067480	46.474	0.083471	supercritical
1138.3	24.000	105.43	0.0094849	1207.0	1434.7	3.1153	1.0844	1.3008	538.73	0.065934	46.517	0.083575	supercritical
1140.0	24.000	105.28	0.0094989	1208.9	1436.8	3.1172	1.0847	1.3011	539.09	0.064394	46.559	0.083679	supercritical
1141.7	24.000	105.12	0.0095129	1210.7	1439.0	3.1191	1.0851	1.3013	539.45	0.062859	46.601	0.083783	supercritical
1143.3	24.000	104.97	0.0095269	1212.5	1441.2	3.1210	1.0854	1.3015	539.81	0.061330	46.644	0.083886	supercritical
1145.0	24.000	104.81	0.0095409	1214.4	1443.4	3.1229	1.0858	1.3018	540.17	0.059806	46.686	0.083990	supercritical
1146.7	24.000	104.66	0.0095549	1216.2	1445.5	3.1248	1.0861	1.3020	540.53	0.058288	46.728	0.084093	supercritical
1148.3	24.000	104.51	0.0095689	1218.0	1447.7	3.1267	1.0864	1.3023	540.89	0.056776	46.771	0.084197	supercritical
1150.0	24.000	104.35	0.0095829	1219.9	1449.9	3.1286	1.0868	1.3025	541.24	0.055269	46.813	0.084301	supercritical
1151.7	24.000	104.20	0.0095969	1221.7	1452.0	3.1305	1.0871	1.3027	541.60	0.053768	46.855	0.084404	supercritical
1153.3	24.000	104.05	0.0096109	1223.5	1454.2	3.1323	1.0874	1.3030	541.96	0.052272	46.897	0.084507	supercritical
1155.0	24.000	103.90	0.0096248	1225.4	1456.4	3.1342	1.0878	1.3032	542.32	0.050782	46.939	0.084611	supercritical
1156.7	24.000	103.75	0.0096388	1227.2	1458.5	3.1361	1.0881	1.3035	542.67	0.049297	46.982	0.084714	supercritical
1158.3	24.000	103.60	0.0096528	1229.1	1460.7	3.1380	1.0884	1.3037	543.03	0.047818	47.024	0.084817	supercritical
1160.0	24.000	103.45	0.0096668	1230.9	1462.9	3.1399	1.0887	1.3039	543.39	0.046343	47.066	0.084921	supercritical
1161.7	24.000	103.30	0.0096808	1232.7	1465.1	3.1417	1.0891	1.3042	543.74	0.044875	47.108	0.085024	supercritical
1163.3	24.000	103.15	0.0096947	1234.6	1467.2	3.1436	1.0894	1.3044	544.10	0.043411	47.150	0.085127	supercritical
1165.0	24.000	103.00	0.0097087	1236.4	1469.4	3.1455	1.0897	1.3047	544.45	0.041953	47.192	0.085230	supercritical
1166.7	24.000	102.85	0.0097227	1238.2	1471.6	3.1473	1.0900	1.3049	544.81	0.040500	47.235	0.085333	supercritical
1168.3	24.000	102.70	0.0097366	1240.1	1473.8	3.1492	1.0904	1.3051	545.16	0.039053	47.277	0.085436	supercritical
1170.0	24.000	102.56	0.0097506	1241.9	1475.9	3.1511	1.0907	1.3054	545.52	0.037610	47.319	0.085539	supercritical
1171.7	24.000	102.41	0.0097646	1243.8	1478.1	3.1529	1.0910	1.3056	545.87	0.036173	47.361	0.085642	supercritical
1173.3	24.000	102.27	0.0097785	1245.6	1480.3	3.1548	1.0913	1.3058	546.22	0.034741	47.403	0.085745	supercritical
1175.0	24.000	102.12	0.0097925	1247.5	1482.5	3.1566	1.0917	1.3061	546.58	0.033314	47.445	0.085847	supercritical
1176.7	24.000	101.97	0.0098064	1249.3	1484.6	3.1585	1.0920	1.3063	546.93	0.031892	47.487	0.085950	supercritical
1178.3	24.000	101.83	0.0098204	1251.1	1486.8	3.1603	1.0923	1.3065	547.28	0.030476	47.529	0.086053	supercritical
1180.0	24.000	101.68	0.0098343	1253.0	1489.0	3.1622	1.0926	1.3068	547.64	0.029064	47.571	0.086156	supercritical
1181.7	24.000	101.54	0.0098482	1254.8	1491.2	3.1640	1.0929	1.3070	547.99	0.027657	47.613	0.086258	supercritical
1183.3	24.000	101.40	0.0098622	1256.7	1493.4	3.1659	1.0933	1.3072	548.34	0.026255	47.655	0.086361	supercritical
1185.0	24.000	101.25	0.0098761	1258.5	1495.5	3.1677	1.0936	1.3075	548.69	0.024859	47.696	0.086463	supercritical
1186.7	24.000	101.11	0.0098901	1260.4	1497.7	3.1695	1.0939	1.3077	549.04	0.023467	47.738	0.086566	supercritical
1188.3	24.000	100.97	0.0099040	1262.2	1499.9	3.1714	1.0942	1.3079	549.39	0.022080	47.780	0.086668	supercritical
1190.0	24.000	100.83	0.0099179	1264.0	1502.1	3.1732	1.0945	1.3082	549.74	0.020698	47.822	0.086771	supercritical
1191.7	24.000	100.69	0.0099319	1265.9	1504.3	3.1750	1.0948	1.3084	550.10	0.019321	47.864	0.086873	supercritical
1193.3	24.000	100.55	0.0099458	1267.7	1506.4	3.1769	1.0951	1.3086	550.45	0.017948	47.906	0.086975	supercritical
1195.0	24.000	100.40	0.0099597	1269.6	1508.6	3.1787	1.0954	1.3089	550.80	0.016581	47.948	0.087078	supercritical
1196.7	24.000	100.26	0.0099736	1271.4	1510.8	3.1805	1.0958	1.3091	551.15	0.015218	47.989	0.087180	supercritical
1198.3	24.000	100.12	0.0099875	1273.3	1513.0	3.1823	1.0961	1.3093	551.49	0.013860	48.031	0.087282	supercritical
1200.0	24.000	99.986	0.010001	1275.1	1515.2	3.1842	1.0964	1.3095	551.84	0.012507	48.073	0.087384	supercritical
1201.7	24.000	99.847	0.010015	1277.0	1517.3	3.1860	1.0967	1.3098	552.19	0.011158	48.115	0.087486	supercritical
1203.3	24.000	99.708	0.010029	1278.8	1519.5	3.1878	1.0970	1.3100	552.54	0.0098145	48.156	0.087588	supercritical
1205.0	24.000	99.570	0.010043	1280.7	1521.7	3.1896	1.0973	1.3102	552.89	0.0084753	48.198	0.087690	supercritical
1206.7	24.000	99.432	0.010057	1282.5	1523.9	3.1914	1.0976	1.3104	553.24	0.0071407	48.240	0.087792	supercritical
1208.3	24.000	99.295	0.010071	1284.4	1526.1	3.1932	1.0979	1.3107	553.58	0.0058108	48.281	0.087894	supercritical
1210.0	24.000	99.158	0.010085	1286.2	1528.3	3.1950	1.0982	1.3109	553.93	0.0044854	48.323	0.087996	supercritical
1211.7	24.000	99.022	0.010099	1288.1	1530.5	3.1968	1.0985	1.3111	554.28	0.0031646	48.365	0.088097	supercritical
1213.3	24.000	98.886	0.010113	1289.9	1532.6	3.1986	1.0988	1.3114	554.63	0.0018484	48.406	0.088199	supercritical
1215.0	24.000	98.750	0.010127	1291.8	1534.8	3.2004	1.0991	1.3116	554.97	0.00053664	48.448	0.088301	supercritical
1216.7	24.000	98.615	0.010140	1293.6	1537.0	3.2022	1.0994	1.3118	555.32	-0.00077061	48.489	0.088403	supercritical
1218.3	24.000	98.480	0.010154	1295.5	1539.2	3.2040	1.0997	1.3120	555.66	-0.0020734	48.531	0.088504	supercritical
1220.0	24.000	98.345	0.010168	1297.3	1541.4	3.2058	1.1000	1.3122	556.01	-0.0033717	48.573	0.088606	supercritical
1221.7	24.000	98.211	0.010182	1299.2	1543.6	3.2076	1.1003	1.3125	556.36	-0.0046656	48.614	0.088707	supercritical
1223.3	24.000	98.078	0.010196	1301.1	1545.8	3.2094	1.1006	1.3127	556.70	-0.0059551	48.656	0.088809	supercritical
1225.0	24.000	97.944	0.010210	1302.9	1547.9	3.2112	1.1009	1.3129	557.05	-0.0072402	48.697	0.088910	supercritical
1226.7	24.000	97.811	0.010224	1304.8	1550.1	3.2130	1.1012	1.3131	557.39	-0.0085209	48.739	0.089011	supercritical
1228.3	24.000	97.679	0.010238	1306.6	1552.3	3.2148	1.1015	1.3134	557.73	-0.0097974	48.780	0.089113	supercritical
1230.0	24.000	97.547	0.010252	1308.5	1554.5	3.2165	1.1018	1.3136	558.08	-0.011069	48.821	0.089214	supercritical
1231.7	24.000	97.415	0.010265	1310.3	1556.7	3.2183	1.1021	1.3138	558.42	-0.012337	48.863	0.089315	supercritical
1233.3	24.000	97.283	0.010279	1312.2	1558.9	3.2201	1.1024	1.3140	558.77	-0.013601	48.904	0.089416	supercritical
1235.0	24.000	97.152	0.010293	1314.0	1561.1	3.2219	1.1027	1.3142	559.11	-0.014860	48.946	0.089517	supercritical
1236.7	24.000	97.022	0.010307	1315.9	1563.3	3.2236	1.1030	1.3145	559.45	-0.016115	48.987	0.089619	supercritical
1238.3	24.000	96.891	0.010321	1317.8	1565.5	3.2254	1.1033	1.3147	559.79	-0.017366	49.028	0.089720	supercritical
1240.0	24.000	96.761	0.010335	1319.6	1567.7	3.2272	1.1035	1.3149	560.14	-0.018613	49.070	0.089821	supercritical
1241.7	24.000	96.632	0.010349	1321.5	1569.8	3.2290	1.1038	1.3151	560.48	-0.019855	49.111	0.089921	supercritical
1243.3	24.000	96.503	0.010362	1323.3	1572.0	3.2307	1.1041	1.3153	560.82	-0.021093	49.152	0.090022	supercritical
1245.0	24.000	96.374	0.010376	1325.2	1574.2	3.2325	1.1044	1.3155	561.16	-0.022328	49.194	0.090123	supercritical
1246.7	24.000	96.245	0.010390	1327.1	1576.4	3.2342	1.1047	1.3158	561.50	-0.023558	49.235	0.090224	supercritical
1248.3	24.000	96.117	0.010404	1328.9	1578.6	3.2360	1.1050	1.3160	561.85	-0.024784	49.276	0.090325	supercritical
1250.0	24.000	95.990	0.010418	1330.8	1580.8	3.2378	1.1053	1.3162	562.19	-0.026006	49.317	0.090425	supercritical
1251.7	24.000	95.862	0.010432	1332.6	1583.0	3.2395	1.1056	1.3164	562.53	-0.027224	49.359	0.090526	supercritical
1253.3	24.000	95.735	0.010445	1334.5	1585.2	3.2413	1.1058	1.3166	562.87	-0.028438	49.400	0.090627	supercritical
1255.0	24.000	95.608	0.010459	1336.4	1587.4	3.2430	1.1061	1.3168	563.21	-0.029648	49.441	0.090727	supercritical
1256.7	24.000	95.482	0.010473	1338.2	1589.6	3.2448	1.1064	1.3171	563.55	-0.030853	49.482	0.090828	supercritical
1258.3	24.000	95.356	0.010487	1340.1	1591.8	3.2465	1.1067	1.3173	563.89	-0.032055	49.523	0.090928	supercritical
1260.0	24.000	95.231	0.010501	1342.0	1594.0	3.2482	1.1070	1.3175	564.23	-0.033253	49.564	0.091029	supercritical
1261.7	24.000	95.105	0.010515	1343.8	1596.2	3.2500	1.1072	1.3177	564.56	-0.034447	49.606	0.091129	supercritical
1263.3	24.000	94.980	0.010528	1345.7	1598.4	3.2517	1.1075	1.3179	564.90	-0.035638	49.647	0.091229	supercritical
1265.0	24.000	94.856	0.010542	1347.6	1600.6	3.2535	1.1078	1.3181	565.24	-0.036824	49.688	0.091329	supercritical
1266.7	24.000	94.732	0.010556	1349.4	1602.8	3.2552	1.1081	1.3183	565.58	-0.038006	49.729	0.091430	supercritical
1268.3	24.000	94.608	0.010570	1351.3	1605.0	3.2569	1.1084	1.3185	565.92	-0.039185	49.770	0.091530	supercritical
1270.0	24.000	94.484	0.010584	1353.1	1607.2	3.2587	1.1086	1.3188	566.26	-0.040360	49.811	0.091630	supercritical
1271.7	24.000	94.361	0.010598	1355.0	1609.4	3.2604	1.1089	1.3190	566.59	-0.041531	49.852	0.091730	supercritical
1273.3	24.000	94.238	0.010611	1356.9	1611.6	3.2621	1.1092	1.3192	566.93	-0.042698	49.893	0.091830	supercritical
1275.0	24.000	94.116	0.010625	1358.8	1613.8	3.2639	1.1095	1.3194	567.27	-0.043861	49.934	0.091930	supercritical
1276.7	24.000	93.993	0.010639	1360.6	1616.0	3.2656	1.1097	1.3196	567.60	-0.045021	49.975	0.092030	supercritical
1278.3	24.000	93.871	0.010653	1362.5	1618.2	3.2673	1.1100	1.3198	567.94	-0.046177	50.016	0.092130	supercritical
1280.0	24.000	93.750	0.010667	1364.4	1620.4	3.2690	1.1103	1.3200	568.28	-0.047329	50.057	0.092230	supercritical
1281.7	24.000	93.629	0.010680	1366.2	1622.6	3.2707	1.1106	1.3202	568.61	-0.048477	50.098	0.092330	supercritical
1283.3	24.000	93.508	0.010694	1368.1	1624.8	3.2724	1.1108	1.3204	568.95	-0.049622	50.139	0.092429	supercritical
1285.0	24.000	93.387	0.010708	1370.0	1627.0	3.2742	1.1111	1.3206	569.28	-0.050763	50.180	0.092529	supercritical
1286.7	24.000	93.267	0.010722	1371.8	1629.2	3.2759	1.1114	1.3208	569.62	-0.051900	50.220	0.092629	supercritical
1288.3	24.000	93.147	0.010736	1373.7	1631.4	3.2776	1.1116	1.3210	569.95	-0.053034	50.261	0.092728	supercritical
1290.0	24.000	93.028	0.010749	1375.6	1633.6	3.2793	1.1119	1.3213	570.29	-0.054165	50.302	0.092828	supercritical
1291.7	24.000	92.909	0.010763	1377.4	1635.8	3.2810	1.1122	1.3215	570.62	-0.055291	50.343	0.092927	supercritical
1293.3	24.000	92.790	0.010777	1379.3	1638.0	3.2827	1.1124	1.3217	570.96	-0.056414	50.384	0.093027	supercritical
1295.0	24.000	92.671	0.010791	1381.2	1640.2	3.2844	1.1127	1.3219	571.29	-0.057534	50.425	0.093126	supercritical
1296.7	24.000	92.553	0.010805	1383.1	1642.4	3.2861	1.1130	1.3221	571.63	-0.058650	50.465	0.093225	supercritical
1298.3	24.000	92.435	0.010818	1384.9	1644.6	3.2878	1.1132	1.3223	571.96	-0.059762	50.506	0.093325	supercritical
1300.0	24.000	92.317	0.010832	1386.8	1646.8	3.2895	1.1135	1.3225	572.29	-0.060871	50.547	0.093424	supercritical