Temperature (K)	Pressure (MPa)	Density (kg/m3)	Volume (m3/kg)	Internal Energy (kJ/kg)	Enthalpy (kJ/kg)	Entropy (J/g*K)	Cv (J/g*K)	Cp (J/g*K)	Sound Spd. (m/s)	Joule-Thomson (K/MPa)	Viscosity (uPa*s)	Therm. Cond. (W/m*K)	Phase
300.00	25.000	935.42	0.0010690	219.19	245.92	1.0797	0.91623	2.0008	640.35	0.16903	102.01	0.11229	liquid
301.67	25.000	928.55	0.0010769	222.34	249.26	1.0908	0.91578	2.0084	631.97	0.18518	100.08	0.11089	liquid
303.33	25.000	921.62	0.0010850	225.49	252.62	1.1019	0.91536	2.0162	623.64	0.20191	98.197	0.10951	liquid
305.00	25.000	914.62	0.0010933	228.65	255.98	1.1130	0.91497	2.0242	615.36	0.21925	96.352	0.10814	supercritical
306.67	25.000	907.57	0.0011018	231.82	259.36	1.1240	0.91460	2.0325	607.15	0.23722	94.544	0.10678	supercritical
308.33	25.000	900.44	0.0011106	234.99	262.76	1.1351	0.91424	2.0409	598.99	0.25585	92.774	0.10543	supercritical
310.00	25.000	893.25	0.0011195	238.18	266.17	1.1461	0.91387	2.0495	590.90	0.27515	91.040	0.10409	supercritical
311.67	25.000	886.00	0.0011287	241.37	269.59	1.1571	0.91350	2.0582	582.88	0.29513	89.340	0.10277	supercritical
313.33	25.000	878.68	0.0011381	244.57	273.03	1.1681	0.91312	2.0671	574.92	0.31583	87.674	0.10146	supercritical
315.00	25.000	871.29	0.0011477	247.79	276.48	1.1791	0.91273	2.0760	567.03	0.33725	86.040	0.10016	supercritical
316.67	25.000	863.83	0.0011576	251.01	279.95	1.1901	0.91235	2.0850	559.21	0.35941	84.439	0.098876	supercritical
318.33	25.000	856.31	0.0011678	254.23	283.43	1.2011	0.91197	2.0940	551.47	0.38232	82.868	0.097604	supercritical
320.00	25.000	848.72	0.0011782	257.47	286.93	1.2120	0.91162	2.1032	543.81	0.40599	81.328	0.096346	supercritical
321.67	25.000	841.06	0.0011890	260.72	290.44	1.2230	0.91130	2.1123	536.23	0.43045	79.817	0.095102	supercritical
323.33	25.000	833.34	0.0012000	263.97	293.97	1.2339	0.91103	2.1216	528.74	0.45570	78.335	0.093872	supercritical
325.00	25.000	825.55	0.0012113	267.23	297.51	1.2448	0.91081	2.1309	521.34	0.48177	76.881	0.092656	supercritical
326.67	25.000	817.70	0.0012229	270.50	301.07	1.2558	0.91063	2.1403	514.04	0.50866	75.455	0.091455	supercritical
328.33	25.000	809.78	0.0012349	273.77	304.65	1.2667	0.91051	2.1497	506.85	0.53639	74.056	0.090269	supercritical
330.00	25.000	801.80	0.0012472	277.06	308.24	1.2776	0.91044	2.1592	499.77	0.56498	72.684	0.089098	supercritical
331.67	25.000	793.76	0.0012598	280.35	311.84	1.2885	0.91041	2.1688	492.81	0.59442	71.337	0.087942	supercritical
333.33	25.000	785.66	0.0012728	283.65	315.47	1.2994	0.91040	2.1782	485.98	0.62472	70.016	0.086802	supercritical
335.00	25.000	777.50	0.0012862	286.95	319.10	1.3103	0.91042	2.1876	479.28	0.65587	68.721	0.085677	supercritical
336.67	25.000	769.29	0.0012999	290.26	322.76	1.3211	0.91044	2.1968	472.72	0.68785	67.451	0.084569	supercritical
338.33	25.000	761.03	0.0013140	293.58	326.43	1.3320	0.91045	2.2057	466.31	0.72064	66.206	0.083477	supercritical
340.00	25.000	752.73	0.0013285	296.90	330.11	1.3429	0.91046	2.2143	460.05	0.75420	64.986	0.082401	supercritical
341.67	25.000	744.38	0.0013434	300.22	333.81	1.3537	0.91044	2.2225	453.94	0.78849	63.791	0.081342	supercritical
343.33	25.000	735.99	0.0013587	303.55	337.52	1.3646	0.91039	2.2300	448.00	0.82345	62.621	0.080300	supercritical
345.00	25.000	727.58	0.0013744	306.88	341.24	1.3754	0.91032	2.2369	442.23	0.85901	61.475	0.079276	supercritical
346.67	25.000	719.14	0.0013906	310.21	344.97	1.3862	0.91021	2.2430	436.63	0.89510	60.356	0.078268	supercritical
348.33	25.000	710.68	0.0014071	313.54	348.72	1.3969	0.91006	2.2482	431.21	0.93165	59.261	0.077279	supercritical
350.00	25.000	702.22	0.0014241	316.87	352.47	1.4077	0.90989	2.2525	425.97	0.96858	58.193	0.076308	supercritical
351.67	25.000	693.75	0.0014414	320.19	356.22	1.4184	0.90968	2.2558	420.91	1.0058	57.150	0.075355	supercritical
353.33	25.000	685.29	0.0014592	323.51	359.99	1.4291	0.90945	2.2580	416.04	1.0433	56.134	0.074420	supercritical
355.00	25.000	676.85	0.0014774	326.81	363.75	1.4397	0.90918	2.2591	411.36	1.0808	55.144	0.073505	supercritical
356.67	25.000	668.44	0.0014960	330.12	367.52	1.4503	0.90890	2.2590	406.85	1.1185	54.181	0.072608	supercritical
358.33	25.000	660.06	0.0015150	333.40	371.28	1.4608	0.90860	2.2578	402.54	1.1561	53.245	0.071731	supercritical
360.00	25.000	651.72	0.0015344	336.68	375.04	1.4713	0.90829	2.2554	398.41	1.1936	52.336	0.070874	supercritical
361.67	25.000	643.44	0.0015542	339.94	378.80	1.4817	0.90796	2.2520	394.46	1.2309	51.454	0.070035	supercritical
363.33	25.000	635.22	0.0015743	343.19	382.55	1.4920	0.90763	2.2474	390.69	1.2679	50.599	0.069217	supercritical
365.00	25.000	627.06	0.0015947	346.42	386.29	1.5023	0.90728	2.2417	387.11	1.3046	49.772	0.068418	supercritical
366.67	25.000	618.99	0.0016155	349.63	390.02	1.5125	0.90693	2.2350	383.70	1.3409	48.971	0.067639	supercritical
368.33	25.000	611.00	0.0016367	352.82	393.74	1.5226	0.90657	2.2273	380.47	1.3766	48.197	0.066879	supercritical
370.00	25.000	603.10	0.0016581	355.99	397.44	1.5327	0.90620	2.2187	377.41	1.4118	47.450	0.066138	supercritical
371.67	25.000	595.31	0.0016798	359.14	401.13	1.5426	0.90582	2.2091	374.53	1.4463	46.730	0.065417	supercritical
373.33	25.000	587.61	0.0017018	362.26	404.81	1.5525	0.90542	2.1987	371.81	1.4800	46.035	0.064715	supercritical
375.00	25.000	580.03	0.0017241	365.36	408.46	1.5622	0.90502	2.1874	369.26	1.5130	45.366	0.064031	supercritical
376.67	25.000	572.56	0.0017465	368.43	412.10	1.5719	0.90460	2.1755	366.87	1.5451	44.722	0.063367	supercritical
378.33	25.000	565.21	0.0017692	371.48	415.71	1.5815	0.90417	2.1628	364.63	1.5763	44.103	0.062721	supercritical
380.00	25.000	557.99	0.0017922	374.50	419.31	1.5910	0.90373	2.1495	362.54	1.6065	43.509	0.062093	supercritical
381.67	25.000	550.89	0.0018153	377.50	422.88	1.6003	0.90327	2.1357	360.60	1.6358	42.938	0.061483	supercritical
383.33	25.000	543.92	0.0018385	380.46	426.42	1.6096	0.90279	2.1213	358.80	1.6639	42.390	0.060891	supercritical
385.00	25.000	537.08	0.0018619	383.40	429.95	1.6188	0.90230	2.1065	357.13	1.6910	41.864	0.060316	supercritical
386.67	25.000	530.37	0.0018855	386.31	433.45	1.6279	0.90179	2.0912	355.58	1.7170	41.360	0.059758	supercritical
388.33	25.000	523.80	0.0019091	389.19	436.92	1.6368	0.90128	2.0756	354.16	1.7418	40.878	0.059217	supercritical
390.00	25.000	517.36	0.0019329	392.04	440.36	1.6457	0.90075	2.0598	352.86	1.7654	40.416	0.058693	supercritical
391.67	25.000	511.06	0.0019567	394.87	443.78	1.6544	0.90021	2.0437	351.66	1.7878	39.974	0.058185	supercritical
393.33	25.000	504.89	0.0019806	397.66	447.18	1.6631	0.89966	2.0274	350.58	1.8091	39.551	0.057693	supercritical
395.00	25.000	498.86	0.0020046	400.43	450.54	1.6716	0.89911	2.0109	349.59	1.8292	39.147	0.057217	supercritical
396.67	25.000	492.95	0.0020286	403.17	453.88	1.6800	0.89855	1.9944	348.70	1.8481	38.760	0.056756	supercritical
398.33	25.000	487.19	0.0020526	405.87	457.19	1.6884	0.89800	1.9779	347.90	1.8658	38.391	0.056310	supercritical
400.00	25.000	481.55	0.0020766	408.56	460.47	1.6966	0.89744	1.9613	347.18	1.8823	38.038	0.055879	supercritical
401.67	25.000	476.04	0.0021007	411.21	463.73	1.7047	0.89688	1.9448	346.54	1.8977	37.702	0.055462	supercritical
403.33	25.000	470.66	0.0021247	413.84	466.96	1.7127	0.89633	1.9284	345.98	1.9120	37.380	0.055059	supercritical
405.00	25.000	465.40	0.0021487	416.44	470.16	1.7206	0.89578	1.9122	345.49	1.9251	37.073	0.054671	supercritical
406.67	25.000	460.26	0.0021727	419.01	473.33	1.7285	0.89524	1.8960	345.07	1.9372	36.781	0.054295	supercritical
408.33	25.000	455.25	0.0021966	421.56	476.48	1.7362	0.89470	1.8801	344.71	1.9483	36.501	0.053933	supercritical
410.00	25.000	450.35	0.0022205	424.08	479.60	1.7438	0.89418	1.8644	344.41	1.9583	36.235	0.053583	supercritical
411.67	25.000	445.56	0.0022443	426.58	482.69	1.7513	0.89367	1.8489	344.16	1.9674	35.981	0.053246	supercritical
413.33	25.000	440.89	0.0022681	429.06	485.76	1.7588	0.89316	1.8336	343.97	1.9755	35.739	0.052921	supercritical
415.00	25.000	436.33	0.0022918	431.51	488.80	1.7661	0.89268	1.8186	343.83	1.9827	35.508	0.052607	supercritical
416.67	25.000	431.87	0.0023155	433.93	491.82	1.7734	0.89220	1.8039	343.73	1.9890	35.287	0.052305	supercritical
418.33	25.000	427.52	0.0023391	436.34	494.82	1.7806	0.89175	1.7894	343.68	1.9945	35.078	0.052015	supercritical
420.00	25.000	423.27	0.0023626	438.72	497.79	1.7876	0.89131	1.7753	343.67	1.9992	34.878	0.051734	supercritical
421.67	25.000	419.11	0.0023860	441.08	500.73	1.7947	0.89088	1.7614	343.69	2.0031	34.687	0.051464	supercritical
423.33	25.000	415.05	0.0024093	443.43	503.66	1.8016	0.89047	1.7479	343.76	2.0062	34.505	0.051205	supercritical
425.00	25.000	411.09	0.0024326	445.75	506.56	1.8084	0.89008	1.7346	343.85	2.0087	34.332	0.050955	supercritical
426.67	25.000	407.21	0.0024557	448.05	509.44	1.8152	0.88971	1.7217	343.98	2.0104	34.168	0.050714	supercritical
428.33	25.000	403.42	0.0024788	450.33	512.30	1.8219	0.88936	1.7091	344.14	2.0115	34.011	0.050482	supercritical
430.00	25.000	399.72	0.0025018	452.59	515.14	1.8285	0.88902	1.6967	344.32	2.0120	33.861	0.050259	supercritical
431.67	25.000	396.09	0.0025247	454.84	517.96	1.8350	0.88871	1.6847	344.53	2.0119	33.719	0.050044	supercritical
433.33	25.000	392.55	0.0025474	457.07	520.75	1.8415	0.88841	1.6730	344.77	2.0112	33.584	0.049837	supercritical
435.00	25.000	389.08	0.0025701	459.28	523.53	1.8479	0.88813	1.6616	345.03	2.0100	33.455	0.049637	supercritical
436.67	25.000	385.69	0.0025927	461.47	526.29	1.8542	0.88788	1.6504	345.31	2.0083	33.332	0.049445	supercritical
438.33	25.000	382.38	0.0026152	463.65	529.03	1.8605	0.88764	1.6396	345.61	2.0060	33.216	0.049260	supercritical
440.00	25.000	379.13	0.0026376	465.82	531.76	1.8667	0.88742	1.6290	345.93	2.0034	33.105	0.049081	supercritical
441.67	25.000	375.95	0.0026599	467.97	534.46	1.8728	0.88722	1.6187	346.27	2.0002	33.000	0.048907	supercritical
443.33	25.000	372.84	0.0026821	470.10	537.15	1.8789	0.88704	1.6087	346.62	1.9967	32.900	0.048739	supercritical
445.00	25.000	369.79	0.0027043	472.22	539.83	1.8849	0.88687	1.5990	346.99	1.9928	32.805	0.048576	supercritical
446.67	25.000	366.80	0.0027263	474.33	542.48	1.8909	0.88673	1.5895	347.38	1.9885	32.715	0.048416	supercritical
448.33	25.000	363.88	0.0027482	476.42	545.12	1.8968	0.88661	1.5802	347.78	1.9838	32.629	0.048259	supercritical
450.00	25.000	361.01	0.0027700	478.50	547.75	1.9026	0.88650	1.5713	348.19	1.9788	32.548	0.048104	supercritical
451.67	25.000	358.20	0.0027917	480.57	550.36	1.9084	0.88641	1.5625	348.62	1.9735	32.471	0.047946	supercritical
453.33	25.000	355.45	0.0028134	482.63	552.96	1.9142	0.88634	1.5540	349.05	1.9679	32.398	0.047781	supercritical
455.00	25.000	352.75	0.0028349	484.67	555.54	1.9199	0.88629	1.5457	349.50	1.9620	32.330	0.047591	supercritical
456.67	25.000	350.10	0.0028564	486.70	558.11	1.9255	0.88625	1.5377	349.96	1.9558	32.264	0.047316	supercritical
458.33	25.000	347.50	0.0028777	488.73	560.67	1.9311	0.88624	1.5298	350.43	1.9494	32.203	0.047256	supercritical
460.00	25.000	344.95	0.0028990	490.74	563.21	1.9366	0.88624	1.5222	350.90	1.9428	32.145	0.047200	supercritical
461.67	25.000	342.45	0.0029201	492.74	565.74	1.9421	0.88625	1.5148	351.39	1.9359	32.090	0.047149	supercritical
463.33	25.000	339.99	0.0029412	494.73	568.26	1.9476	0.88628	1.5076	351.88	1.9288	32.039	0.047102	supercritical
465.00	25.000	337.58	0.0029622	496.71	570.77	1.9530	0.88633	1.5006	352.38	1.9216	31.990	0.047059	supercritical
466.67	25.000	335.22	0.0029831	498.68	573.26	1.9583	0.88640	1.4937	352.89	1.9141	31.945	0.047019	supercritical
468.33	25.000	332.89	0.0030040	500.65	575.75	1.9636	0.88648	1.4871	353.40	1.9065	31.902	0.046983	supercritical
470.00	25.000	330.61	0.0030247	502.60	578.22	1.9689	0.88657	1.4806	353.92	1.8987	31.862	0.046951	supercritical
471.67	25.000	328.37	0.0030453	504.55	580.68	1.9741	0.88668	1.4743	354.44	1.8907	31.825	0.046922	supercritical
473.33	25.000	326.17	0.0030659	506.49	583.13	1.9793	0.88680	1.4682	354.98	1.8826	31.790	0.046897	supercritical
475.00	25.000	324.00	0.0030864	508.42	585.58	1.9845	0.88694	1.4623	355.51	1.8744	31.758	0.046875	supercritical
476.67	25.000	321.87	0.0031068	510.34	588.01	1.9896	0.88709	1.4565	356.05	1.8661	31.728	0.046856	supercritical
478.33	25.000	319.78	0.0031271	512.25	590.43	1.9947	0.88726	1.4508	356.60	1.8576	31.700	0.046840	supercritical
480.00	25.000	317.72	0.0031474	514.16	592.85	1.9997	0.88744	1.4453	357.14	1.8491	31.674	0.046827	supercritical
481.67	25.000	315.70	0.0031676	516.06	595.25	2.0047	0.88763	1.4400	357.70	1.8404	31.651	0.046817	supercritical
483.33	25.000	313.71	0.0031876	517.95	597.65	2.0097	0.88783	1.4348	358.25	1.8317	31.629	0.046810	supercritical
485.00	25.000	311.75	0.0032077	519.84	600.03	2.0146	0.88805	1.4297	358.81	1.8228	31.610	0.046805	supercritical
486.67	25.000	309.83	0.0032276	521.72	602.41	2.0195	0.88828	1.4248	359.37	1.8139	31.592	0.046803	supercritical
488.33	25.000	307.93	0.0032475	523.60	604.78	2.0243	0.88852	1.4200	359.94	1.8050	31.577	0.046804	supercritical
490.00	25.000	306.07	0.0032673	525.46	607.14	2.0292	0.88878	1.4153	360.51	1.7959	31.562	0.046807	supercritical
491.67	25.000	304.23	0.0032870	527.32	609.50	2.0340	0.88904	1.4107	361.08	1.7868	31.550	0.046813	supercritical
493.33	25.000	302.42	0.0033066	529.18	611.85	2.0387	0.88932	1.4063	361.65	1.7777	31.539	0.046821	supercritical
495.00	25.000	300.64	0.0033262	531.03	614.19	2.0435	0.88960	1.4020	362.22	1.7685	31.530	0.046831	supercritical
496.67	25.000	298.89	0.0033457	532.88	616.52	2.0482	0.88990	1.3978	362.80	1.7593	31.523	0.046843	supercritical
498.33	25.000	297.16	0.0033652	534.72	618.85	2.0529	0.89021	1.3937	363.38	1.7500	31.517	0.046858	supercritical
500.00	25.000	295.46	0.0033846	536.55	621.17	2.0575	0.89052	1.3897	363.96	1.7407	31.512	0.046874	supercritical
501.67	25.000	293.78	0.0034039	538.38	623.48	2.0621	0.89085	1.3858	364.54	1.7314	31.509	0.046893	supercritical
503.33	25.000	292.13	0.0034231	540.21	625.79	2.0667	0.89119	1.3820	365.12	1.7220	31.507	0.046913	supercritical
505.00	25.000	290.50	0.0034423	542.03	628.09	2.0713	0.89153	1.3783	365.71	1.7126	31.506	0.046936	supercritical
506.67	25.000	288.90	0.0034614	543.84	630.38	2.0758	0.89189	1.3747	366.29	1.7032	31.506	0.046960	supercritical
508.33	25.000	287.32	0.0034805	545.66	632.67	2.0803	0.89225	1.3712	366.88	1.6938	31.508	0.046987	supercritical
510.00	25.000	285.76	0.0034995	547.46	634.95	2.0848	0.89262	1.3678	367.46	1.6844	31.511	0.047015	supercritical
511.67	25.000	284.22	0.0035184	549.27	637.23	2.0893	0.89300	1.3645	368.05	1.6750	31.515	0.047044	supercritical
513.33	25.000	282.70	0.0035373	551.07	639.50	2.0937	0.89339	1.3612	368.64	1.6656	31.520	0.047076	supercritical
515.00	25.000	281.21	0.0035561	552.86	641.77	2.0981	0.89379	1.3581	369.23	1.6562	31.527	0.047109	supercritical
516.67	25.000	279.73	0.0035749	554.65	644.03	2.1025	0.89420	1.3550	369.82	1.6468	31.534	0.047143	supercritical
518.33	25.000	278.28	0.0035936	556.44	646.28	2.1068	0.89461	1.3520	370.40	1.6373	31.542	0.047180	supercritical
520.00	25.000	276.84	0.0036122	558.23	648.53	2.1112	0.89503	1.3491	370.99	1.6279	31.551	0.047217	supercritical
521.67	25.000	275.42	0.0036308	560.01	650.78	2.1155	0.89546	1.3462	371.58	1.6185	31.562	0.047257	supercritical
523.33	25.000	274.02	0.0036493	561.79	653.02	2.1198	0.89589	1.3434	372.17	1.6092	31.573	0.047297	supercritical
525.00	25.000	272.64	0.0036678	563.56	655.26	2.1240	0.89633	1.3407	372.76	1.5998	31.585	0.047339	supercritical
526.67	25.000	271.28	0.0036862	565.33	657.49	2.1283	0.89678	1.3381	373.35	1.5904	31.598	0.047383	supercritical
528.33	25.000	269.93	0.0037046	567.10	659.72	2.1325	0.89723	1.3355	373.94	1.5811	31.611	0.047428	supercritical
530.00	25.000	268.61	0.0037229	568.87	661.94	2.1367	0.89769	1.3330	374.53	1.5718	31.626	0.047474	supercritical
531.67	25.000	267.29	0.0037412	570.63	664.16	2.1409	0.89816	1.3306	375.12	1.5625	31.641	0.047521	supercritical
533.33	25.000	266.00	0.0037594	572.39	666.38	2.1451	0.89863	1.3282	375.71	1.5532	31.657	0.047570	supercritical
535.00	25.000	264.72	0.0037776	574.15	668.59	2.1492	0.89911	1.3258	376.30	1.5440	31.674	0.047620	supercritical
536.67	25.000	263.45	0.0037957	575.90	670.80	2.1533	0.89959	1.3236	376.89	1.5348	31.691	0.047671	supercritical
538.33	25.000	262.21	0.0038138	577.66	673.00	2.1574	0.90008	1.3214	377.48	1.5256	31.710	0.047723	supercritical
540.00	25.000	260.97	0.0038318	579.41	675.20	2.1615	0.90058	1.3192	378.07	1.5164	31.729	0.047776	supercritical
541.67	25.000	259.75	0.0038498	581.15	677.40	2.1656	0.90107	1.3171	378.66	1.5073	31.748	0.047831	supercritical
543.33	25.000	258.55	0.0038677	582.90	679.59	2.1696	0.90158	1.3150	379.24	1.4982	31.768	0.047887	supercritical
545.00	25.000	257.36	0.0038856	584.64	681.78	2.1736	0.90209	1.3130	379.83	1.4891	31.789	0.047943	supercritical
546.67	25.000	256.18	0.0039034	586.38	683.97	2.1776	0.90260	1.3111	380.42	1.4801	31.811	0.048001	supercritical
548.33	25.000	255.02	0.0039212	588.12	686.15	2.1816	0.90312	1.3092	381.00	1.4711	31.833	0.048059	supercritical
550.00	25.000	253.87	0.0039390	589.86	688.33	2.1856	0.90365	1.3073	381.59	1.4621	31.855	0.048119	supercritical
551.67	25.000	252.74	0.0039567	591.59	690.51	2.1895	0.90417	1.3055	382.17	1.4532	31.878	0.048180	supercritical
553.33	25.000	251.61	0.0039744	593.32	692.68	2.1935	0.90470	1.3038	382.76	1.4443	31.902	0.048241	supercritical
555.00	25.000	250.50	0.0039920	595.06	694.85	2.1974	0.90524	1.3020	383.34	1.4354	31.926	0.048304	supercritical
556.67	25.000	249.40	0.0040096	596.78	697.02	2.2013	0.90578	1.3004	383.92	1.4266	31.951	0.048367	supercritical
558.33	25.000	248.32	0.0040271	598.51	699.19	2.2052	0.90632	1.2987	384.50	1.4178	31.976	0.048432	supercritical
560.00	25.000	247.24	0.0040446	600.24	701.35	2.2091	0.90687	1.2971	385.08	1.4091	32.002	0.048497	supercritical
561.67	25.000	246.18	0.0040621	601.96	703.51	2.2129	0.90742	1.2956	385.66	1.4004	32.028	0.048563	supercritical
563.33	25.000	245.13	0.0040795	603.68	705.67	2.2167	0.90798	1.2941	386.24	1.3917	32.055	0.048630	supercritical
565.00	25.000	244.09	0.0040969	605.41	707.83	2.2206	0.90853	1.2926	386.82	1.3831	32.082	0.048697	supercritical
566.67	25.000	243.06	0.0041142	607.13	709.98	2.2244	0.90909	1.2911	387.40	1.3745	32.110	0.048766	supercritical
568.33	25.000	242.04	0.0041315	608.84	712.13	2.2282	0.90966	1.2897	387.98	1.3660	32.137	0.048835	supercritical
570.00	25.000	241.04	0.0041488	610.56	714.28	2.2319	0.91023	1.2884	388.55	1.3575	32.166	0.048905	supercritical
571.67	25.000	240.04	0.0041660	612.28	716.43	2.2357	0.91080	1.2870	389.13	1.3490	32.195	0.048976	supercritical
573.33	25.000	239.05	0.0041832	613.99	718.57	2.2394	0.91137	1.2857	389.70	1.3406	32.224	0.049047	supercritical
575.00	25.000	238.08	0.0042003	615.70	720.71	2.2432	0.91195	1.2845	390.28	1.3322	32.253	0.049120	supercritical
576.67	25.000	237.11	0.0042174	617.41	722.85	2.2469	0.91252	1.2832	390.85	1.3239	32.283	0.049193	supercritical
578.33	25.000	236.15	0.0042345	619.13	724.99	2.2506	0.91310	1.2820	391.42	1.3156	32.314	0.049266	supercritical
580.00	25.000	235.21	0.0042516	620.84	727.12	2.2543	0.91369	1.2809	391.99	1.3074	32.344	0.049340	supercritical
581.67	25.000	234.27	0.0042686	622.54	729.26	2.2580	0.91427	1.2797	392.56	1.2992	32.375	0.049415	supercritical
583.33	25.000	233.34	0.0042856	624.25	731.39	2.2616	0.91486	1.2786	393.13	1.2910	32.407	0.049491	supercritical
585.00	25.000	232.42	0.0043025	625.96	733.52	2.2653	0.91545	1.2775	393.70	1.2829	32.438	0.049567	supercritical
586.67	25.000	231.51	0.0043194	627.66	735.65	2.2689	0.91605	1.2765	394.27	1.2748	32.470	0.049644	supercritical
588.33	25.000	230.61	0.0043363	629.37	737.78	2.2725	0.91664	1.2754	394.83	1.2668	32.503	0.049722	supercritical
590.00	25.000	229.72	0.0043531	631.07	739.90	2.2761	0.91724	1.2744	395.40	1.2588	32.535	0.049800	supercritical
591.67	25.000	228.84	0.0043699	632.77	742.02	2.2797	0.91784	1.2734	395.96	1.2509	32.568	0.049878	supercritical
593.33	25.000	227.96	0.0043867	634.48	744.14	2.2833	0.91844	1.2725	396.53	1.2430	32.602	0.049957	supercritical
595.00	25.000	227.09	0.0044035	636.18	746.26	2.2869	0.91904	1.2716	397.09	1.2351	32.635	0.050037	supercritical
596.67	25.000	226.23	0.0044202	637.88	748.38	2.2904	0.91964	1.2707	397.65	1.2273	32.669	0.050118	supercritical
598.33	25.000	225.38	0.0044369	639.58	750.50	2.2940	0.92025	1.2698	398.21	1.2196	32.703	0.050198	supercritical
600.00	25.000	224.54	0.0044535	641.28	752.62	2.2975	0.92086	1.2689	398.77	1.2118	32.737	0.050280	supercritical
601.67	25.000	223.71	0.0044702	642.98	754.73	2.3010	0.92147	1.2681	399.33	1.2042	32.772	0.050362	supercritical
603.33	25.000	222.88	0.0044868	644.67	756.84	2.3045	0.92208	1.2673	399.89	1.1965	32.806	0.050444	supercritical
605.00	25.000	222.06	0.0045033	646.37	758.95	2.3080	0.92269	1.2665	400.44	1.1889	32.842	0.050527	supercritical
606.67	25.000	221.24	0.0045199	648.07	761.06	2.3115	0.92330	1.2657	401.00	1.1814	32.877	0.050611	supercritical
608.33	25.000	220.44	0.0045364	649.76	763.17	2.3150	0.92392	1.2650	401.55	1.1739	32.912	0.050694	supercritical
610.00	25.000	219.64	0.0045529	651.46	765.28	2.3184	0.92453	1.2643	402.11	1.1664	32.948	0.050779	supercritical
611.67	25.000	218.85	0.0045693	653.15	767.39	2.3219	0.92515	1.2636	402.66	1.1590	32.984	0.050864	supercritical
613.33	25.000	218.07	0.0045858	654.85	769.49	2.3253	0.92577	1.2629	403.21	1.1516	33.020	0.050949	supercritical
615.00	25.000	217.29	0.0046022	656.54	771.60	2.3287	0.92639	1.2622	403.76	1.1443	33.057	0.051035	supercritical
616.67	25.000	216.52	0.0046185	658.24	773.70	2.3322	0.92701	1.2616	404.31	1.1370	33.093	0.051121	supercritical
618.33	25.000	215.76	0.0046349	659.93	775.80	2.3356	0.92763	1.2609	404.86	1.1298	33.130	0.051208	supercritical
620.00	25.000	215.00	0.0046512	661.62	777.90	2.3389	0.92825	1.2603	405.41	1.1226	33.167	0.051295	supercritical
621.67	25.000	214.25	0.0046675	663.32	780.00	2.3423	0.92887	1.2597	405.95	1.1154	33.204	0.051382	supercritical
623.33	25.000	213.50	0.0046838	665.01	782.10	2.3457	0.92950	1.2592	406.50	1.1083	33.242	0.051470	supercritical
625.00	25.000	212.77	0.0047000	666.70	784.20	2.3491	0.93012	1.2586	407.04	1.1012	33.279	0.051558	supercritical
626.67	25.000	212.03	0.0047162	668.39	786.30	2.3524	0.93075	1.2581	407.58	1.0942	33.317	0.051647	supercritical
628.33	25.000	211.31	0.0047324	670.08	788.39	2.3558	0.93137	1.2575	408.13	1.0872	33.355	0.051736	supercritical
630.00	25.000	210.59	0.0047486	671.78	790.49	2.3591	0.93200	1.2570	408.67	1.0803	33.393	0.051825	supercritical
631.67	25.000	209.88	0.0047647	673.47	792.58	2.3624	0.93262	1.2565	409.21	1.0734	33.431	0.051915	supercritical
633.33	25.000	209.17	0.0047808	675.16	794.68	2.3657	0.93325	1.2561	409.75	1.0665	33.470	0.052005	supercritical
635.00	25.000	208.47	0.0047969	676.85	796.77	2.3690	0.93388	1.2556	410.29	1.0597	33.508	0.052096	supercritical
636.67	25.000	207.77	0.0048130	678.54	798.86	2.3723	0.93451	1.2551	410.82	1.0529	33.547	0.052186	supercritical
638.33	25.000	207.08	0.0048290	680.23	800.96	2.3756	0.93514	1.2547	411.36	1.0461	33.586	0.052278	supercritical
640.00	25.000	206.40	0.0048451	681.92	803.05	2.3789	0.93577	1.2543	411.89	1.0394	33.625	0.052369	supercritical
641.67	25.000	205.72	0.0048611	683.61	805.14	2.3821	0.93639	1.2539	412.43	1.0328	33.664	0.052461	supercritical
643.33	25.000	205.04	0.0048770	685.30	807.23	2.3854	0.93702	1.2535	412.96	1.0262	33.704	0.052553	supercritical
645.00	25.000	204.37	0.0048930	686.99	809.31	2.3886	0.93765	1.2531	413.49	1.0196	33.743	0.052646	supercritical
646.67	25.000	203.71	0.0049089	688.68	811.40	2.3919	0.93828	1.2527	414.02	1.0130	33.783	0.052738	supercritical
648.33	25.000	203.05	0.0049248	690.37	813.49	2.3951	0.93891	1.2524	414.55	1.0065	33.822	0.052832	supercritical
650.00	25.000	202.40	0.0049407	692.06	815.58	2.3983	0.93954	1.2520	415.08	1.0001	33.862	0.052925	supercritical
651.67	25.000	201.75	0.0049566	693.75	817.66	2.4015	0.94017	1.2517	415.61	0.99364	33.902	0.053019	supercritical
653.33	25.000	201.11	0.0049725	695.44	819.75	2.4047	0.94081	1.2514	416.14	0.98726	33.942	0.053113	supercritical
655.00	25.000	200.47	0.0049883	697.13	821.84	2.4079	0.94144	1.2511	416.67	0.98091	33.982	0.053207	supercritical
656.67	25.000	199.84	0.0050041	698.82	823.92	2.4111	0.94207	1.2508	417.19	0.97460	34.023	0.053301	supercritical
658.33	25.000	199.21	0.0050199	700.51	826.00	2.4142	0.94270	1.2505	417.71	0.96833	34.063	0.053396	supercritical
660.00	25.000	198.58	0.0050356	702.20	828.09	2.4174	0.94333	1.2502	418.24	0.96210	34.104	0.053491	supercritical
661.67	25.000	197.97	0.0050514	703.89	830.17	2.4205	0.94396	1.2500	418.76	0.95591	34.144	0.053587	supercritical
663.33	25.000	197.35	0.0050671	705.58	832.26	2.4237	0.94459	1.2497	419.28	0.94975	34.185	0.053682	supercritical
665.00	25.000	196.74	0.0050828	707.27	834.34	2.4268	0.94522	1.2495	419.80	0.94363	34.226	0.053778	supercritical
666.67	25.000	196.14	0.0050985	708.96	836.42	2.4300	0.94585	1.2493	420.32	0.93755	34.267	0.053875	supercritical
668.33	25.000	195.54	0.0051142	710.65	838.50	2.4331	0.94648	1.2490	420.84	0.93150	34.308	0.053971	supercritical
670.00	25.000	194.94	0.0051298	712.34	840.58	2.4362	0.94711	1.2488	421.36	0.92549	34.349	0.054068	supercritical
671.67	25.000	194.35	0.0051454	714.03	842.67	2.4393	0.94774	1.2486	421.87	0.91952	34.391	0.054164	supercritical
673.33	25.000	193.76	0.0051610	715.72	844.75	2.4424	0.94837	1.2484	422.39	0.91358	34.432	0.054262	supercritical
675.00	25.000	193.18	0.0051766	717.41	846.83	2.4455	0.94899	1.2483	422.90	0.90768	34.474	0.054359	supercritical
676.67	25.000	192.60	0.0051922	719.10	848.91	2.4485	0.94962	1.2481	423.42	0.90182	34.515	0.054456	supercritical
678.33	25.000	192.02	0.0052077	720.79	850.99	2.4516	0.95025	1.2479	423.93	0.89599	34.557	0.054554	supercritical
680.00	25.000	191.45	0.0052233	722.48	853.07	2.4547	0.95088	1.2478	424.44	0.89020	34.598	0.054652	supercritical
681.67	25.000	190.88	0.0052388	724.18	855.15	2.4577	0.95151	1.2476	424.95	0.88444	34.640	0.054750	supercritical
683.33	25.000	190.32	0.0052543	725.87	857.23	2.4608	0.95213	1.2475	425.46	0.87871	34.682	0.054849	supercritical
685.00	25.000	189.76	0.0052698	727.56	859.30	2.4638	0.95276	1.2474	425.97	0.87302	34.724	0.054948	supercritical
686.67	25.000	189.21	0.0052852	729.25	861.38	2.4668	0.95339	1.2472	426.48	0.86736	34.766	0.055046	supercritical
688.33	25.000	188.66	0.0053007	730.94	863.46	2.4699	0.95401	1.2471	426.99	0.86174	34.808	0.055145	supercritical
690.00	25.000	188.11	0.0053161	732.64	865.54	2.4729	0.95464	1.2470	427.49	0.85615	34.850	0.055245	supercritical
691.67	25.000	187.56	0.0053315	734.33	867.62	2.4759	0.95526	1.2469	428.00	0.85060	34.893	0.055344	supercritical
693.33	25.000	187.02	0.0053469	736.02	869.70	2.4789	0.95588	1.2468	428.50	0.84508	34.935	0.055444	supercritical
695.00	25.000	186.49	0.0053623	737.72	871.77	2.4819	0.95651	1.2467	429.01	0.83959	34.977	0.055543	supercritical
696.67	25.000	185.95	0.0053777	739.41	873.85	2.4849	0.95713	1.2467	429.51	0.83414	35.020	0.055643	supercritical
698.33	25.000	185.43	0.0053930	741.11	875.93	2.4879	0.95775	1.2466	430.01	0.82871	35.062	0.055744	supercritical
700.00	25.000	184.90	0.0054083	742.80	878.01	2.4908	0.95837	1.2465	430.51	0.82332	35.105	0.055844	supercritical
701.67	25.000	184.38	0.0054236	744.49	880.09	2.4938	0.95900	1.2465	431.01	0.81796	35.147	0.055944	supercritical
703.33	25.000	183.86	0.0054389	746.19	882.16	2.4967	0.95962	1.2464	431.51	0.81264	35.190	0.056045	supercritical
705.00	25.000	183.34	0.0054542	747.88	884.24	2.4997	0.96024	1.2464	432.01	0.80734	35.233	0.056146	supercritical
706.67	25.000	182.83	0.0054695	749.58	886.32	2.5026	0.96086	1.2463	432.51	0.80208	35.276	0.056247	supercritical
708.33	25.000	182.32	0.0054847	751.28	888.39	2.5056	0.96147	1.2463	433.00	0.79685	35.319	0.056348	supercritical
710.00	25.000	181.82	0.0055000	752.97	890.47	2.5085	0.96209	1.2463	433.50	0.79165	35.362	0.056449	supercritical
711.67	25.000	181.32	0.0055152	754.67	892.55	2.5114	0.96271	1.2463	433.99	0.78648	35.405	0.056551	supercritical
713.33	25.000	180.82	0.0055304	756.37	894.63	2.5143	0.96332	1.2463	434.49	0.78134	35.448	0.056652	supercritical
715.00	25.000	180.32	0.0055456	758.06	896.70	2.5172	0.96394	1.2463	434.98	0.77623	35.491	0.056754	supercritical
716.67	25.000	179.83	0.0055607	759.76	898.78	2.5202	0.96455	1.2463	435.47	0.77116	35.534	0.056856	supercritical
718.33	25.000	179.34	0.0055759	761.46	900.86	2.5230	0.96517	1.2463	435.96	0.76611	35.577	0.056958	supercritical
720.00	25.000	178.86	0.0055911	763.16	902.93	2.5259	0.96578	1.2463	436.45	0.76109	35.620	0.057060	supercritical
721.67	25.000	178.37	0.0056062	764.86	905.01	2.5288	0.96639	1.2463	436.94	0.75610	35.663	0.057163	supercritical
723.33	25.000	177.89	0.0056213	766.56	907.09	2.5317	0.96701	1.2463	437.43	0.75114	35.707	0.057265	supercritical
725.00	25.000	177.42	0.0056364	768.26	909.17	2.5346	0.96762	1.2463	437.92	0.74621	35.750	0.057368	supercritical
726.67	25.000	176.94	0.0056515	769.96	911.24	2.5374	0.96823	1.2464	438.41	0.74131	35.793	0.057470	supercritical
728.33	25.000	176.47	0.0056666	771.66	913.32	2.5403	0.96884	1.2464	438.89	0.73644	35.837	0.057573	supercritical
730.00	25.000	176.01	0.0056816	773.36	915.40	2.5431	0.96944	1.2465	439.38	0.73159	35.880	0.057676	supercritical
731.67	25.000	175.54	0.0056967	775.06	917.48	2.5460	0.97005	1.2465	439.86	0.72678	35.924	0.057779	supercritical
733.33	25.000	175.08	0.0057117	776.76	919.55	2.5488	0.97066	1.2465	440.35	0.72199	35.967	0.057883	supercritical
735.00	25.000	174.62	0.0057267	778.46	921.63	2.5516	0.97126	1.2466	440.83	0.71723	36.011	0.057986	supercritical
736.67	25.000	174.16	0.0057417	780.16	923.71	2.5545	0.97187	1.2467	441.31	0.71250	36.055	0.058089	supercritical
738.33	25.000	173.71	0.0057567	781.87	925.79	2.5573	0.97247	1.2467	441.79	0.70779	36.098	0.058193	supercritical
740.00	25.000	173.26	0.0057717	783.57	927.86	2.5601	0.97307	1.2468	442.27	0.70312	36.142	0.058297	supercritical
741.67	25.000	172.81	0.0057867	785.28	929.94	2.5629	0.97368	1.2469	442.75	0.69847	36.186	0.058400	supercritical
743.33	25.000	172.37	0.0058016	786.98	932.02	2.5657	0.97428	1.2470	443.23	0.69384	36.229	0.058504	supercritical
745.00	25.000	171.92	0.0058166	788.68	934.10	2.5685	0.97488	1.2470	443.71	0.68925	36.273	0.058608	supercritical
746.67	25.000	171.48	0.0058315	790.39	936.18	2.5713	0.97548	1.2471	444.19	0.68468	36.317	0.058712	supercritical
748.33	25.000	171.04	0.0058464	792.10	938.26	2.5740	0.97607	1.2472	444.66	0.68013	36.361	0.058817	supercritical
750.00	25.000	170.61	0.0058613	793.80	940.33	2.5768	0.97667	1.2473	445.14	0.67562	36.405	0.058921	supercritical
751.67	25.000	170.18	0.0058762	795.51	942.41	2.5796	0.97727	1.2474	445.61	0.67113	36.449	0.059025	supercritical
753.33	25.000	169.75	0.0058911	797.22	944.49	2.5824	0.97786	1.2475	446.09	0.66666	36.493	0.059130	supercritical
755.00	25.000	169.32	0.0059060	798.92	946.57	2.5851	0.97846	1.2476	446.56	0.66222	36.536	0.059234	supercritical
756.67	25.000	168.90	0.0059208	800.63	948.65	2.5879	0.97905	1.2477	447.03	0.65781	36.580	0.059339	supercritical
758.33	25.000	168.47	0.0059357	802.34	950.73	2.5906	0.97964	1.2478	447.50	0.65342	36.624	0.059444	supercritical
760.00	25.000	168.05	0.0059505	804.05	952.81	2.5933	0.98023	1.2480	447.98	0.64905	36.668	0.059549	supercritical
761.67	25.000	167.64	0.0059653	805.76	954.89	2.5961	0.98082	1.2481	448.45	0.64471	36.713	0.059653	supercritical
763.33	25.000	167.22	0.0059801	807.47	956.97	2.5988	0.98141	1.2482	448.92	0.64040	36.757	0.059758	supercritical
765.00	25.000	166.81	0.0059949	809.18	959.05	2.6015	0.98200	1.2483	449.38	0.63611	36.801	0.059864	supercritical
766.67	25.000	166.40	0.0060097	810.89	961.13	2.6043	0.98259	1.2484	449.85	0.63184	36.845	0.059969	supercritical
768.33	25.000	165.99	0.0060245	812.60	963.21	2.6070	0.98317	1.2486	450.32	0.62760	36.889	0.060074	supercritical
770.00	25.000	165.58	0.0060392	814.31	965.29	2.6097	0.98376	1.2487	450.79	0.62338	36.933	0.060179	supercritical
771.67	25.000	165.18	0.0060540	816.03	967.38	2.6124	0.98434	1.2489	451.25	0.61918	36.977	0.060285	supercritical
773.33	25.000	164.78	0.0060687	817.74	969.46	2.6151	0.98492	1.2490	451.72	0.61501	37.021	0.060390	supercritical
775.00	25.000	164.38	0.0060835	819.45	971.54	2.6178	0.98550	1.2491	452.18	0.61087	37.066	0.060496	supercritical
776.67	25.000	163.98	0.0060982	821.17	973.62	2.6204	0.98609	1.2493	452.65	0.60674	37.110	0.060601	supercritical
778.33	25.000	163.59	0.0061129	822.88	975.70	2.6231	0.98666	1.2494	453.11	0.60264	37.154	0.060707	supercritical
780.00	25.000	163.20	0.0061276	824.60	977.79	2.6258	0.98724	1.2496	453.57	0.59856	37.198	0.060813	supercritical
781.67	25.000	162.81	0.0061423	826.31	979.87	2.6285	0.98782	1.2498	454.03	0.59451	37.243	0.060919	supercritical
783.33	25.000	162.42	0.0061569	828.03	981.95	2.6311	0.98840	1.2499	454.49	0.59047	37.287	0.061024	supercritical
785.00	25.000	162.03	0.0061716	829.74	984.03	2.6338	0.98897	1.2501	454.95	0.58646	37.331	0.061130	supercritical
786.67	25.000	161.65	0.0061863	831.46	986.12	2.6364	0.98954	1.2502	455.41	0.58247	37.375	0.061236	supercritical
788.33	25.000	161.27	0.0062009	833.18	988.20	2.6391	0.99012	1.2504	455.87	0.57851	37.420	0.061342	supercritical
790.00	25.000	160.89	0.0062155	834.90	990.29	2.6417	0.99069	1.2506	456.33	0.57456	37.464	0.061449	supercritical
791.67	25.000	160.51	0.0062302	836.62	992.37	2.6443	0.99126	1.2507	456.79	0.57064	37.508	0.061555	supercritical
793.33	25.000	160.13	0.0062448	838.34	994.46	2.6470	0.99183	1.2509	457.24	0.56674	37.553	0.061661	supercritical
795.00	25.000	159.76	0.0062594	840.06	996.54	2.6496	0.99240	1.2511	457.70	0.56286	37.597	0.061767	supercritical
796.67	25.000	159.39	0.0062740	841.78	998.63	2.6522	0.99296	1.2513	458.15	0.55900	37.641	0.061874	supercritical
798.33	25.000	159.02	0.0062886	843.50	1000.7	2.6548	0.99353	1.2514	458.61	0.55516	37.686	0.061980	supercritical
800.00	25.000	158.65	0.0063031	845.22	1002.8	2.6574	0.99409	1.2516	459.06	0.55135	37.730	0.062086	supercritical
801.67	25.000	158.29	0.0063177	846.94	1004.9	2.6601	0.99466	1.2518	459.51	0.54755	37.775	0.062193	supercritical
803.33	25.000	157.92	0.0063322	848.66	1007.0	2.6627	0.99522	1.2520	459.97	0.54377	37.819	0.062299	supercritical
805.00	25.000	157.56	0.0063468	850.39	1009.1	2.6652	0.99578	1.2522	460.42	0.54002	37.863	0.062406	supercritical
806.67	25.000	157.20	0.0063613	852.11	1011.1	2.6678	0.99634	1.2524	460.87	0.53629	37.908	0.062513	supercritical
808.33	25.000	156.84	0.0063759	853.83	1013.2	2.6704	0.99690	1.2526	461.32	0.53257	37.952	0.062619	supercritical
810.00	25.000	156.49	0.0063904	855.56	1015.3	2.6730	0.99746	1.2528	461.77	0.52888	37.997	0.062726	supercritical
811.67	25.000	156.13	0.0064049	857.28	1017.4	2.6756	0.99801	1.2530	462.22	0.52520	38.041	0.062833	supercritical
813.33	25.000	155.78	0.0064194	859.01	1019.5	2.6781	0.99857	1.2532	462.67	0.52155	38.085	0.062940	supercritical
815.00	25.000	155.43	0.0064339	860.74	1021.6	2.6807	0.99912	1.2534	463.11	0.51792	38.130	0.063046	supercritical
816.67	25.000	155.08	0.0064483	862.46	1023.7	2.6833	0.99967	1.2536	463.56	0.51430	38.174	0.063153	supercritical
818.33	25.000	154.73	0.0064628	864.19	1025.8	2.6858	1.0002	1.2538	464.01	0.51070	38.219	0.063260	supercritical
820.00	25.000	154.39	0.0064773	865.92	1027.9	2.6884	1.0008	1.2540	464.45	0.50713	38.263	0.063367	supercritical
821.67	25.000	154.04	0.0064917	867.65	1029.9	2.6909	1.0013	1.2542	464.90	0.50357	38.308	0.063474	supercritical
823.33	25.000	153.70	0.0065062	869.38	1032.0	2.6935	1.0019	1.2544	465.34	0.50003	38.352	0.063581	supercritical
825.00	25.000	153.36	0.0065206	871.11	1034.1	2.6960	1.0024	1.2546	465.79	0.49651	38.397	0.063688	supercritical
826.67	25.000	153.02	0.0065350	872.84	1036.2	2.6985	1.0030	1.2548	466.23	0.49301	38.441	0.063795	supercritical
828.33	25.000	152.68	0.0065495	874.57	1038.3	2.7011	1.0035	1.2550	466.67	0.48953	38.486	0.063902	supercritical
830.00	25.000	152.35	0.0065639	876.30	1040.4	2.7036	1.0041	1.2552	467.11	0.48606	38.530	0.064009	supercritical
831.67	25.000	152.02	0.0065783	878.03	1042.5	2.7061	1.0046	1.2555	467.56	0.48262	38.574	0.064117	supercritical
833.33	25.000	151.68	0.0065927	879.77	1044.6	2.7086	1.0051	1.2557	468.00	0.47919	38.619	0.064224	supercritical
835.00	25.000	151.35	0.0066070	881.50	1046.7	2.7111	1.0057	1.2559	468.44	0.47578	38.663	0.064331	supercritical
836.67	25.000	151.02	0.0066214	883.23	1048.8	2.7136	1.0062	1.2561	468.88	0.47239	38.708	0.064438	supercritical
838.33	25.000	150.70	0.0066358	884.97	1050.9	2.7161	1.0068	1.2563	469.32	0.46901	38.752	0.064546	supercritical
840.00	25.000	150.37	0.0066502	886.70	1053.0	2.7186	1.0073	1.2566	469.75	0.46566	38.797	0.064653	supercritical
841.67	25.000	150.05	0.0066645	888.44	1055.1	2.7211	1.0078	1.2568	470.19	0.46232	38.841	0.064760	supercritical
843.33	25.000	149.73	0.0066788	890.18	1057.1	2.7236	1.0084	1.2570	470.63	0.45900	38.886	0.064867	supercritical
845.00	25.000	149.41	0.0066932	891.91	1059.2	2.7261	1.0089	1.2572	471.06	0.45569	38.930	0.064975	supercritical
846.67	25.000	149.09	0.0067075	893.65	1061.3	2.7286	1.0094	1.2575	471.50	0.45241	38.975	0.065082	supercritical
848.33	25.000	148.77	0.0067218	895.39	1063.4	2.7310	1.0100	1.2577	471.94	0.44913	39.019	0.065190	supercritical
850.00	25.000	148.45	0.0067361	897.13	1065.5	2.7335	1.0105	1.2579	472.37	0.44588	39.064	0.065297	supercritical
851.67	25.000	148.14	0.0067504	898.87	1067.6	2.7360	1.0110	1.2582	472.80	0.44264	39.108	0.065404	supercritical
853.33	25.000	147.83	0.0067647	900.61	1069.7	2.7384	1.0115	1.2584	473.24	0.43942	39.152	0.065512	supercritical
855.00	25.000	147.51	0.0067790	902.35	1071.8	2.7409	1.0121	1.2586	473.67	0.43622	39.197	0.065619	supercritical
856.67	25.000	147.20	0.0067933	904.09	1073.9	2.7433	1.0126	1.2589	474.10	0.43303	39.241	0.065727	supercritical
858.33	25.000	146.89	0.0068076	905.83	1076.0	2.7458	1.0131	1.2591	474.53	0.42986	39.286	0.065834	supercritical
860.00	25.000	146.59	0.0068219	907.57	1078.1	2.7482	1.0136	1.2593	474.96	0.42671	39.330	0.065942	supercritical
861.67	25.000	146.28	0.0068361	909.31	1080.2	2.7507	1.0141	1.2596	475.40	0.42357	39.375	0.066049	supercritical
863.33	25.000	145.98	0.0068504	911.06	1082.3	2.7531	1.0147	1.2598	475.83	0.42045	39.419	0.066157	supercritical
865.00	25.000	145.67	0.0068646	912.80	1084.4	2.7555	1.0152	1.2601	476.25	0.41734	39.463	0.066264	supercritical
866.67	25.000	145.37	0.0068788	914.54	1086.5	2.7580	1.0157	1.2603	476.68	0.41425	39.508	0.066372	supercritical
868.33	25.000	145.07	0.0068931	916.29	1088.6	2.7604	1.0162	1.2605	477.11	0.41117	39.552	0.066479	supercritical
870.00	25.000	144.77	0.0069073	918.03	1090.7	2.7628	1.0167	1.2608	477.54	0.40811	39.597	0.066587	supercritical
871.67	25.000	144.48	0.0069215	919.78	1092.8	2.7652	1.0172	1.2610	477.97	0.40507	39.641	0.066694	supercritical
873.33	25.000	144.18	0.0069357	921.53	1094.9	2.7676	1.0178	1.2613	478.39	0.40204	39.685	0.066802	supercritical
875.00	25.000	143.89	0.0069499	923.27	1097.0	2.7700	1.0183	1.2615	478.82	0.39902	39.730	0.066910	supercritical
876.67	25.000	143.59	0.0069641	925.02	1099.1	2.7724	1.0188	1.2618	479.24	0.39603	39.774	0.067017	supercritical
878.33	25.000	143.30	0.0069783	926.77	1101.2	2.7748	1.0193	1.2620	479.67	0.39304	39.819	0.067125	supercritical
880.00	25.000	143.01	0.0069925	928.52	1103.3	2.7772	1.0198	1.2623	480.09	0.39007	39.863	0.067232	supercritical
881.67	25.000	142.72	0.0070066	930.27	1105.4	2.7796	1.0203	1.2625	480.52	0.38712	39.907	0.067340	supercritical
883.33	25.000	142.43	0.0070208	932.02	1107.5	2.7820	1.0208	1.2627	480.94	0.38418	39.952	0.067448	supercritical
885.00	25.000	142.15	0.0070350	933.77	1109.6	2.7844	1.0213	1.2630	481.36	0.38125	39.996	0.067555	supercritical
886.67	25.000	141.86	0.0070491	935.52	1111.8	2.7867	1.0218	1.2632	481.78	0.37834	40.040	0.067663	supercritical
888.33	25.000	141.58	0.0070633	937.27	1113.9	2.7891	1.0223	1.2635	482.21	0.37544	40.085	0.067770	supercritical
890.00	25.000	141.29	0.0070774	939.03	1116.0	2.7915	1.0228	1.2637	482.63	0.37256	40.129	0.067878	supercritical
891.67	25.000	141.01	0.0070915	940.78	1118.1	2.7939	1.0233	1.2640	483.05	0.36969	40.173	0.067986	supercritical
893.33	25.000	140.73	0.0071057	942.53	1120.2	2.7962	1.0238	1.2643	483.47	0.36684	40.218	0.068093	supercritical
895.00	25.000	140.45	0.0071198	944.29	1122.3	2.7986	1.0243	1.2645	483.89	0.36400	40.262	0.068201	supercritical
896.67	25.000	140.18	0.0071339	946.04	1124.4	2.8009	1.0248	1.2648	484.31	0.36117	40.306	0.068308	supercritical
898.33	25.000	139.90	0.0071480	947.80	1126.5	2.8033	1.0253	1.2650	484.72	0.35836	40.350	0.068416	supercritical
900.00	25.000	139.62	0.0071621	949.55	1128.6	2.8056	1.0258	1.2653	485.14	0.35556	40.395	0.068524	supercritical
901.67	25.000	139.35	0.0071762	951.31	1130.7	2.8080	1.0263	1.2655	485.56	0.35278	40.439	0.068631	supercritical
903.33	25.000	139.08	0.0071903	953.07	1132.8	2.8103	1.0268	1.2658	485.98	0.35001	40.483	0.068739	supercritical
905.00	25.000	138.80	0.0072044	954.83	1134.9	2.8126	1.0272	1.2660	486.39	0.34725	40.528	0.068846	supercritical
906.67	25.000	138.53	0.0072184	956.58	1137.0	2.8150	1.0277	1.2663	486.81	0.34450	40.572	0.068954	supercritical
908.33	25.000	138.26	0.0072325	958.34	1139.2	2.8173	1.0282	1.2665	487.22	0.34177	40.616	0.069061	supercritical
910.00	25.000	138.00	0.0072466	960.10	1141.3	2.8196	1.0287	1.2668	487.64	0.33905	40.660	0.069169	supercritical
911.67	25.000	137.73	0.0072606	961.86	1143.4	2.8219	1.0292	1.2671	488.05	0.33635	40.704	0.069277	supercritical
913.33	25.000	137.46	0.0072747	963.62	1145.5	2.8242	1.0297	1.2673	488.46	0.33365	40.749	0.069384	supercritical
915.00	25.000	137.20	0.0072887	965.39	1147.6	2.8265	1.0302	1.2676	488.88	0.33097	40.793	0.069492	supercritical
916.67	25.000	136.93	0.0073027	967.15	1149.7	2.8289	1.0306	1.2678	489.29	0.32831	40.837	0.069599	supercritical
918.33	25.000	136.67	0.0073168	968.91	1151.8	2.8312	1.0311	1.2681	489.70	0.32565	40.881	0.069707	supercritical
920.00	25.000	136.41	0.0073308	970.67	1153.9	2.8335	1.0316	1.2684	490.11	0.32301	40.925	0.069814	supercritical
921.67	25.000	136.15	0.0073448	972.44	1156.1	2.8358	1.0321	1.2686	490.53	0.32038	40.969	0.069922	supercritical
923.33	25.000	135.89	0.0073588	974.20	1158.2	2.8380	1.0325	1.2689	490.94	0.31776	41.014	0.070029	supercritical
925.00	25.000	135.63	0.0073728	975.97	1160.3	2.8403	1.0330	1.2691	491.35	0.31516	41.058	0.070137	supercritical
926.67	25.000	135.38	0.0073868	977.73	1162.4	2.8426	1.0335	1.2694	491.76	0.31257	41.102	0.070244	supercritical
928.33	25.000	135.12	0.0074008	979.50	1164.5	2.8449	1.0340	1.2697	492.16	0.30999	41.146	0.070352	supercritical
930.00	25.000	134.86	0.0074148	981.26	1166.6	2.8472	1.0344	1.2699	492.57	0.30742	41.190	0.070459	supercritical
931.67	25.000	134.61	0.0074288	983.03	1168.8	2.8495	1.0349	1.2702	492.98	0.30486	41.234	0.070566	supercritical
933.33	25.000	134.36	0.0074428	984.80	1170.9	2.8517	1.0354	1.2704	493.39	0.30232	41.278	0.070674	supercritical
935.00	25.000	134.11	0.0074568	986.57	1173.0	2.8540	1.0358	1.2707	493.80	0.29979	41.322	0.070781	supercritical
936.67	25.000	133.86	0.0074707	988.34	1175.1	2.8563	1.0363	1.2710	494.20	0.29727	41.366	0.070889	supercritical
938.33	25.000	133.61	0.0074847	990.10	1177.2	2.8585	1.0368	1.2712	494.61	0.29476	41.410	0.070996	supercritical
940.00	25.000	133.36	0.0074987	991.87	1179.3	2.8608	1.0372	1.2715	495.02	0.29226	41.454	0.071103	supercritical
941.67	25.000	133.11	0.0075126	993.65	1181.5	2.8630	1.0377	1.2718	495.42	0.28978	41.498	0.071211	supercritical
943.33	25.000	132.86	0.0075266	995.42	1183.6	2.8653	1.0382	1.2720	495.83	0.28730	41.542	0.071318	supercritical
945.00	25.000	132.62	0.0075405	997.19	1185.7	2.8675	1.0386	1.2723	496.23	0.28484	41.586	0.071425	supercritical
946.67	25.000	132.37	0.0075544	998.96	1187.8	2.8698	1.0391	1.2725	496.63	0.28239	41.630	0.071533	supercritical
948.33	25.000	132.13	0.0075684	1000.7	1189.9	2.8720	1.0395	1.2728	497.04	0.27995	41.674	0.071640	supercritical
950.00	25.000	131.89	0.0075823	1002.5	1192.1	2.8742	1.0400	1.2731	497.44	0.27752	41.718	0.071747	supercritical
951.67	25.000	131.64	0.0075962	1004.3	1194.2	2.8765	1.0405	1.2733	497.84	0.27510	41.762	0.071854	supercritical
953.33	25.000	131.40	0.0076101	1006.1	1196.3	2.8787	1.0409	1.2736	498.24	0.27270	41.806	0.071961	supercritical
955.00	25.000	131.16	0.0076240	1007.8	1198.4	2.8809	1.0414	1.2739	498.65	0.27030	41.850	0.072069	supercritical
956.67	25.000	130.93	0.0076379	1009.6	1200.6	2.8831	1.0418	1.2741	499.05	0.26792	41.894	0.072176	supercritical
958.33	25.000	130.69	0.0076518	1011.4	1202.7	2.8854	1.0423	1.2744	499.45	0.26554	41.938	0.072283	supercritical
960.00	25.000	130.45	0.0076657	1013.2	1204.8	2.8876	1.0427	1.2747	499.85	0.26318	41.981	0.072390	supercritical
961.67	25.000	130.21	0.0076796	1014.9	1206.9	2.8898	1.0432	1.2749	500.25	0.26083	42.025	0.072497	supercritical
963.33	25.000	129.98	0.0076935	1016.7	1209.1	2.8920	1.0436	1.2752	500.65	0.25848	42.069	0.072604	supercritical
965.00	25.000	129.75	0.0077074	1018.5	1211.2	2.8942	1.0441	1.2754	501.05	0.25615	42.113	0.072711	supercritical
966.67	25.000	129.51	0.0077213	1020.3	1213.3	2.8964	1.0445	1.2757	501.44	0.25383	42.157	0.072818	supercritical
968.33	25.000	129.28	0.0077351	1022.1	1215.4	2.8986	1.0449	1.2760	501.84	0.25152	42.200	0.072925	supercritical
970.00	25.000	129.05	0.0077490	1023.8	1217.6	2.9008	1.0454	1.2762	502.24	0.24922	42.244	0.073032	supercritical
971.67	25.000	128.82	0.0077628	1025.6	1219.7	2.9030	1.0458	1.2765	502.64	0.24693	42.288	0.073139	supercritical
973.33	25.000	128.59	0.0077767	1027.4	1221.8	2.9052	1.0463	1.2768	503.03	0.24465	42.332	0.073246	supercritical
975.00	25.000	128.36	0.0077905	1029.2	1223.9	2.9074	1.0467	1.2770	503.43	0.24238	42.376	0.073353	supercritical
976.67	25.000	128.13	0.0078044	1031.0	1226.1	2.9095	1.0471	1.2773	503.82	0.24012	42.419	0.073460	supercritical
978.33	25.000	127.91	0.0078182	1032.7	1228.2	2.9117	1.0476	1.2776	504.22	0.23787	42.463	0.073567	supercritical
980.00	25.000	127.68	0.0078321	1034.5	1230.3	2.9139	1.0480	1.2778	504.61	0.23564	42.507	0.073674	supercritical
981.67	25.000	127.46	0.0078459	1036.3	1232.5	2.9161	1.0485	1.2781	505.01	0.23341	42.550	0.073781	supercritical
983.33	25.000	127.23	0.0078597	1038.1	1234.6	2.9182	1.0489	1.2783	505.40	0.23119	42.594	0.073887	supercritical
985.00	25.000	127.01	0.0078735	1039.9	1236.7	2.9204	1.0493	1.2786	505.80	0.22898	42.638	0.073994	supercritical
986.67	25.000	126.79	0.0078874	1041.7	1238.9	2.9226	1.0498	1.2789	506.19	0.22678	42.681	0.074101	supercritical
988.33	25.000	126.56	0.0079012	1043.5	1241.0	2.9247	1.0502	1.2791	506.58	0.22459	42.725	0.074208	supercritical
990.00	25.000	126.34	0.0079150	1045.2	1243.1	2.9269	1.0506	1.2794	506.97	0.22240	42.769	0.074314	supercritical
991.67	25.000	126.12	0.0079288	1047.0	1245.2	2.9290	1.0510	1.2797	507.37	0.22023	42.812	0.074421	supercritical
993.33	25.000	125.90	0.0079426	1048.8	1247.4	2.9312	1.0515	1.2799	507.76	0.21807	42.856	0.074528	supercritical
995.00	25.000	125.69	0.0079564	1050.6	1249.5	2.9333	1.0519	1.2802	508.15	0.21592	42.899	0.074634	supercritical
996.67	25.000	125.47	0.0079701	1052.4	1251.6	2.9355	1.0523	1.2805	508.54	0.21378	42.943	0.074741	supercritical
998.33	25.000	125.25	0.0079839	1054.2	1253.8	2.9376	1.0527	1.2807	508.93	0.21164	42.986	0.074847	supercritical
1000.0	25.000	125.04	0.0079977	1056.0	1255.9	2.9397	1.0532	1.2810	509.32	0.20952	43.030	0.074954	supercritical
1001.7	25.000	124.82	0.0080115	1057.8	1258.1	2.9419	1.0536	1.2812	509.71	0.20740	43.073	0.075060	supercritical
1003.3	25.000	124.61	0.0080253	1059.6	1260.2	2.9440	1.0540	1.2815	510.10	0.20529	43.117	0.075167	supercritical
1005.0	25.000	124.39	0.0080390	1061.3	1262.3	2.9461	1.0544	1.2818	510.48	0.20320	43.160	0.075273	supercritical
1006.7	25.000	124.18	0.0080528	1063.1	1264.5	2.9482	1.0548	1.2820	510.87	0.20111	43.204	0.075380	supercritical
1008.3	25.000	123.97	0.0080665	1064.9	1266.6	2.9504	1.0553	1.2823	511.26	0.19903	43.247	0.075486	supercritical
1010.0	25.000	123.76	0.0080803	1066.7	1268.7	2.9525	1.0557	1.2826	511.65	0.19696	43.291	0.075592	supercritical
1011.7	25.000	123.55	0.0080940	1068.5	1270.9	2.9546	1.0561	1.2828	512.03	0.19490	43.334	0.075699	supercritical
1013.3	25.000	123.34	0.0081078	1070.3	1273.0	2.9567	1.0565	1.2831	512.42	0.19284	43.377	0.075805	supercritical
1015.0	25.000	123.13	0.0081215	1072.1	1275.1	2.9588	1.0569	1.2833	512.81	0.19080	43.421	0.075911	supercritical
1016.7	25.000	122.92	0.0081353	1073.9	1277.3	2.9609	1.0573	1.2836	513.19	0.18876	43.464	0.076018	supercritical
1018.3	25.000	122.71	0.0081490	1075.7	1279.4	2.9630	1.0577	1.2839	513.58	0.18674	43.508	0.076124	supercritical
1020.0	25.000	122.51	0.0081627	1077.5	1281.6	2.9651	1.0581	1.2841	513.96	0.18472	43.551	0.076230	supercritical
1021.7	25.000	122.30	0.0081764	1079.3	1283.7	2.9672	1.0586	1.2844	514.35	0.18271	43.594	0.076336	supercritical
1023.3	25.000	122.10	0.0081902	1081.1	1285.8	2.9693	1.0590	1.2847	514.73	0.18071	43.638	0.076442	supercritical
1025.0	25.000	121.89	0.0082039	1082.9	1288.0	2.9714	1.0594	1.2849	515.11	0.17871	43.681	0.076548	supercritical
1026.7	25.000	121.69	0.0082176	1084.7	1290.1	2.9735	1.0598	1.2852	515.50	0.17673	43.724	0.076654	supercritical
1028.3	25.000	121.49	0.0082313	1086.5	1292.3	2.9756	1.0602	1.2854	515.88	0.17475	43.767	0.076760	supercritical
1030.0	25.000	121.29	0.0082450	1088.3	1294.4	2.9777	1.0606	1.2857	516.26	0.17278	43.811	0.076866	supercritical
1031.7	25.000	121.08	0.0082587	1090.1	1296.6	2.9797	1.0610	1.2860	516.65	0.17082	43.854	0.076972	supercritical
1033.3	25.000	120.88	0.0082724	1091.9	1298.7	2.9818	1.0614	1.2862	517.03	0.16887	43.897	0.077078	supercritical
1035.0	25.000	120.68	0.0082861	1093.7	1300.8	2.9839	1.0618	1.2865	517.41	0.16693	43.940	0.077184	supercritical
1036.7	25.000	120.49	0.0082998	1095.5	1303.0	2.9860	1.0622	1.2867	517.79	0.16499	43.983	0.077290	supercritical
1038.3	25.000	120.29	0.0083135	1097.3	1305.1	2.9880	1.0626	1.2870	518.17	0.16306	44.027	0.077396	supercritical
1040.0	25.000	120.09	0.0083271	1099.1	1307.3	2.9901	1.0630	1.2873	518.55	0.16114	44.070	0.077501	supercritical
1041.7	25.000	119.89	0.0083408	1100.9	1309.4	2.9922	1.0634	1.2875	518.93	0.15923	44.113	0.077607	supercritical
1043.3	25.000	119.70	0.0083545	1102.7	1311.6	2.9942	1.0638	1.2878	519.31	0.15733	44.156	0.077713	supercritical
1045.0	25.000	119.50	0.0083681	1104.5	1313.7	2.9963	1.0642	1.2880	519.69	0.15543	44.199	0.077818	supercritical
1046.7	25.000	119.31	0.0083818	1106.3	1315.9	2.9983	1.0646	1.2883	520.07	0.15354	44.242	0.077924	supercritical
1048.3	25.000	119.11	0.0083955	1108.1	1318.0	3.0004	1.0649	1.2885	520.44	0.15166	44.285	0.078030	supercritical
1050.0	25.000	118.92	0.0084091	1109.9	1320.2	3.0024	1.0653	1.2888	520.82	0.14979	44.328	0.078135	supercritical
1051.7	25.000	118.73	0.0084228	1111.7	1322.3	3.0045	1.0657	1.2891	521.20	0.14792	44.371	0.078241	supercritical
1053.3	25.000	118.53	0.0084364	1113.5	1324.5	3.0065	1.0661	1.2893	521.58	0.14607	44.414	0.078346	supercritical
1055.0	25.000	118.34	0.0084501	1115.4	1326.6	3.0085	1.0665	1.2896	521.95	0.14422	44.457	0.078452	supercritical
1056.7	25.000	118.15	0.0084637	1117.2	1328.8	3.0106	1.0669	1.2898	522.33	0.14237	44.500	0.078557	supercritical
1058.3	25.000	117.96	0.0084774	1119.0	1330.9	3.0126	1.0673	1.2901	522.71	0.14054	44.543	0.078662	supercritical
1060.0	25.000	117.77	0.0084910	1120.8	1333.1	3.0146	1.0677	1.2903	523.08	0.13871	44.586	0.078768	supercritical
1061.7	25.000	117.58	0.0085046	1122.6	1335.2	3.0167	1.0680	1.2906	523.46	0.13689	44.629	0.078873	supercritical
1063.3	25.000	117.40	0.0085182	1124.4	1337.4	3.0187	1.0684	1.2909	523.83	0.13508	44.672	0.078978	supercritical
1065.0	25.000	117.21	0.0085319	1126.2	1339.5	3.0207	1.0688	1.2911	524.21	0.13327	44.715	0.079084	supercritical
1066.7	25.000	117.02	0.0085455	1128.0	1341.7	3.0227	1.0692	1.2914	524.58	0.13147	44.758	0.079189	supercritical
1068.3	25.000	116.83	0.0085591	1129.8	1343.8	3.0248	1.0696	1.2916	524.95	0.12968	44.801	0.079294	supercritical
1070.0	25.000	116.65	0.0085727	1131.7	1346.0	3.0268	1.0699	1.2919	525.33	0.12790	44.844	0.079399	supercritical
1071.7	25.000	116.46	0.0085863	1133.5	1348.1	3.0288	1.0703	1.2921	525.70	0.12612	44.887	0.079504	supercritical
1073.3	25.000	116.28	0.0085999	1135.3	1350.3	3.0308	1.0707	1.2924	526.07	0.12435	44.929	0.079609	supercritical
1075.0	25.000	116.10	0.0086135	1137.1	1352.4	3.0328	1.0711	1.2926	526.45	0.12258	44.972	0.079714	supercritical
1076.7	25.000	115.91	0.0086271	1138.9	1354.6	3.0348	1.0714	1.2929	526.82	0.12083	45.015	0.079819	supercritical
1078.3	25.000	115.73	0.0086407	1140.7	1356.7	3.0368	1.0718	1.2931	527.19	0.11908	45.058	0.079924	supercritical
1080.0	25.000	115.55	0.0086543	1142.5	1358.9	3.0388	1.0722	1.2934	527.56	0.11734	45.101	0.080029	supercritical
1081.7	25.000	115.37	0.0086679	1144.4	1361.1	3.0408	1.0726	1.2936	527.93	0.11560	45.143	0.080134	supercritical
1083.3	25.000	115.19	0.0086815	1146.2	1363.2	3.0428	1.0729	1.2939	528.30	0.11387	45.186	0.080239	supercritical
1085.0	25.000	115.01	0.0086951	1148.0	1365.4	3.0448	1.0733	1.2941	528.67	0.11215	45.229	0.080343	supercritical
1086.7	25.000	114.83	0.0087086	1149.8	1367.5	3.0468	1.0737	1.2944	529.04	0.11044	45.271	0.080448	supercritical
1088.3	25.000	114.65	0.0087222	1151.6	1369.7	3.0487	1.0740	1.2946	529.41	0.10873	45.314	0.080553	supercritical
1090.0	25.000	114.47	0.0087358	1153.4	1371.8	3.0507	1.0744	1.2949	529.78	0.10703	45.357	0.080658	supercritical
1091.7	25.000	114.29	0.0087494	1155.3	1374.0	3.0527	1.0748	1.2951	530.15	0.10533	45.399	0.080762	supercritical
1093.3	25.000	114.12	0.0087629	1157.1	1376.2	3.0547	1.0751	1.2954	530.52	0.10364	45.442	0.080867	supercritical
1095.0	25.000	113.94	0.0087765	1158.9	1378.3	3.0566	1.0755	1.2956	530.89	0.10196	45.485	0.080971	supercritical
1096.7	25.000	113.77	0.0087900	1160.7	1380.5	3.0586	1.0759	1.2959	531.25	0.10028	45.527	0.081076	supercritical
1098.3	25.000	113.59	0.0088036	1162.5	1382.6	3.0606	1.0762	1.2961	531.62	0.098615	45.570	0.081180	supercritical
1100.0	25.000	113.42	0.0088171	1164.4	1384.8	3.0626	1.0766	1.2964	531.99	0.096952	45.612	0.081285	supercritical
1101.7	25.000	113.24	0.0088307	1166.2	1387.0	3.0645	1.0769	1.2966	532.36	0.095296	45.655	0.081389	supercritical
1103.3	25.000	113.07	0.0088442	1168.0	1389.1	3.0665	1.0773	1.2969	532.72	0.093646	45.697	0.081493	supercritical
1105.0	25.000	112.90	0.0088578	1169.8	1391.3	3.0684	1.0777	1.2971	533.09	0.092002	45.740	0.081598	supercritical
1106.7	25.000	112.72	0.0088713	1171.7	1393.4	3.0704	1.0780	1.2974	533.45	0.090365	45.783	0.081702	supercritical
1108.3	25.000	112.55	0.0088849	1173.5	1395.6	3.0723	1.0784	1.2976	533.82	0.088734	45.825	0.081806	supercritical
1110.0	25.000	112.38	0.0088984	1175.3	1397.8	3.0743	1.0787	1.2979	534.18	0.087109	45.867	0.081910	supercritical
1111.7	25.000	112.21	0.0089119	1177.1	1399.9	3.0762	1.0791	1.2981	534.55	0.085491	45.910	0.082014	supercritical
1113.3	25.000	112.04	0.0089254	1179.0	1402.1	3.0782	1.0794	1.2984	534.91	0.083878	45.952	0.082119	supercritical
1115.0	25.000	111.87	0.0089390	1180.8	1404.3	3.0801	1.0798	1.2986	535.28	0.082272	45.995	0.082223	supercritical
1116.7	25.000	111.70	0.0089525	1182.6	1406.4	3.0821	1.0801	1.2988	535.64	0.080672	46.037	0.082327	supercritical
1118.3	25.000	111.53	0.0089660	1184.4	1408.6	3.0840	1.0805	1.2991	536.01	0.079077	46.080	0.082431	supercritical
1120.0	25.000	111.36	0.0089795	1186.3	1410.7	3.0859	1.0808	1.2993	536.37	0.077489	46.122	0.082534	supercritical
1121.7	25.000	111.20	0.0089930	1188.1	1412.9	3.0879	1.0812	1.2996	536.73	0.075907	46.164	0.082638	supercritical
1123.3	25.000	111.03	0.0090065	1189.9	1415.1	3.0898	1.0815	1.2998	537.09	0.074331	46.207	0.082742	supercritical
1125.0	25.000	110.86	0.0090200	1191.7	1417.2	3.0917	1.0819	1.3001	537.46	0.072761	46.249	0.082846	supercritical
1126.7	25.000	110.70	0.0090335	1193.6	1419.4	3.0937	1.0822	1.3003	537.82	0.071196	46.291	0.082950	supercritical
1128.3	25.000	110.53	0.0090470	1195.4	1421.6	3.0956	1.0826	1.3006	538.18	0.069638	46.333	0.083053	supercritical
1130.0	25.000	110.37	0.0090605	1197.2	1423.8	3.0975	1.0829	1.3008	538.54	0.068085	46.376	0.083157	supercritical
1131.7	25.000	110.20	0.0090740	1199.1	1425.9	3.0994	1.0833	1.3010	538.90	0.066538	46.418	0.083261	supercritical
1133.3	25.000	110.04	0.0090875	1200.9	1428.1	3.1013	1.0836	1.3013	539.26	0.064997	46.460	0.083364	supercritical
1135.0	25.000	109.88	0.0091010	1202.7	1430.3	3.1032	1.0839	1.3015	539.62	0.063461	46.502	0.083468	supercritical
1136.7	25.000	109.72	0.0091145	1204.6	1432.4	3.1052	1.0843	1.3018	539.98	0.061931	46.545	0.083571	supercritical
1138.3	25.000	109.55	0.0091280	1206.4	1434.6	3.1071	1.0846	1.3020	540.34	0.060407	46.587	0.083675	supercritical
1140.0	25.000	109.39	0.0091414	1208.2	1436.8	3.1090	1.0850	1.3022	540.70	0.058889	46.629	0.083778	supercritical
1141.7	25.000	109.23	0.0091549	1210.1	1438.9	3.1109	1.0853	1.3025	541.06	0.057376	46.671	0.083882	supercritical
1143.3	25.000	109.07	0.0091684	1211.9	1441.1	3.1128	1.0856	1.3027	541.42	0.055869	46.713	0.083985	supercritical
1145.0	25.000	108.91	0.0091819	1213.7	1443.3	3.1147	1.0860	1.3030	541.78	0.054367	46.755	0.084088	supercritical
1146.7	25.000	108.75	0.0091953	1215.6	1445.4	3.1166	1.0863	1.3032	542.14	0.052870	46.797	0.084192	supercritical
1148.3	25.000	108.59	0.0092088	1217.4	1447.6	3.1185	1.0866	1.3034	542.49	0.051380	46.840	0.084295	supercritical
1150.0	25.000	108.43	0.0092223	1219.2	1449.8	3.1203	1.0870	1.3037	542.85	0.049894	46.882	0.084398	supercritical
1151.7	25.000	108.28	0.0092357	1221.1	1452.0	3.1222	1.0873	1.3039	543.21	0.048414	46.924	0.084501	supercritical
1153.3	25.000	108.12	0.0092492	1222.9	1454.1	3.1241	1.0876	1.3041	543.56	0.046940	46.966	0.084604	supercritical
1155.0	25.000	107.96	0.0092626	1224.7	1456.3	3.1260	1.0880	1.3044	543.92	0.045471	47.008	0.084707	supercritical
1156.7	25.000	107.80	0.0092761	1226.6	1458.5	3.1279	1.0883	1.3046	544.28	0.044007	47.050	0.084810	supercritical
1158.3	25.000	107.65	0.0092895	1228.4	1460.7	3.1298	1.0886	1.3048	544.63	0.042548	47.092	0.084913	supercritical
1160.0	25.000	107.49	0.0093030	1230.3	1462.8	3.1316	1.0890	1.3051	544.99	0.041095	47.134	0.085016	supercritical
1161.7	25.000	107.34	0.0093164	1232.1	1465.0	3.1335	1.0893	1.3053	545.34	0.039647	47.176	0.085119	supercritical
1163.3	25.000	107.18	0.0093298	1233.9	1467.2	3.1354	1.0896	1.3055	545.70	0.038204	47.218	0.085222	supercritical
1165.0	25.000	107.03	0.0093433	1235.8	1469.4	3.1373	1.0899	1.3058	546.05	0.036767	47.259	0.085324	supercritical
1166.7	25.000	106.88	0.0093567	1237.6	1471.5	3.1391	1.0903	1.3060	546.41	0.035334	47.301	0.085427	supercritical
1168.3	25.000	106.72	0.0093702	1239.5	1473.7	3.1410	1.0906	1.3062	546.76	0.033907	47.343	0.085530	supercritical
1170.0	25.000	106.57	0.0093836	1241.3	1475.9	3.1428	1.0909	1.3065	547.12	0.032485	47.385	0.085632	supercritical
1171.7	25.000	106.42	0.0093970	1243.1	1478.1	3.1447	1.0912	1.3067	547.47	0.031067	47.427	0.085735	supercritical
1173.3	25.000	106.27	0.0094104	1245.0	1480.3	3.1466	1.0916	1.3069	547.82	0.029655	47.469	0.085838	supercritical
1175.0	25.000	106.11	0.0094239	1246.8	1482.4	3.1484	1.0919	1.3072	548.18	0.028248	47.511	0.085940	supercritical
1176.7	25.000	105.96	0.0094373	1248.7	1484.6	3.1503	1.0922	1.3074	548.53	0.026846	47.552	0.086042	supercritical
1178.3	25.000	105.81	0.0094507	1250.5	1486.8	3.1521	1.0925	1.3076	548.88	0.025449	47.594	0.086145	supercritical
1180.0	25.000	105.66	0.0094641	1252.4	1489.0	3.1540	1.0928	1.3079	549.23	0.024057	47.636	0.086247	supercritical
1181.7	25.000	105.51	0.0094775	1254.2	1491.1	3.1558	1.0931	1.3081	549.58	0.022670	47.678	0.086350	supercritical
1183.3	25.000	105.36	0.0094909	1256.1	1493.3	3.1577	1.0935	1.3083	549.94	0.021287	47.719	0.086452	supercritical
1185.0	25.000	105.22	0.0095043	1257.9	1495.5	3.1595	1.0938	1.3086	550.29	0.019910	47.761	0.086554	supercritical
1186.7	25.000	105.07	0.0095177	1259.7	1497.7	3.1613	1.0941	1.3088	550.64	0.018537	47.803	0.086656	supercritical
1188.3	25.000	104.92	0.0095311	1261.6	1499.9	3.1632	1.0944	1.3090	550.99	0.017170	47.845	0.086758	supercritical
1190.0	25.000	104.77	0.0095445	1263.4	1502.1	3.1650	1.0947	1.3092	551.34	0.015807	47.886	0.086861	supercritical
1191.7	25.000	104.63	0.0095579	1265.3	1504.2	3.1668	1.0950	1.3095	551.69	0.014448	47.928	0.086963	supercritical
1193.3	25.000	104.48	0.0095713	1267.1	1506.4	3.1687	1.0953	1.3097	552.04	0.013095	47.969	0.087065	supercritical
1195.0	25.000	104.33	0.0095847	1269.0	1508.6	3.1705	1.0957	1.3099	552.39	0.011746	48.011	0.087167	supercritical
1196.7	25.000	104.19	0.0095981	1270.8	1510.8	3.1723	1.0960	1.3101	552.74	0.010402	48.053	0.087268	supercritical
1198.3	25.000	104.04	0.0096115	1272.7	1513.0	3.1742	1.0963	1.3104	553.08	0.0090627	48.094	0.087370	supercritical
1200.0	25.000	103.90	0.0096249	1274.5	1515.2	3.1760	1.0966	1.3106	553.43	0.0077279	48.136	0.087472	supercritical
1201.7	25.000	103.75	0.0096382	1276.4	1517.3	3.1778	1.0969	1.3108	553.78	0.0063978	48.177	0.087574	supercritical
1203.3	25.000	103.61	0.0096516	1278.2	1519.5	3.1796	1.0972	1.3110	554.13	0.0050723	48.219	0.087676	supercritical
1205.0	25.000	103.47	0.0096650	1280.1	1521.7	3.1814	1.0975	1.3113	554.48	0.0037513	48.260	0.087777	supercritical
1206.7	25.000	103.32	0.0096784	1281.9	1523.9	3.1832	1.0978	1.3115	554.82	0.0024349	48.302	0.087879	supercritical
1208.3	25.000	103.18	0.0096917	1283.8	1526.1	3.1850	1.0981	1.3117	555.17	0.0011231	48.343	0.087981	supercritical
1210.0	25.000	103.04	0.0097051	1285.6	1528.3	3.1869	1.0984	1.3119	555.52	-0.00018431	48.385	0.088082	supercritical
1211.7	25.000	102.90	0.0097185	1287.5	1530.5	3.1887	1.0987	1.3122	555.87	-0.0014872	48.426	0.088184	supercritical
1213.3	25.000	102.76	0.0097318	1289.3	1532.6	3.1905	1.0990	1.3124	556.21	-0.0027856	48.468	0.088285	supercritical
1215.0	25.000	102.61	0.0097452	1291.2	1534.8	3.1923	1.0993	1.3126	556.56	-0.0040796	48.509	0.088387	supercritical
1216.7	25.000	102.47	0.0097586	1293.1	1537.0	3.1941	1.0996	1.3128	556.90	-0.0053692	48.551	0.088488	supercritical
1218.3	25.000	102.33	0.0097719	1294.9	1539.2	3.1959	1.0999	1.3130	557.25	-0.0066544	48.592	0.088589	supercritical
1220.0	25.000	102.19	0.0097853	1296.8	1541.4	3.1977	1.1002	1.3133	557.59	-0.0079352	48.633	0.088691	supercritical
1221.7	25.000	102.06	0.0097986	1298.6	1543.6	3.1995	1.1005	1.3135	557.94	-0.0092117	48.675	0.088792	supercritical
1223.3	25.000	101.92	0.0098120	1300.5	1545.8	3.2012	1.1008	1.3137	558.28	-0.010484	48.716	0.088893	supercritical
1225.0	25.000	101.78	0.0098253	1302.3	1548.0	3.2030	1.1011	1.3139	558.63	-0.011752	48.757	0.088994	supercritical
1226.7	25.000	101.64	0.0098387	1304.2	1550.1	3.2048	1.1014	1.3141	558.97	-0.013015	48.799	0.089095	supercritical
1228.3	25.000	101.50	0.0098520	1306.0	1552.3	3.2066	1.1017	1.3144	559.32	-0.014275	48.840	0.089196	supercritical
1230.0	25.000	101.36	0.0098654	1307.9	1554.5	3.2084	1.1020	1.3146	559.66	-0.015530	48.881	0.089297	supercritical
1231.7	25.000	101.23	0.0098787	1309.8	1556.7	3.2102	1.1023	1.3148	560.00	-0.016780	48.922	0.089398	supercritical
1233.3	25.000	101.09	0.0098920	1311.6	1558.9	3.2119	1.1026	1.3150	560.35	-0.018027	48.964	0.089499	supercritical
1235.0	25.000	100.96	0.0099054	1313.5	1561.1	3.2137	1.1029	1.3152	560.69	-0.019270	49.005	0.089600	supercritical
1236.7	25.000	100.82	0.0099187	1315.3	1563.3	3.2155	1.1032	1.3154	561.03	-0.020508	49.046	0.089701	supercritical
1238.3	25.000	100.68	0.0099320	1317.2	1565.5	3.2173	1.1034	1.3157	561.37	-0.021742	49.087	0.089802	supercritical
1240.0	25.000	100.55	0.0099454	1319.0	1567.7	3.2190	1.1037	1.3159	561.71	-0.022972	49.129	0.089902	supercritical
1241.7	25.000	100.41	0.0099587	1320.9	1569.9	3.2208	1.1040	1.3161	562.06	-0.024198	49.170	0.090003	supercritical
1243.3	25.000	100.28	0.0099720	1322.8	1572.1	3.2226	1.1043	1.3163	562.40	-0.025420	49.211	0.090104	supercritical
1245.0	25.000	100.15	0.0099853	1324.6	1574.3	3.2243	1.1046	1.3165	562.74	-0.026638	49.252	0.090204	supercritical
1246.7	25.000	100.01	0.0099986	1326.5	1576.5	3.2261	1.1049	1.3167	563.08	-0.027852	49.293	0.090305	supercritical
1248.3	25.000	99.881	0.010012	1328.4	1578.7	3.2279	1.1052	1.3169	563.42	-0.029062	49.334	0.090405	supercritical
1250.0	25.000	99.748	0.010025	1330.2	1580.8	3.2296	1.1055	1.3172	563.76	-0.030268	49.375	0.090506	supercritical
1251.7	25.000	99.616	0.010039	1332.1	1583.0	3.2314	1.1057	1.3174	564.10	-0.031469	49.416	0.090606	supercritical
1253.3	25.000	99.484	0.010052	1333.9	1585.2	3.2331	1.1060	1.3176	564.44	-0.032667	49.457	0.090706	supercritical
1255.0	25.000	99.352	0.010065	1335.8	1587.4	3.2349	1.1063	1.3178	564.78	-0.033861	49.498	0.090807	supercritical
1256.7	25.000	99.221	0.010079	1337.7	1589.6	3.2366	1.1066	1.3180	565.12	-0.035051	49.539	0.090907	supercritical
1258.3	25.000	99.090	0.010092	1339.5	1591.8	3.2384	1.1069	1.3182	565.46	-0.036238	49.580	0.091007	supercritical
1260.0	25.000	98.960	0.010105	1341.4	1594.0	3.2401	1.1072	1.3184	565.80	-0.037420	49.621	0.091107	supercritical
1261.7	25.000	98.830	0.010118	1343.3	1596.2	3.2419	1.1074	1.3186	566.14	-0.038598	49.662	0.091207	supercritical
1263.3	25.000	98.700	0.010132	1345.1	1598.4	3.2436	1.1077	1.3188	566.47	-0.039773	49.703	0.091308	supercritical
1265.0	25.000	98.571	0.010145	1347.0	1600.6	3.2453	1.1080	1.3191	566.81	-0.040944	49.744	0.091408	supercritical
1266.7	25.000	98.442	0.010158	1348.9	1602.8	3.2471	1.1083	1.3193	567.15	-0.042111	49.785	0.091508	supercritical
1268.3	25.000	98.313	0.010172	1350.7	1605.0	3.2488	1.1085	1.3195	567.49	-0.043274	49.826	0.091608	supercritical
1270.0	25.000	98.185	0.010185	1352.6	1607.2	3.2505	1.1088	1.3197	567.83	-0.044433	49.867	0.091707	supercritical
1271.7	25.000	98.057	0.010198	1354.5	1609.4	3.2523	1.1091	1.3199	568.16	-0.045589	49.908	0.091807	supercritical
1273.3	25.000	97.929	0.010211	1356.3	1611.6	3.2540	1.1094	1.3201	568.50	-0.046741	49.949	0.091907	supercritical
1275.0	25.000	97.802	0.010225	1358.2	1613.8	3.2557	1.1096	1.3203	568.84	-0.047889	49.989	0.092007	supercritical
1276.7	25.000	97.675	0.010238	1360.1	1616.0	3.2574	1.1099	1.3205	569.17	-0.049034	50.030	0.092106	supercritical
1278.3	25.000	97.549	0.010251	1361.9	1618.2	3.2592	1.1102	1.3207	569.51	-0.050175	50.071	0.092206	supercritical
1280.0	25.000	97.422	0.010265	1363.8	1620.4	3.2609	1.1105	1.3209	569.84	-0.051312	50.112	0.092306	supercritical
1281.7	25.000	97.296	0.010278	1365.7	1622.6	3.2626	1.1107	1.3211	570.18	-0.052446	50.153	0.092405	supercritical
1283.3	25.000	97.171	0.010291	1367.5	1624.8	3.2643	1.1110	1.3213	570.51	-0.053576	50.193	0.092505	supercritical
1285.0	25.000	97.046	0.010304	1369.4	1627.0	3.2660	1.1113	1.3215	570.85	-0.054702	50.234	0.092604	supercritical
1286.7	25.000	96.921	0.010318	1371.3	1629.2	3.2678	1.1115	1.3217	571.18	-0.055825	50.275	0.092704	supercritical
1288.3	25.000	96.797	0.010331	1373.2	1631.4	3.2695	1.1118	1.3219	571.52	-0.056944	50.315	0.092803	supercritical
1290.0	25.000	96.672	0.010344	1375.0	1633.6	3.2712	1.1121	1.3221	571.85	-0.058060	50.356	0.092902	supercritical
1291.7	25.000	96.549	0.010357	1376.9	1635.8	3.2729	1.1123	1.3224	572.19	-0.059172	50.397	0.093002	supercritical
1293.3	25.000	96.425	0.010371	1378.8	1638.0	3.2746	1.1126	1.3226	572.52	-0.060281	50.437	0.093101	supercritical
1295.0	25.000	96.302	0.010384	1380.6	1640.2	3.2763	1.1129	1.3228	572.85	-0.061386	50.478	0.093200	supercritical
1296.7	25.000	96.179	0.010397	1382.5	1642.5	3.2780	1.1131	1.3230	573.19	-0.062487	50.519	0.093299	supercritical
1298.3	25.000	96.057	0.010411	1384.4	1644.7	3.2797	1.1134	1.3232	573.52	-0.063586	50.559	0.093398	supercritical
1300.0	25.000	95.935	0.010424	1386.3	1646.9	3.2814	1.1137	1.3234	573.85	-0.064680	50.600	0.093497	supercritical