Temperature (K)	Pressure (MPa)	Density (kg/m3)	Volume (m3/kg)	Internal Energy (kJ/kg)	Enthalpy (kJ/kg)	Entropy (J/g*K)	Cv (J/g*K)	Cp (J/g*K)	Sound Spd. (m/s)	Joule-Thomson (K/MPa)	Viscosity (uPa*s)	Therm. Cond. (W/m*K)	Phase
300.00	26.000	940.64	0.0010631	217.96	245.60	1.0751	0.91621	1.9818	650.07	0.14976	103.49	0.11344	liquid
301.67	26.000	933.93	0.0010707	221.07	248.91	1.0861	0.91570	1.9886	641.84	0.16486	101.57	0.11206	liquid
303.33	26.000	927.16	0.0010786	224.19	252.23	1.0971	0.91523	1.9955	633.68	0.18048	99.689	0.11069	liquid
305.00	26.000	920.34	0.0010866	227.31	255.56	1.1080	0.91479	2.0027	625.57	0.19664	97.849	0.10934	supercritical
306.67	26.000	913.46	0.0010947	230.44	258.91	1.1190	0.91437	2.0100	617.52	0.21336	96.048	0.10799	supercritical
308.33	26.000	906.52	0.0011031	233.58	262.26	1.1299	0.91395	2.0175	609.53	0.23067	94.284	0.10666	supercritical
310.00	26.000	899.52	0.0011117	236.73	265.63	1.1408	0.91354	2.0251	601.60	0.24856	92.557	0.10534	supercritical
311.67	26.000	892.47	0.0011205	239.88	269.01	1.1517	0.91311	2.0328	593.74	0.26707	90.865	0.10403	supercritical
313.33	26.000	885.35	0.0011295	243.04	272.41	1.1625	0.91269	2.0406	585.95	0.28620	89.207	0.10274	supercritical
315.00	26.000	878.18	0.0011387	246.21	275.82	1.1734	0.91225	2.0485	578.23	0.30596	87.583	0.10146	supercritical
316.67	26.000	870.95	0.0011482	249.38	279.24	1.1842	0.91182	2.0564	570.58	0.32637	85.991	0.10019	supercritical
318.33	26.000	863.65	0.0011579	252.57	282.67	1.1950	0.91140	2.0643	563.00	0.34744	84.430	0.098931	supercritical
320.00	26.000	856.30	0.0011678	255.76	286.12	1.2058	0.91100	2.0723	555.50	0.36918	82.900	0.097690	supercritical
321.67	26.000	848.89	0.0011780	258.95	289.58	1.2166	0.91062	2.0803	548.08	0.39160	81.400	0.096462	supercritical
323.33	26.000	841.42	0.0011885	262.15	293.05	1.2274	0.91029	2.0883	540.74	0.41471	79.929	0.095248	supercritical
325.00	26.000	833.90	0.0011992	265.36	296.54	1.2381	0.91000	2.0964	533.50	0.43853	78.487	0.094049	supercritical
326.67	26.000	826.31	0.0012102	268.58	300.04	1.2489	0.90976	2.1045	526.34	0.46306	77.072	0.092864	supercritical
328.33	26.000	818.67	0.0012215	271.80	303.55	1.2596	0.90957	2.1127	519.29	0.48832	75.685	0.091694	supercritical
330.00	26.000	810.98	0.0012331	275.02	307.08	1.2703	0.90943	2.1209	512.34	0.51432	74.325	0.090539	supercritical
331.67	26.000	803.24	0.0012450	278.26	310.62	1.2810	0.90933	2.1291	505.50	0.54105	72.991	0.089399	supercritical
333.33	26.000	795.44	0.0012572	281.49	314.18	1.2917	0.90926	2.1372	498.78	0.56854	71.682	0.088275	supercritical
335.00	26.000	787.59	0.0012697	284.74	317.75	1.3024	0.90922	2.1453	492.18	0.59676	70.399	0.087166	supercritical
336.67	26.000	779.70	0.0012825	287.98	321.33	1.3131	0.90919	2.1533	485.71	0.62572	69.142	0.086073	supercritical
338.33	26.000	771.77	0.0012957	291.24	324.93	1.3237	0.90916	2.1610	479.38	0.65539	67.909	0.084996	supercritical
340.00	26.000	763.79	0.0013093	294.49	328.53	1.3344	0.90913	2.1685	473.18	0.68574	66.700	0.083935	supercritical
341.67	26.000	755.77	0.0013231	297.75	332.15	1.3450	0.90909	2.1757	467.13	0.71676	65.517	0.082891	supercritical
343.33	26.000	747.73	0.0013374	301.01	335.79	1.3556	0.90903	2.1824	461.23	0.74838	64.357	0.081863	supercritical
345.00	26.000	739.65	0.0013520	304.28	339.43	1.3662	0.90895	2.1886	455.48	0.78057	63.222	0.080852	supercritical
346.67	26.000	731.55	0.0013670	307.54	343.08	1.3767	0.90885	2.1942	449.89	0.81326	62.111	0.079857	supercritical
348.33	26.000	723.44	0.0013823	310.80	346.74	1.3873	0.90872	2.1991	444.46	0.84639	61.025	0.078880	supercritical
350.00	26.000	715.31	0.0013980	314.06	350.41	1.3978	0.90857	2.2032	439.20	0.87989	59.964	0.077920	supercritical
351.67	26.000	707.18	0.0014141	317.32	354.09	1.4082	0.90839	2.2065	434.11	0.91369	58.927	0.076978	supercritical
353.33	26.000	699.05	0.0014305	320.57	357.77	1.4187	0.90819	2.2089	429.19	0.94773	57.915	0.076053	supercritical
355.00	26.000	690.94	0.0014473	323.82	361.45	1.4291	0.90797	2.2104	424.44	0.98193	56.928	0.075147	supercritical
356.67	26.000	682.84	0.0014645	327.06	365.13	1.4394	0.90773	2.2110	419.87	1.0162	55.967	0.074258	supercritical
358.33	26.000	674.77	0.0014820	330.29	368.82	1.4497	0.90748	2.2105	415.47	1.0505	55.031	0.073388	supercritical
360.00	26.000	666.73	0.0014999	333.50	372.50	1.4600	0.90722	2.2091	411.24	1.0848	54.120	0.072537	supercritical
361.67	26.000	658.73	0.0015181	336.71	376.18	1.4702	0.90695	2.2068	407.18	1.1190	53.235	0.071704	supercritical
363.33	26.000	650.78	0.0015366	339.90	379.86	1.4803	0.90667	2.2034	403.30	1.1529	52.375	0.070890	supercritical
365.00	26.000	642.89	0.0015555	343.08	383.52	1.4904	0.90638	2.1991	399.59	1.1867	51.541	0.070094	supercritical
366.67	26.000	635.06	0.0015746	346.25	387.19	1.5004	0.90608	2.1939	396.04	1.2201	50.732	0.069318	supercritical
368.33	26.000	627.31	0.0015941	349.39	390.84	1.5104	0.90578	2.1879	392.66	1.2532	49.949	0.068559	supercritical
370.00	26.000	619.63	0.0016139	352.52	394.48	1.5202	0.90547	2.1809	389.44	1.2858	49.191	0.067820	supercritical
371.67	26.000	612.03	0.0016339	355.63	398.11	1.5300	0.90515	2.1732	386.39	1.3180	48.457	0.067098	supercritical
373.33	26.000	604.52	0.0016542	358.71	401.72	1.5397	0.90483	2.1647	383.50	1.3496	47.749	0.066395	supercritical
375.00	26.000	597.10	0.0016748	361.78	405.32	1.5493	0.90449	2.1554	380.76	1.3806	47.064	0.065710	supercritical
376.67	26.000	589.78	0.0016955	364.82	408.91	1.5589	0.90415	2.1455	378.18	1.4109	46.404	0.065043	supercritical
378.33	26.000	582.56	0.0017166	367.84	412.47	1.5683	0.90380	2.1349	375.74	1.4405	45.767	0.064394	supercritical
380.00	26.000	575.45	0.0017378	370.84	416.02	1.5777	0.90343	2.1237	373.45	1.4694	45.153	0.063762	supercritical
381.67	26.000	568.45	0.0017592	373.81	419.55	1.5869	0.90305	2.1120	371.30	1.4974	44.562	0.063147	supercritical
383.33	26.000	561.56	0.0017807	376.76	423.06	1.5961	0.90266	2.0997	369.29	1.5246	43.993	0.062549	supercritical
385.00	26.000	554.79	0.0018025	379.69	426.55	1.6052	0.90226	2.0870	367.41	1.5509	43.446	0.061968	supercritical
386.67	26.000	548.14	0.0018244	382.59	430.02	1.6142	0.90185	2.0739	365.65	1.5763	42.920	0.061404	supercritical
388.33	26.000	541.60	0.0018464	385.46	433.46	1.6231	0.90142	2.0604	364.02	1.6008	42.415	0.060855	supercritical
390.00	26.000	535.18	0.0018685	388.30	436.89	1.6319	0.90099	2.0466	362.51	1.6242	41.930	0.060323	supercritical
391.67	26.000	528.89	0.0018908	391.13	440.29	1.6406	0.90054	2.0325	361.11	1.6467	41.464	0.059806	supercritical
393.33	26.000	522.71	0.0019131	393.92	443.66	1.6492	0.90009	2.0181	359.81	1.6681	41.017	0.059304	supercritical
395.00	26.000	516.66	0.0019355	396.69	447.01	1.6577	0.89962	2.0036	358.62	1.6886	40.589	0.058818	supercritical
396.67	26.000	510.73	0.0019580	399.43	450.34	1.6661	0.89916	1.9889	357.53	1.7079	40.178	0.058346	supercritical
398.33	26.000	504.92	0.0019805	402.15	453.64	1.6744	0.89869	1.9740	356.53	1.7263	39.784	0.057889	supercritical
400.00	26.000	499.24	0.0020031	404.84	456.92	1.6826	0.89821	1.9591	355.62	1.7436	39.407	0.057446	supercritical
401.67	26.000	493.67	0.0020257	407.51	460.17	1.6907	0.89774	1.9442	354.80	1.7599	39.046	0.057017	supercritical
403.33	26.000	488.22	0.0020483	410.15	463.40	1.6987	0.89726	1.9292	354.05	1.7751	38.700	0.056601	supercritical
405.00	26.000	482.89	0.0020709	412.76	466.60	1.7067	0.89679	1.9143	353.38	1.7894	38.370	0.056199	supercritical
406.67	26.000	477.67	0.0020935	415.35	469.78	1.7145	0.89632	1.8995	352.78	1.8026	38.053	0.055810	supercritical
408.33	26.000	472.57	0.0021161	417.92	472.94	1.7222	0.89585	1.8847	352.26	1.8149	37.750	0.055433	supercritical
410.00	26.000	467.58	0.0021387	420.46	476.06	1.7299	0.89539	1.8700	351.79	1.8263	37.461	0.055069	supercritical
411.67	26.000	462.69	0.0021613	422.98	479.17	1.7374	0.89494	1.8555	351.39	1.8367	37.184	0.054717	supercritical
413.33	26.000	457.92	0.0021838	425.47	482.25	1.7449	0.89450	1.8412	351.04	1.8462	36.919	0.054377	supercritical
415.00	26.000	453.25	0.0022063	427.94	485.31	1.7523	0.89407	1.8270	350.75	1.8548	36.666	0.054049	supercritical
416.67	26.000	448.69	0.0022287	430.39	488.34	1.7596	0.89365	1.8131	350.51	1.8626	36.424	0.053731	supercritical
418.33	26.000	444.22	0.0022511	432.82	491.35	1.7668	0.89324	1.7993	350.31	1.8696	36.193	0.053425	supercritical
420.00	26.000	439.86	0.0022735	435.23	494.34	1.7739	0.89284	1.7858	350.17	1.8758	35.972	0.053129	supercritical
421.67	26.000	435.59	0.0022957	437.61	497.30	1.7810	0.89246	1.7725	350.06	1.8812	35.761	0.052843	supercritical
423.33	26.000	431.41	0.0023180	439.98	500.25	1.7879	0.89209	1.7595	350.00	1.8859	35.559	0.052567	supercritical
425.00	26.000	427.33	0.0023401	442.32	503.17	1.7948	0.89173	1.7467	349.97	1.8899	35.367	0.052301	supercritical
426.67	26.000	423.33	0.0023622	444.65	506.07	1.8016	0.89139	1.7342	349.98	1.8932	35.183	0.052044	supercritical
428.33	26.000	419.42	0.0023842	446.96	508.95	1.8084	0.89107	1.7219	350.02	1.8958	35.007	0.051797	supercritical
430.00	26.000	415.60	0.0024062	449.25	511.81	1.8150	0.89076	1.7099	350.10	1.8979	34.840	0.051557	supercritical
431.67	26.000	411.86	0.0024280	451.52	514.65	1.8216	0.89047	1.6981	350.20	1.8993	34.680	0.051326	supercritical
433.33	26.000	408.19	0.0024498	453.77	517.47	1.8281	0.89020	1.6866	350.33	1.9001	34.527	0.051103	supercritical
435.00	26.000	404.61	0.0024715	456.01	520.27	1.8346	0.88994	1.6754	350.49	1.9004	34.382	0.050888	supercritical
436.67	26.000	401.10	0.0024932	458.23	523.05	1.8410	0.88970	1.6644	350.68	1.9002	34.243	0.050680	supercritical
438.33	26.000	397.66	0.0025147	460.44	525.82	1.8473	0.88948	1.6537	350.89	1.8995	34.110	0.050479	supercritical
440.00	26.000	394.29	0.0025362	462.63	528.57	1.8536	0.88927	1.6433	351.12	1.8983	33.984	0.050284	supercritical
441.67	26.000	391.00	0.0025576	464.80	531.30	1.8598	0.88908	1.6331	351.37	1.8967	33.863	0.050095	supercritical
443.33	26.000	387.77	0.0025789	466.96	534.01	1.8659	0.88891	1.6231	351.64	1.8946	33.749	0.049911	supercritical
445.00	26.000	384.61	0.0026001	469.11	536.71	1.8720	0.88876	1.6134	351.93	1.8921	33.639	0.049732	supercritical
446.67	26.000	381.51	0.0026212	471.24	539.39	1.8780	0.88862	1.6040	352.23	1.8892	33.535	0.049556	supercritical
448.33	26.000	378.47	0.0026422	473.36	542.05	1.8839	0.88850	1.5947	352.56	1.8859	33.436	0.049384	supercritical
450.00	26.000	375.49	0.0026632	475.46	544.70	1.8898	0.88840	1.5858	352.90	1.8823	33.342	0.049212	supercritical
451.67	26.000	372.57	0.0026841	477.55	547.34	1.8957	0.88832	1.5770	353.25	1.8784	33.252	0.049038	supercritical
453.33	26.000	369.70	0.0027049	479.63	549.96	1.9015	0.88825	1.5685	353.62	1.8741	33.166	0.048856	supercritical
455.00	26.000	366.89	0.0027256	481.70	552.57	1.9072	0.88820	1.5601	354.00	1.8695	33.085	0.048649	supercritical
456.67	26.000	364.14	0.0027462	483.76	555.16	1.9129	0.88816	1.5520	354.39	1.8647	33.008	0.048351	supercritical
458.33	26.000	361.43	0.0027667	485.81	557.74	1.9185	0.88814	1.5441	354.80	1.8595	32.935	0.048278	supercritical
460.00	26.000	358.78	0.0027872	487.84	560.31	1.9241	0.88814	1.5365	355.21	1.8541	32.866	0.048211	supercritical
461.67	26.000	356.18	0.0028076	489.87	562.86	1.9297	0.88815	1.5290	355.64	1.8485	32.800	0.048148	supercritical
463.33	26.000	353.62	0.0028279	491.88	565.41	1.9352	0.88818	1.5217	356.07	1.8426	32.737	0.048089	supercritical
465.00	26.000	351.11	0.0028481	493.88	567.94	1.9406	0.88823	1.5146	356.52	1.8366	32.678	0.048034	supercritical
466.67	26.000	348.65	0.0028682	495.88	570.45	1.9460	0.88828	1.5076	356.97	1.8303	32.623	0.047983	supercritical
468.33	26.000	346.22	0.0028883	497.87	572.96	1.9514	0.88836	1.5009	357.43	1.8238	32.570	0.047936	supercritical
470.00	26.000	343.85	0.0029083	499.84	575.46	1.9567	0.88845	1.4943	357.90	1.8171	32.520	0.047893	supercritical
471.67	26.000	341.51	0.0029282	501.81	577.94	1.9620	0.88855	1.4879	358.38	1.8103	32.474	0.047854	supercritical
473.33	26.000	339.21	0.0029480	503.77	580.42	1.9672	0.88866	1.4817	358.86	1.8033	32.429	0.047818	supercritical
475.00	26.000	336.95	0.0029678	505.72	582.88	1.9724	0.88880	1.4756	359.35	1.7962	32.388	0.047786	supercritical
476.67	26.000	334.73	0.0029874	507.66	585.34	1.9776	0.88894	1.4697	359.84	1.7889	32.349	0.047757	supercritical
478.33	26.000	332.55	0.0030070	509.60	587.78	1.9827	0.88910	1.4640	360.35	1.7815	32.313	0.047731	supercritical
480.00	26.000	330.41	0.0030266	511.52	590.22	1.9878	0.88927	1.4583	360.85	1.7739	32.279	0.047709	supercritical
481.67	26.000	328.30	0.0030460	513.44	592.64	1.9928	0.88945	1.4529	361.36	1.7663	32.247	0.047689	supercritical
483.33	26.000	326.22	0.0030654	515.36	595.06	1.9978	0.88964	1.4475	361.88	1.7585	32.218	0.047673	supercritical
485.00	26.000	324.18	0.0030847	517.26	597.47	2.0028	0.88985	1.4424	362.40	1.7507	32.190	0.047659	supercritical
486.67	26.000	322.17	0.0031040	519.16	599.87	2.0077	0.89007	1.4373	362.92	1.7427	32.165	0.047648	supercritical
488.33	26.000	320.19	0.0031231	521.06	602.26	2.0127	0.89030	1.4324	363.45	1.7347	32.142	0.047640	supercritical
490.00	26.000	318.24	0.0031422	522.94	604.64	2.0175	0.89054	1.4276	363.98	1.7265	32.120	0.047635	supercritical
491.67	26.000	316.33	0.0031613	524.82	607.02	2.0224	0.89080	1.4229	364.52	1.7183	32.101	0.047632	supercritical
493.33	26.000	314.44	0.0031803	526.70	609.38	2.0272	0.89106	1.4184	365.06	1.7101	32.083	0.047631	supercritical
495.00	26.000	312.58	0.0031992	528.57	611.74	2.0319	0.89134	1.4139	365.60	1.7017	32.067	0.047633	supercritical
496.67	26.000	310.75	0.0032180	530.43	614.10	2.0367	0.89162	1.4096	366.14	1.6934	32.053	0.047637	supercritical
498.33	26.000	308.95	0.0032368	532.29	616.44	2.0414	0.89192	1.4054	366.69	1.6849	32.040	0.047644	supercritical
500.00	26.000	307.17	0.0032555	534.14	618.78	2.0461	0.89222	1.4013	367.24	1.6764	32.029	0.047653	supercritical
501.67	26.000	305.42	0.0032741	535.99	621.11	2.0508	0.89254	1.3972	367.79	1.6679	32.020	0.047664	supercritical
503.33	26.000	303.70	0.0032927	537.83	623.44	2.0554	0.89286	1.3933	368.34	1.6593	32.012	0.047677	supercritical
505.00	26.000	302.00	0.0033113	539.67	625.76	2.0600	0.89320	1.3895	368.90	1.6508	32.005	0.047692	supercritical
506.67	26.000	300.32	0.0033297	541.50	628.07	2.0646	0.89354	1.3858	369.46	1.6421	32.000	0.047709	supercritical
508.33	26.000	298.67	0.0033481	543.33	630.38	2.0691	0.89389	1.3822	370.01	1.6335	31.996	0.047728	supercritical
510.00	26.000	297.05	0.0033665	545.15	632.68	2.0736	0.89426	1.3787	370.58	1.6248	31.993	0.047749	supercritical
511.67	26.000	295.44	0.0033848	546.97	634.97	2.0781	0.89462	1.3752	371.14	1.6161	31.992	0.047772	supercritical
513.33	26.000	293.86	0.0034030	548.78	637.26	2.0826	0.89500	1.3719	371.70	1.6074	31.991	0.047797	supercritical
515.00	26.000	292.30	0.0034212	550.60	639.55	2.0870	0.89539	1.3686	372.26	1.5987	31.992	0.047823	supercritical
516.67	26.000	290.75	0.0034393	552.40	641.82	2.0914	0.89578	1.3654	372.83	1.5899	31.995	0.047851	supercritical
518.33	26.000	289.24	0.0034574	554.21	644.10	2.0958	0.89618	1.3623	373.39	1.5812	31.998	0.047881	supercritical
520.00	26.000	287.74	0.0034754	556.01	646.37	2.1002	0.89659	1.3593	373.96	1.5724	32.002	0.047912	supercritical
521.67	26.000	286.26	0.0034934	557.80	648.63	2.1045	0.89700	1.3563	374.53	1.5637	32.007	0.047945	supercritical
523.33	26.000	284.80	0.0035113	559.59	650.89	2.1089	0.89743	1.3534	375.10	1.5550	32.014	0.047980	supercritical
525.00	26.000	283.35	0.0035291	561.38	653.14	2.1132	0.89786	1.3506	375.67	1.5462	32.021	0.048016	supercritical
526.67	26.000	281.93	0.0035470	563.17	655.39	2.1174	0.89829	1.3479	376.24	1.5375	32.029	0.048053	supercritical
528.33	26.000	280.53	0.0035647	564.95	657.63	2.1217	0.89873	1.3452	376.81	1.5287	32.038	0.048092	supercritical
530.00	26.000	279.14	0.0035824	566.73	659.87	2.1259	0.89918	1.3426	377.38	1.5200	32.049	0.048132	supercritical
531.67	26.000	277.77	0.0036001	568.51	662.11	2.1301	0.89964	1.3400	377.95	1.5113	32.060	0.048174	supercritical
533.33	26.000	276.42	0.0036177	570.28	664.34	2.1343	0.90010	1.3375	378.52	1.5026	32.071	0.048217	supercritical
535.00	26.000	275.08	0.0036352	572.05	666.57	2.1385	0.90057	1.3351	379.09	1.4940	32.084	0.048261	supercritical
536.67	26.000	273.77	0.0036528	573.82	668.79	2.1426	0.90104	1.3328	379.66	1.4853	32.097	0.048307	supercritical
538.33	26.000	272.46	0.0036702	575.58	671.01	2.1468	0.90152	1.3305	380.23	1.4766	32.112	0.048354	supercritical
540.00	26.000	271.18	0.0036877	577.35	673.23	2.1509	0.90200	1.3282	380.80	1.4680	32.127	0.048402	supercritical
541.67	26.000	269.90	0.0037050	579.11	675.44	2.1550	0.90249	1.3260	381.37	1.4594	32.142	0.048451	supercritical
543.33	26.000	268.65	0.0037224	580.86	677.65	2.1590	0.90298	1.3239	381.94	1.4508	32.159	0.048501	supercritical
545.00	26.000	267.40	0.0037397	582.62	679.85	2.1631	0.90348	1.3218	382.51	1.4423	32.176	0.048553	supercritical
546.67	26.000	266.18	0.0037569	584.37	682.05	2.1671	0.90398	1.3197	383.08	1.4338	32.193	0.048605	supercritical
548.33	26.000	264.96	0.0037741	586.12	684.25	2.1711	0.90449	1.3177	383.65	1.4252	32.212	0.048659	supercritical
550.00	26.000	263.76	0.0037913	587.87	686.44	2.1751	0.90500	1.3158	384.22	1.4168	32.231	0.048714	supercritical
551.67	26.000	262.58	0.0038084	589.62	688.64	2.1791	0.90552	1.3139	384.79	1.4083	32.251	0.048770	supercritical
553.33	26.000	261.41	0.0038254	591.36	690.82	2.1831	0.90604	1.3121	385.36	1.3999	32.271	0.048826	supercritical
555.00	26.000	260.25	0.0038425	593.10	693.01	2.1870	0.90657	1.3103	385.93	1.3915	32.292	0.048884	supercritical
556.67	26.000	259.10	0.0038595	594.84	695.19	2.1909	0.90710	1.3085	386.50	1.3831	32.313	0.048943	supercritical
558.33	26.000	257.97	0.0038764	596.58	697.37	2.1949	0.90763	1.3068	387.07	1.3748	32.335	0.049003	supercritical
560.00	26.000	256.85	0.0038933	598.32	699.55	2.1987	0.90817	1.3051	387.64	1.3665	32.358	0.049063	supercritical
561.67	26.000	255.74	0.0039102	600.06	701.72	2.2026	0.90871	1.3035	388.20	1.3582	32.381	0.049125	supercritical
563.33	26.000	254.64	0.0039271	601.79	703.89	2.2065	0.90925	1.3019	388.77	1.3500	32.404	0.049187	supercritical
565.00	26.000	253.56	0.0039439	603.52	706.06	2.2103	0.90980	1.3003	389.34	1.3418	32.428	0.049251	supercritical
566.67	26.000	252.49	0.0039606	605.25	708.23	2.2142	0.91035	1.2988	389.90	1.3336	32.453	0.049315	supercritical
568.33	26.000	251.42	0.0039773	606.98	710.39	2.2180	0.91091	1.2973	390.47	1.3255	32.478	0.049380	supercritical
570.00	26.000	250.37	0.0039940	608.71	712.55	2.2218	0.91146	1.2959	391.03	1.3174	32.503	0.049446	supercritical
571.67	26.000	249.33	0.0040107	610.43	714.71	2.2255	0.91202	1.2945	391.60	1.3093	32.529	0.049512	supercritical
573.33	26.000	248.31	0.0040273	612.16	716.87	2.2293	0.91259	1.2931	392.16	1.3013	32.556	0.049580	supercritical
575.00	26.000	247.29	0.0040439	613.88	719.02	2.2331	0.91315	1.2918	392.72	1.2933	32.582	0.049648	supercritical
576.67	26.000	246.28	0.0040604	615.60	721.17	2.2368	0.91372	1.2905	393.28	1.2854	32.610	0.049717	supercritical
578.33	26.000	245.28	0.0040769	617.32	723.32	2.2405	0.91430	1.2892	393.84	1.2775	32.637	0.049787	supercritical
580.00	26.000	244.29	0.0040934	619.04	725.47	2.2442	0.91487	1.2880	394.40	1.2696	32.665	0.049857	supercritical
581.67	26.000	243.32	0.0041099	620.76	727.62	2.2479	0.91545	1.2868	394.96	1.2618	32.694	0.049928	supercritical
583.33	26.000	242.35	0.0041263	622.48	729.76	2.2516	0.91603	1.2856	395.52	1.2540	32.723	0.050000	supercritical
585.00	26.000	241.39	0.0041427	624.19	731.90	2.2553	0.91661	1.2844	396.08	1.2462	32.752	0.050072	supercritical
586.67	26.000	240.44	0.0041590	625.91	734.04	2.2589	0.91719	1.2833	396.64	1.2385	32.781	0.050146	supercritical
588.33	26.000	239.50	0.0041753	627.62	736.18	2.2626	0.91778	1.2822	397.19	1.2308	32.811	0.050219	supercritical
590.00	26.000	238.57	0.0041916	629.33	738.31	2.2662	0.91837	1.2812	397.75	1.2231	32.841	0.050294	supercritical
591.67	26.000	237.65	0.0042079	631.04	740.45	2.2698	0.91896	1.2801	398.31	1.2155	32.872	0.050369	supercritical
593.33	26.000	236.74	0.0042241	632.76	742.58	2.2734	0.91955	1.2791	398.86	1.2080	32.903	0.050445	supercritical
595.00	26.000	235.83	0.0042403	634.47	744.71	2.2770	0.92014	1.2781	399.41	1.2004	32.934	0.050521	supercritical
596.67	26.000	234.94	0.0042564	636.17	746.84	2.2806	0.92074	1.2772	399.97	1.1929	32.965	0.050598	supercritical
598.33	26.000	234.05	0.0042726	637.88	748.97	2.2841	0.92134	1.2762	400.52	1.1855	32.997	0.050675	supercritical
600.00	26.000	233.17	0.0042887	639.59	751.10	2.2877	0.92194	1.2753	401.07	1.1781	33.029	0.050753	supercritical
601.67	26.000	232.30	0.0043047	641.30	753.22	2.2912	0.92254	1.2744	401.62	1.1707	33.062	0.050832	supercritical
603.33	26.000	231.44	0.0043208	643.00	755.34	2.2947	0.92314	1.2736	402.17	1.1634	33.094	0.050911	supercritical
605.00	26.000	230.59	0.0043368	644.71	757.47	2.2982	0.92375	1.2727	402.72	1.1561	33.127	0.050991	supercritical
606.67	26.000	229.74	0.0043528	646.41	759.59	2.3017	0.92435	1.2719	403.26	1.1488	33.160	0.051071	supercritical
608.33	26.000	228.90	0.0043687	648.12	761.71	2.3052	0.92496	1.2711	403.81	1.1416	33.194	0.051152	supercritical
610.00	26.000	228.07	0.0043847	649.82	763.82	2.3087	0.92557	1.2703	404.35	1.1344	33.227	0.051233	supercritical
611.67	26.000	227.24	0.0044006	651.53	765.94	2.3122	0.92618	1.2696	404.90	1.1273	33.261	0.051315	supercritical
613.33	26.000	226.43	0.0044164	653.23	768.06	2.3156	0.92679	1.2688	405.44	1.1202	33.296	0.051397	supercritical
615.00	26.000	225.62	0.0044323	654.93	770.17	2.3191	0.92740	1.2681	405.99	1.1132	33.330	0.051480	supercritical
616.67	26.000	224.81	0.0044481	656.63	772.28	2.3225	0.92801	1.2674	406.53	1.1061	33.365	0.051563	supercritical
618.33	26.000	224.02	0.0044639	658.33	774.39	2.3259	0.92862	1.2667	407.07	1.0992	33.400	0.051646	supercritical
620.00	26.000	223.23	0.0044797	660.03	776.51	2.3293	0.92924	1.2661	407.61	1.0922	33.435	0.051730	supercritical
621.67	26.000	222.45	0.0044954	661.73	778.61	2.3327	0.92985	1.2654	408.15	1.0853	33.470	0.051815	supercritical
623.33	26.000	221.67	0.0045112	663.43	780.72	2.3361	0.93047	1.2648	408.69	1.0785	33.506	0.051900	supercritical
625.00	26.000	220.90	0.0045269	665.13	782.83	2.3395	0.93109	1.2642	409.23	1.0717	33.541	0.051985	supercritical
626.67	26.000	220.14	0.0045425	666.83	784.94	2.3429	0.93171	1.2636	409.76	1.0649	33.577	0.052071	supercritical
628.33	26.000	219.39	0.0045582	668.53	787.04	2.3462	0.93232	1.2631	410.30	1.0581	33.614	0.052157	supercritical
630.00	26.000	218.64	0.0045738	670.23	789.15	2.3496	0.93294	1.2625	410.83	1.0514	33.650	0.052244	supercritical
631.67	26.000	217.89	0.0045894	671.93	791.25	2.3529	0.93356	1.2620	411.37	1.0448	33.686	0.052331	supercritical
633.33	26.000	217.16	0.0046050	673.62	793.35	2.3562	0.93418	1.2614	411.90	1.0381	33.723	0.052418	supercritical
635.00	26.000	216.43	0.0046205	675.32	795.46	2.3595	0.93481	1.2609	412.43	1.0315	33.760	0.052506	supercritical
636.67	26.000	215.70	0.0046361	677.02	797.56	2.3628	0.93543	1.2605	412.96	1.0250	33.797	0.052594	supercritical
638.33	26.000	214.98	0.0046516	678.72	799.66	2.3661	0.93605	1.2600	413.49	1.0185	33.834	0.052683	supercritical
640.00	26.000	214.27	0.0046670	680.41	801.76	2.3694	0.93667	1.2595	414.02	1.0120	33.872	0.052772	supercritical
641.67	26.000	213.56	0.0046825	682.11	803.86	2.3727	0.93730	1.2591	414.55	1.0056	33.909	0.052861	supercritical
643.33	26.000	212.86	0.0046979	683.81	805.95	2.3760	0.93792	1.2586	415.08	0.99915	33.947	0.052951	supercritical
645.00	26.000	212.16	0.0047134	685.50	808.05	2.3792	0.93854	1.2582	415.61	0.99279	33.985	0.053041	supercritical
646.67	26.000	211.47	0.0047288	687.20	810.15	2.3825	0.93917	1.2578	416.13	0.98646	34.023	0.053131	supercritical
648.33	26.000	210.79	0.0047441	688.90	812.24	2.3857	0.93979	1.2574	416.66	0.98017	34.061	0.053222	supercritical
650.00	26.000	210.11	0.0047595	690.59	814.34	2.3889	0.94041	1.2570	417.18	0.97392	34.100	0.053313	supercritical
651.67	26.000	209.43	0.0047748	692.29	816.43	2.3921	0.94104	1.2567	417.70	0.96770	34.138	0.053404	supercritical
653.33	26.000	208.76	0.0047901	693.98	818.53	2.3954	0.94166	1.2563	418.23	0.96152	34.177	0.053495	supercritical
655.00	26.000	208.10	0.0048054	695.68	820.62	2.3986	0.94229	1.2560	418.75	0.95537	34.215	0.053587	supercritical
656.67	26.000	207.44	0.0048207	697.38	822.71	2.4017	0.94291	1.2556	419.27	0.94927	34.254	0.053680	supercritical
658.33	26.000	206.78	0.0048359	699.07	824.81	2.4049	0.94354	1.2553	419.79	0.94319	34.293	0.053772	supercritical
660.00	26.000	206.14	0.0048512	700.77	826.90	2.4081	0.94416	1.2550	420.30	0.93716	34.332	0.053865	supercritical
661.67	26.000	205.49	0.0048664	702.46	828.99	2.4113	0.94479	1.2547	420.82	0.93115	34.372	0.053958	supercritical
663.33	26.000	204.85	0.0048816	704.16	831.08	2.4144	0.94541	1.2544	421.34	0.92519	34.411	0.054051	supercritical
665.00	26.000	204.22	0.0048968	705.86	833.17	2.4176	0.94604	1.2541	421.85	0.91925	34.451	0.054145	supercritical
666.67	26.000	203.59	0.0049119	707.55	835.26	2.4207	0.94666	1.2539	422.37	0.91336	34.490	0.054239	supercritical
668.33	26.000	202.96	0.0049270	709.25	837.35	2.4238	0.94729	1.2536	422.88	0.90750	34.530	0.054333	supercritical
670.00	26.000	202.34	0.0049422	710.95	839.44	2.4270	0.94791	1.2534	423.40	0.90167	34.570	0.054427	supercritical
671.67	26.000	201.72	0.0049572	712.64	841.53	2.4301	0.94853	1.2531	423.91	0.89587	34.610	0.054522	supercritical
673.33	26.000	201.11	0.0049723	714.34	843.62	2.4332	0.94916	1.2529	424.42	0.89011	34.650	0.054617	supercritical
675.00	26.000	200.51	0.0049874	716.03	845.71	2.4363	0.94978	1.2527	424.93	0.88439	34.690	0.054712	supercritical
676.67	26.000	199.90	0.0050024	717.73	847.79	2.4394	0.95040	1.2525	425.44	0.87870	34.730	0.054808	supercritical
678.33	26.000	199.30	0.0050174	719.43	849.88	2.4424	0.95103	1.2523	425.95	0.87304	34.771	0.054903	supercritical
680.00	26.000	198.71	0.0050325	721.12	851.97	2.4455	0.95165	1.2521	426.46	0.86741	34.811	0.054999	supercritical
681.67	26.000	198.12	0.0050474	722.82	854.05	2.4486	0.95227	1.2519	426.96	0.86182	34.852	0.055096	supercritical
683.33	26.000	197.53	0.0050624	724.52	856.14	2.4516	0.95289	1.2518	427.47	0.85626	34.892	0.055192	supercritical
685.00	26.000	196.95	0.0050774	726.22	858.23	2.4547	0.95352	1.2516	427.97	0.85073	34.933	0.055289	supercritical
686.67	26.000	196.37	0.0050923	727.91	860.31	2.4577	0.95414	1.2515	428.48	0.84524	34.974	0.055385	supercritical
688.33	26.000	195.80	0.0051072	729.61	862.40	2.4608	0.95476	1.2513	428.98	0.83978	35.015	0.055482	supercritical
690.00	26.000	195.23	0.0051221	731.31	864.48	2.4638	0.95538	1.2512	429.48	0.83435	35.056	0.055580	supercritical
691.67	26.000	194.67	0.0051370	733.01	866.57	2.4668	0.95600	1.2511	429.98	0.82895	35.097	0.055677	supercritical
693.33	26.000	194.10	0.0051519	734.71	868.65	2.4698	0.95662	1.2509	430.49	0.82358	35.138	0.055775	supercritical
695.00	26.000	193.55	0.0051667	736.40	870.74	2.4728	0.95724	1.2508	430.99	0.81825	35.179	0.055873	supercritical
696.67	26.000	192.99	0.0051816	738.10	872.82	2.4758	0.95785	1.2507	431.48	0.81294	35.221	0.055971	supercritical
698.33	26.000	192.44	0.0051964	739.80	874.91	2.4788	0.95847	1.2506	431.98	0.80767	35.262	0.056069	supercritical
700.00	26.000	191.89	0.0052112	741.50	876.99	2.4818	0.95909	1.2505	432.48	0.80243	35.304	0.056167	supercritical
701.67	26.000	191.35	0.0052260	743.20	879.08	2.4848	0.95971	1.2505	432.98	0.79722	35.345	0.056266	supercritical
703.33	26.000	190.81	0.0052408	744.90	881.16	2.4877	0.96032	1.2504	433.47	0.79204	35.387	0.056365	supercritical
705.00	26.000	190.28	0.0052555	746.60	883.24	2.4907	0.96094	1.2503	433.97	0.78689	35.428	0.056464	supercritical
706.67	26.000	189.74	0.0052703	748.30	885.33	2.4936	0.96155	1.2502	434.46	0.78177	35.470	0.056563	supercritical
708.33	26.000	189.22	0.0052850	750.00	887.41	2.4966	0.96217	1.2502	434.95	0.77667	35.512	0.056662	supercritical
710.00	26.000	188.69	0.0052997	751.70	889.50	2.4995	0.96278	1.2501	435.45	0.77161	35.554	0.056762	supercritical
711.67	26.000	188.17	0.0053144	753.41	891.58	2.5025	0.96339	1.2501	435.94	0.76658	35.596	0.056862	supercritical
713.33	26.000	187.65	0.0053291	755.11	893.66	2.5054	0.96400	1.2501	436.43	0.76158	35.638	0.056962	supercritical
715.00	26.000	187.13	0.0053437	756.81	895.75	2.5083	0.96462	1.2500	436.92	0.75660	35.680	0.057062	supercritical
716.67	26.000	186.62	0.0053584	758.51	897.83	2.5112	0.96523	1.2500	437.41	0.75166	35.722	0.057162	supercritical
718.33	26.000	186.11	0.0053730	760.21	899.91	2.5141	0.96584	1.2500	437.90	0.74674	35.764	0.057262	supercritical
720.00	26.000	185.61	0.0053877	761.92	902.00	2.5170	0.96645	1.2500	438.38	0.74186	35.807	0.057363	supercritical
721.67	26.000	185.11	0.0054023	763.62	904.08	2.5199	0.96705	1.2500	438.87	0.73700	35.849	0.057463	supercritical
723.33	26.000	184.61	0.0054169	765.32	906.16	2.5228	0.96766	1.2500	439.35	0.73216	35.891	0.057564	supercritical
725.00	26.000	184.11	0.0054315	767.03	908.25	2.5257	0.96827	1.2500	439.84	0.72736	35.934	0.057665	supercritical
726.67	26.000	183.62	0.0054460	768.73	910.33	2.5285	0.96887	1.2500	440.32	0.72258	35.976	0.057766	supercritical
728.33	26.000	183.13	0.0054606	770.44	912.41	2.5314	0.96948	1.2500	440.81	0.71784	36.018	0.057867	supercritical
730.00	26.000	182.64	0.0054751	772.14	914.50	2.5342	0.97008	1.2500	441.29	0.71311	36.061	0.057969	supercritical
731.67	26.000	182.16	0.0054896	773.85	916.58	2.5371	0.97069	1.2500	441.77	0.70842	36.104	0.058070	supercritical
733.33	26.000	181.68	0.0055042	775.55	918.66	2.5399	0.97129	1.2501	442.25	0.70375	36.146	0.058172	supercritical
735.00	26.000	181.20	0.0055187	777.26	920.75	2.5428	0.97189	1.2501	442.73	0.69911	36.189	0.058274	supercritical
736.67	26.000	180.73	0.0055332	778.97	922.83	2.5456	0.97249	1.2501	443.21	0.69450	36.232	0.058375	supercritical
738.33	26.000	180.26	0.0055476	780.68	924.91	2.5484	0.97309	1.2502	443.69	0.68991	36.274	0.058477	supercritical
740.00	26.000	179.79	0.0055621	782.38	927.00	2.5513	0.97369	1.2502	444.17	0.68535	36.317	0.058580	supercritical
741.67	26.000	179.32	0.0055765	784.09	929.08	2.5541	0.97429	1.2503	444.65	0.68081	36.360	0.058682	supercritical
743.33	26.000	178.86	0.0055910	785.80	931.16	2.5569	0.97489	1.2503	445.12	0.67630	36.403	0.058784	supercritical
745.00	26.000	178.40	0.0056054	787.51	933.25	2.5597	0.97549	1.2504	445.60	0.67182	36.446	0.058887	supercritical
746.67	26.000	177.94	0.0056198	789.22	935.33	2.5625	0.97608	1.2505	446.07	0.66736	36.489	0.058989	supercritical
748.33	26.000	177.49	0.0056342	790.93	937.42	2.5653	0.97668	1.2505	446.55	0.66293	36.532	0.059092	supercritical
750.00	26.000	177.03	0.0056486	792.64	939.50	2.5680	0.97727	1.2506	447.02	0.65852	36.575	0.059195	supercritical
751.67	26.000	176.59	0.0056630	794.35	941.59	2.5708	0.97786	1.2507	447.49	0.65414	36.618	0.059298	supercritical
753.33	26.000	176.14	0.0056774	796.06	943.67	2.5736	0.97845	1.2508	447.96	0.64978	36.661	0.059401	supercritical
755.00	26.000	175.69	0.0056917	797.77	945.75	2.5764	0.97904	1.2509	448.43	0.64544	36.704	0.059504	supercritical
756.67	26.000	175.25	0.0057060	799.48	947.84	2.5791	0.97963	1.2509	448.90	0.64113	36.747	0.059607	supercritical
758.33	26.000	174.81	0.0057204	801.19	949.92	2.5819	0.98022	1.2510	449.37	0.63685	36.791	0.059711	supercritical
760.00	26.000	174.38	0.0057347	802.91	952.01	2.5846	0.98081	1.2511	449.84	0.63259	36.834	0.059814	supercritical
761.67	26.000	173.94	0.0057490	804.62	954.10	2.5874	0.98140	1.2512	450.31	0.62835	36.877	0.059918	supercritical
763.33	26.000	173.51	0.0057633	806.33	956.18	2.5901	0.98198	1.2513	450.78	0.62413	36.920	0.060021	supercritical
765.00	26.000	173.08	0.0057776	808.05	958.27	2.5928	0.98257	1.2514	451.24	0.61994	36.964	0.060125	supercritical
766.67	26.000	172.66	0.0057918	809.76	960.35	2.5955	0.98315	1.2516	451.71	0.61578	37.007	0.060229	supercritical
768.33	26.000	172.23	0.0058061	811.48	962.44	2.5983	0.98373	1.2517	452.18	0.61163	37.050	0.060333	supercritical
770.00	26.000	171.81	0.0058204	813.20	964.52	2.6010	0.98432	1.2518	452.64	0.60751	37.094	0.060437	supercritical
771.67	26.000	171.39	0.0058346	814.91	966.61	2.6037	0.98490	1.2519	453.10	0.60341	37.137	0.060541	supercritical
773.33	26.000	170.97	0.0058488	816.63	968.70	2.6064	0.98548	1.2520	453.57	0.59934	37.180	0.060645	supercritical
775.00	26.000	170.56	0.0058630	818.35	970.78	2.6091	0.98605	1.2522	454.03	0.59529	37.224	0.060749	supercritical
776.67	26.000	170.15	0.0058772	820.06	972.87	2.6118	0.98663	1.2523	454.49	0.59125	37.267	0.060853	supercritical
778.33	26.000	169.74	0.0058914	821.78	974.96	2.6144	0.98721	1.2524	454.95	0.58725	37.311	0.060958	supercritical
780.00	26.000	169.33	0.0059056	823.50	977.05	2.6171	0.98778	1.2526	455.41	0.58326	37.354	0.061062	supercritical
781.67	26.000	168.92	0.0059198	825.22	979.13	2.6198	0.98836	1.2527	455.87	0.57930	37.398	0.061167	supercritical
783.33	26.000	168.52	0.0059340	826.94	981.22	2.6225	0.98893	1.2528	456.33	0.57535	37.442	0.061271	supercritical
785.00	26.000	168.12	0.0059481	828.66	983.31	2.6251	0.98950	1.2530	456.79	0.57143	37.485	0.061376	supercritical
786.67	26.000	167.72	0.0059623	830.38	985.40	2.6278	0.99007	1.2531	457.24	0.56753	37.529	0.061481	supercritical
788.33	26.000	167.32	0.0059764	832.10	987.49	2.6304	0.99064	1.2533	457.70	0.56365	37.572	0.061586	supercritical
790.00	26.000	166.93	0.0059905	833.82	989.58	2.6331	0.99121	1.2534	458.16	0.55980	37.616	0.061691	supercritical
791.67	26.000	166.54	0.0060046	835.54	991.67	2.6357	0.99178	1.2536	458.61	0.55596	37.660	0.061795	supercritical
793.33	26.000	166.15	0.0060187	837.27	993.75	2.6384	0.99235	1.2537	459.07	0.55215	37.703	0.061901	supercritical
795.00	26.000	165.76	0.0060328	838.99	995.84	2.6410	0.99291	1.2539	459.52	0.54835	37.747	0.062006	supercritical
796.67	26.000	165.37	0.0060469	840.71	997.93	2.6436	0.99348	1.2541	459.97	0.54458	37.791	0.062111	supercritical
798.33	26.000	164.99	0.0060610	842.44	1000.0	2.6462	0.99404	1.2542	460.43	0.54082	37.834	0.062216	supercritical
800.00	26.000	164.61	0.0060751	844.16	1002.1	2.6489	0.99460	1.2544	460.88	0.53709	37.878	0.062321	supercritical
801.67	26.000	164.23	0.0060891	845.89	1004.2	2.6515	0.99516	1.2546	461.33	0.53338	37.922	0.062427	supercritical
803.33	26.000	163.85	0.0061032	847.61	1006.3	2.6541	0.99572	1.2547	461.78	0.52968	37.966	0.062532	supercritical
805.00	26.000	163.47	0.0061172	849.34	1008.4	2.6567	0.99628	1.2549	462.23	0.52601	38.009	0.062637	supercritical
806.67	26.000	163.10	0.0061312	851.07	1010.5	2.6593	0.99684	1.2551	462.68	0.52235	38.053	0.062743	supercritical
808.33	26.000	162.73	0.0061452	852.80	1012.6	2.6619	0.99739	1.2553	463.13	0.51872	38.097	0.062848	supercritical
810.00	26.000	162.36	0.0061592	854.52	1014.7	2.6645	0.99795	1.2555	463.58	0.51511	38.141	0.062954	supercritical
811.67	26.000	161.99	0.0061732	856.25	1016.8	2.6670	0.99850	1.2556	464.02	0.51151	38.184	0.063060	supercritical
813.33	26.000	161.62	0.0061872	857.98	1018.8	2.6696	0.99906	1.2558	464.47	0.50793	38.228	0.063165	supercritical
815.00	26.000	161.26	0.0062012	859.71	1020.9	2.6722	0.99961	1.2560	464.92	0.50437	38.272	0.063271	supercritical
816.67	26.000	160.90	0.0062152	861.44	1023.0	2.6747	1.0002	1.2562	465.36	0.50084	38.316	0.063377	supercritical
818.33	26.000	160.54	0.0062292	863.17	1025.1	2.6773	1.0007	1.2564	465.81	0.49732	38.360	0.063483	supercritical
820.00	26.000	160.18	0.0062431	864.90	1027.2	2.6799	1.0013	1.2566	466.25	0.49381	38.404	0.063588	supercritical
821.67	26.000	159.82	0.0062571	866.64	1029.3	2.6824	1.0018	1.2568	466.69	0.49033	38.447	0.063694	supercritical
823.33	26.000	159.46	0.0062710	868.37	1031.4	2.6850	1.0023	1.2570	467.14	0.48687	38.491	0.063800	supercritical
825.00	26.000	159.11	0.0062849	870.10	1033.5	2.6875	1.0029	1.2572	467.58	0.48342	38.535	0.063906	supercritical
826.67	26.000	158.76	0.0062988	871.83	1035.6	2.6900	1.0034	1.2574	468.02	0.47999	38.579	0.064012	supercritical
828.33	26.000	158.41	0.0063128	873.57	1037.7	2.6926	1.0040	1.2576	468.46	0.47658	38.623	0.064118	supercritical
830.00	26.000	158.06	0.0063267	875.30	1039.8	2.6951	1.0045	1.2578	468.90	0.47319	38.667	0.064224	supercritical
831.67	26.000	157.71	0.0063406	877.04	1041.9	2.6976	1.0051	1.2580	469.34	0.46981	38.711	0.064330	supercritical
833.33	26.000	157.37	0.0063544	878.77	1044.0	2.7001	1.0056	1.2582	469.78	0.46645	38.755	0.064437	supercritical
835.00	26.000	157.03	0.0063683	880.51	1046.1	2.7027	1.0061	1.2584	470.22	0.46311	38.798	0.064543	supercritical
836.67	26.000	156.69	0.0063822	882.25	1048.2	2.7052	1.0067	1.2586	470.66	0.45979	38.842	0.064649	supercritical
838.33	26.000	156.35	0.0063960	883.98	1050.3	2.7077	1.0072	1.2588	471.10	0.45649	38.886	0.064755	supercritical
840.00	26.000	156.01	0.0064099	885.72	1052.4	2.7102	1.0077	1.2590	471.53	0.45320	38.930	0.064862	supercritical
841.67	26.000	155.67	0.0064237	887.46	1054.5	2.7127	1.0083	1.2592	471.97	0.44993	38.974	0.064968	supercritical
843.33	26.000	155.34	0.0064376	889.20	1056.6	2.7152	1.0088	1.2594	472.40	0.44667	39.018	0.065074	supercritical
845.00	26.000	155.00	0.0064514	890.94	1058.7	2.7176	1.0093	1.2596	472.84	0.44343	39.062	0.065181	supercritical
846.67	26.000	154.67	0.0064652	892.68	1060.8	2.7201	1.0099	1.2599	473.27	0.44021	39.106	0.065287	supercritical
848.33	26.000	154.34	0.0064791	894.42	1062.9	2.7226	1.0104	1.2601	473.71	0.43701	39.150	0.065393	supercritical
850.00	26.000	154.02	0.0064929	896.16	1065.0	2.7251	1.0109	1.2603	474.14	0.43382	39.194	0.065500	supercritical
851.67	26.000	153.69	0.0065067	897.90	1067.1	2.7275	1.0114	1.2605	474.57	0.43064	39.238	0.065606	supercritical
853.33	26.000	153.36	0.0065205	899.65	1069.2	2.7300	1.0120	1.2607	475.00	0.42749	39.282	0.065713	supercritical
855.00	26.000	153.04	0.0065342	901.39	1071.3	2.7325	1.0125	1.2610	475.44	0.42435	39.325	0.065819	supercritical
856.67	26.000	152.72	0.0065480	903.13	1073.4	2.7349	1.0130	1.2612	475.87	0.42122	39.369	0.065926	supercritical
858.33	26.000	152.40	0.0065618	904.88	1075.5	2.7374	1.0135	1.2614	476.30	0.41812	39.413	0.066032	supercritical
860.00	26.000	152.08	0.0065755	906.62	1077.6	2.7398	1.0141	1.2616	476.73	0.41502	39.457	0.066139	supercritical
861.67	26.000	151.76	0.0065893	908.37	1079.7	2.7423	1.0146	1.2619	477.16	0.41195	39.501	0.066246	supercritical
863.33	26.000	151.45	0.0066030	910.11	1081.8	2.7447	1.0151	1.2621	477.58	0.40888	39.545	0.066352	supercritical
865.00	26.000	151.13	0.0066168	911.86	1083.9	2.7471	1.0156	1.2623	478.01	0.40584	39.589	0.066459	supercritical
866.67	26.000	150.82	0.0066305	913.61	1086.0	2.7496	1.0161	1.2625	478.44	0.40281	39.633	0.066566	supercritical
868.33	26.000	150.51	0.0066442	915.35	1088.1	2.7520	1.0166	1.2628	478.87	0.39979	39.677	0.066672	supercritical
870.00	26.000	150.20	0.0066580	917.10	1090.2	2.7544	1.0171	1.2630	479.29	0.39679	39.721	0.066779	supercritical
871.67	26.000	149.89	0.0066717	918.85	1092.3	2.7568	1.0177	1.2632	479.72	0.39380	39.765	0.066886	supercritical
873.33	26.000	149.58	0.0066854	920.60	1094.4	2.7593	1.0182	1.2635	480.14	0.39083	39.809	0.066992	supercritical
875.00	26.000	149.27	0.0066991	922.35	1096.5	2.7617	1.0187	1.2637	480.57	0.38788	39.852	0.067099	supercritical
876.67	26.000	148.97	0.0067128	924.10	1098.6	2.7641	1.0192	1.2639	480.99	0.38493	39.896	0.067206	supercritical
878.33	26.000	148.67	0.0067264	925.85	1100.7	2.7665	1.0197	1.2642	481.42	0.38201	39.940	0.067312	supercritical
880.00	26.000	148.37	0.0067401	927.60	1102.8	2.7689	1.0202	1.2644	481.84	0.37909	39.984	0.067419	supercritical
881.67	26.000	148.06	0.0067538	929.36	1105.0	2.7713	1.0207	1.2647	482.26	0.37619	40.028	0.067526	supercritical
883.33	26.000	147.77	0.0067675	931.11	1107.1	2.7736	1.0212	1.2649	482.68	0.37331	40.072	0.067633	supercritical
885.00	26.000	147.47	0.0067811	932.86	1109.2	2.7760	1.0217	1.2651	483.11	0.37044	40.116	0.067739	supercritical
886.67	26.000	147.17	0.0067948	934.61	1111.3	2.7784	1.0222	1.2654	483.53	0.36758	40.160	0.067846	supercritical
888.33	26.000	146.88	0.0068084	936.37	1113.4	2.7808	1.0227	1.2656	483.95	0.36474	40.204	0.067953	supercritical
890.00	26.000	146.58	0.0068220	938.12	1115.5	2.7832	1.0232	1.2659	484.37	0.36191	40.247	0.068060	supercritical
891.67	26.000	146.29	0.0068357	939.88	1117.6	2.7855	1.0237	1.2661	484.79	0.35910	40.291	0.068166	supercritical
893.33	26.000	146.00	0.0068493	941.64	1119.7	2.7879	1.0242	1.2663	485.20	0.35630	40.335	0.068273	supercritical
895.00	26.000	145.71	0.0068629	943.39	1121.8	2.7903	1.0247	1.2666	485.62	0.35351	40.379	0.068380	supercritical
896.67	26.000	145.42	0.0068765	945.15	1123.9	2.7926	1.0252	1.2668	486.04	0.35074	40.423	0.068487	supercritical
898.33	26.000	145.14	0.0068901	946.91	1126.1	2.7950	1.0257	1.2671	486.46	0.34798	40.467	0.068594	supercritical
900.00	26.000	144.85	0.0069037	948.67	1128.2	2.7973	1.0262	1.2673	486.87	0.34523	40.510	0.068700	supercritical
901.67	26.000	144.56	0.0069173	950.43	1130.3	2.7997	1.0267	1.2676	487.29	0.34250	40.554	0.068807	supercritical
903.33	26.000	144.28	0.0069309	952.18	1132.4	2.8020	1.0271	1.2678	487.71	0.33978	40.598	0.068914	supercritical
905.00	26.000	144.00	0.0069445	953.95	1134.5	2.8043	1.0276	1.2681	488.12	0.33707	40.642	0.069021	supercritical
906.67	26.000	143.72	0.0069581	955.71	1136.6	2.8067	1.0281	1.2683	488.54	0.33437	40.686	0.069128	supercritical
908.33	26.000	143.44	0.0069716	957.47	1138.7	2.8090	1.0286	1.2685	488.95	0.33169	40.730	0.069234	supercritical
910.00	26.000	143.16	0.0069852	959.23	1140.8	2.8113	1.0291	1.2688	489.36	0.32902	40.773	0.069341	supercritical
911.67	26.000	142.88	0.0069987	960.99	1143.0	2.8136	1.0296	1.2690	489.78	0.32637	40.817	0.069448	supercritical
913.33	26.000	142.61	0.0070123	962.75	1145.1	2.8160	1.0300	1.2693	490.19	0.32372	40.861	0.069555	supercritical
915.00	26.000	142.33	0.0070258	964.52	1147.2	2.8183	1.0305	1.2695	490.60	0.32109	40.905	0.069662	supercritical
916.67	26.000	142.06	0.0070394	966.28	1149.3	2.8206	1.0310	1.2698	491.01	0.31847	40.948	0.069768	supercritical
918.33	26.000	141.79	0.0070529	968.05	1151.4	2.8229	1.0315	1.2700	491.42	0.31587	40.992	0.069875	supercritical
920.00	26.000	141.51	0.0070664	969.81	1153.5	2.8252	1.0320	1.2703	491.83	0.31327	41.036	0.069982	supercritical
921.67	26.000	141.24	0.0070799	971.58	1155.7	2.8275	1.0324	1.2705	492.24	0.31069	41.080	0.070089	supercritical
923.33	26.000	140.97	0.0070935	973.34	1157.8	2.8298	1.0329	1.2708	492.65	0.30812	41.123	0.070195	supercritical
925.00	26.000	140.71	0.0071070	975.11	1159.9	2.8321	1.0334	1.2710	493.06	0.30556	41.167	0.070302	supercritical
926.67	26.000	140.44	0.0071205	976.88	1162.0	2.8344	1.0339	1.2713	493.47	0.30302	41.211	0.070409	supercritical
928.33	26.000	140.17	0.0071340	978.65	1164.1	2.8367	1.0343	1.2716	493.88	0.30048	41.254	0.070516	supercritical
930.00	26.000	139.91	0.0071475	980.42	1166.2	2.8389	1.0348	1.2718	494.29	0.29796	41.298	0.070622	supercritical
931.67	26.000	139.65	0.0071609	982.19	1168.4	2.8412	1.0353	1.2721	494.69	0.29545	41.342	0.070729	supercritical
933.33	26.000	139.38	0.0071744	983.96	1170.5	2.8435	1.0357	1.2723	495.10	0.29295	41.385	0.070836	supercritical
935.00	26.000	139.12	0.0071879	985.73	1172.6	2.8458	1.0362	1.2726	495.51	0.29046	41.429	0.070942	supercritical
936.67	26.000	138.86	0.0072014	987.50	1174.7	2.8480	1.0367	1.2728	495.91	0.28799	41.473	0.071049	supercritical
938.33	26.000	138.60	0.0072148	989.27	1176.9	2.8503	1.0371	1.2731	496.32	0.28552	41.516	0.071156	supercritical
940.00	26.000	138.35	0.0072283	991.04	1179.0	2.8525	1.0376	1.2733	496.72	0.28307	41.560	0.071262	supercritical
941.67	26.000	138.09	0.0072417	992.81	1181.1	2.8548	1.0380	1.2736	497.13	0.28063	41.604	0.071369	supercritical
943.33	26.000	137.83	0.0072552	994.59	1183.2	2.8571	1.0385	1.2738	497.53	0.27820	41.647	0.071476	supercritical
945.00	26.000	137.58	0.0072686	996.36	1185.3	2.8593	1.0390	1.2741	497.93	0.27578	41.691	0.071582	supercritical
946.67	26.000	137.32	0.0072821	998.13	1187.5	2.8616	1.0394	1.2744	498.34	0.27337	41.734	0.071689	supercritical
948.33	26.000	137.07	0.0072955	999.91	1189.6	2.8638	1.0399	1.2746	498.74	0.27097	41.778	0.071796	supercritical
950.00	26.000	136.82	0.0073089	1001.7	1191.7	2.8660	1.0403	1.2749	499.14	0.26859	41.822	0.071902	supercritical
951.67	26.000	136.57	0.0073223	1003.5	1193.8	2.8683	1.0408	1.2751	499.54	0.26621	41.865	0.072009	supercritical
953.33	26.000	136.32	0.0073358	1005.2	1196.0	2.8705	1.0412	1.2754	499.94	0.26385	41.909	0.072115	supercritical
955.00	26.000	136.07	0.0073492	1007.0	1198.1	2.8727	1.0417	1.2756	500.34	0.26149	41.952	0.072222	supercritical
956.67	26.000	135.82	0.0073626	1008.8	1200.2	2.8749	1.0421	1.2759	500.74	0.25915	41.996	0.072328	supercritical
958.33	26.000	135.58	0.0073760	1010.6	1202.3	2.8772	1.0426	1.2761	501.14	0.25682	42.039	0.072435	supercritical
960.00	26.000	135.33	0.0073894	1012.3	1204.5	2.8794	1.0430	1.2764	501.54	0.25449	42.083	0.072541	supercritical
961.67	26.000	135.08	0.0074028	1014.1	1206.6	2.8816	1.0435	1.2767	501.94	0.25218	42.126	0.072648	supercritical
963.33	26.000	134.84	0.0074161	1015.9	1208.7	2.8838	1.0439	1.2769	502.34	0.24988	42.170	0.072754	supercritical
965.00	26.000	134.60	0.0074295	1017.7	1210.9	2.8860	1.0444	1.2772	502.74	0.24759	42.213	0.072861	supercritical
966.67	26.000	134.36	0.0074429	1019.5	1213.0	2.8882	1.0448	1.2774	503.14	0.24531	42.257	0.072967	supercritical
968.33	26.000	134.12	0.0074563	1021.3	1215.1	2.8904	1.0453	1.2777	503.53	0.24303	42.300	0.073073	supercritical
970.00	26.000	133.88	0.0074696	1023.0	1217.2	2.8926	1.0457	1.2779	503.93	0.24077	42.344	0.073180	supercritical
971.67	26.000	133.64	0.0074830	1024.8	1219.4	2.8948	1.0461	1.2782	504.33	0.23852	42.387	0.073286	supercritical
973.33	26.000	133.40	0.0074964	1026.6	1221.5	2.8970	1.0466	1.2785	504.72	0.23628	42.430	0.073392	supercritical
975.00	26.000	133.16	0.0075097	1028.4	1223.6	2.8992	1.0470	1.2787	505.12	0.23405	42.474	0.073499	supercritical
976.67	26.000	132.92	0.0075231	1030.2	1225.8	2.9014	1.0475	1.2790	505.51	0.23183	42.517	0.073605	supercritical
978.33	26.000	132.69	0.0075364	1032.0	1227.9	2.9036	1.0479	1.2792	505.91	0.22962	42.561	0.073711	supercritical
980.00	26.000	132.46	0.0075497	1033.7	1230.0	2.9057	1.0483	1.2795	506.30	0.22742	42.604	0.073818	supercritical
981.67	26.000	132.22	0.0075631	1035.5	1232.2	2.9079	1.0488	1.2797	506.69	0.22522	42.647	0.073924	supercritical
983.33	26.000	131.99	0.0075764	1037.3	1234.3	2.9101	1.0492	1.2800	507.09	0.22304	42.691	0.074030	supercritical
985.00	26.000	131.76	0.0075897	1039.1	1236.4	2.9123	1.0496	1.2803	507.48	0.22087	42.734	0.074136	supercritical
986.67	26.000	131.53	0.0076030	1040.9	1238.6	2.9144	1.0501	1.2805	507.87	0.21870	42.777	0.074242	supercritical
988.33	26.000	131.30	0.0076163	1042.7	1240.7	2.9166	1.0505	1.2808	508.26	0.21655	42.820	0.074349	supercritical
990.00	26.000	131.07	0.0076297	1044.5	1242.8	2.9187	1.0509	1.2810	508.65	0.21441	42.864	0.074455	supercritical
991.67	26.000	130.84	0.0076430	1046.3	1245.0	2.9209	1.0513	1.2813	509.05	0.21227	42.907	0.074561	supercritical
993.33	26.000	130.61	0.0076563	1048.0	1247.1	2.9230	1.0518	1.2815	509.44	0.21014	42.950	0.074667	supercritical
995.00	26.000	130.39	0.0076696	1049.8	1249.2	2.9252	1.0522	1.2818	509.83	0.20803	42.994	0.074773	supercritical
996.67	26.000	130.16	0.0076828	1051.6	1251.4	2.9273	1.0526	1.2821	510.22	0.20592	43.037	0.074879	supercritical
998.33	26.000	129.94	0.0076961	1053.4	1253.5	2.9295	1.0530	1.2823	510.61	0.20382	43.080	0.074985	supercritical
1000.0	26.000	129.71	0.0077094	1055.2	1255.7	2.9316	1.0535	1.2826	510.99	0.20173	43.123	0.075091	supercritical
1001.7	26.000	129.49	0.0077227	1057.0	1257.8	2.9338	1.0539	1.2828	511.38	0.19965	43.166	0.075197	supercritical
1003.3	26.000	129.27	0.0077360	1058.8	1259.9	2.9359	1.0543	1.2831	511.77	0.19758	43.210	0.075303	supercritical
1005.0	26.000	129.04	0.0077492	1060.6	1262.1	2.9380	1.0547	1.2833	512.16	0.19551	43.253	0.075409	supercritical
1006.7	26.000	128.82	0.0077625	1062.4	1264.2	2.9401	1.0551	1.2836	512.55	0.19346	43.296	0.075514	supercritical
1008.3	26.000	128.60	0.0077758	1064.2	1266.3	2.9423	1.0556	1.2839	512.93	0.19141	43.339	0.075620	supercritical
1010.0	26.000	128.39	0.0077890	1066.0	1268.5	2.9444	1.0560	1.2841	513.32	0.18938	43.382	0.075726	supercritical
1011.7	26.000	128.17	0.0078023	1067.8	1270.6	2.9465	1.0564	1.2844	513.70	0.18735	43.425	0.075832	supercritical
1013.3	26.000	127.95	0.0078155	1069.6	1272.8	2.9486	1.0568	1.2846	514.09	0.18533	43.468	0.075938	supercritical
1015.0	26.000	127.73	0.0078288	1071.4	1274.9	2.9507	1.0572	1.2849	514.48	0.18332	43.511	0.076043	supercritical
1016.7	26.000	127.52	0.0078420	1073.2	1277.0	2.9528	1.0576	1.2851	514.86	0.18131	43.554	0.076149	supercritical
1018.3	26.000	127.30	0.0078552	1075.0	1279.2	2.9549	1.0580	1.2854	515.24	0.17932	43.598	0.076255	supercritical
1020.0	26.000	127.09	0.0078685	1076.8	1281.3	2.9570	1.0584	1.2856	515.63	0.17733	43.641	0.076360	supercritical
1021.7	26.000	126.88	0.0078817	1078.6	1283.5	2.9591	1.0588	1.2859	516.01	0.17536	43.684	0.076466	supercritical
1023.3	26.000	126.66	0.0078949	1080.4	1285.6	2.9612	1.0592	1.2862	516.40	0.17339	43.727	0.076572	supercritical
1025.0	26.000	126.45	0.0079081	1082.2	1287.8	2.9633	1.0597	1.2864	516.78	0.17142	43.770	0.076677	supercritical
1026.7	26.000	126.24	0.0079214	1084.0	1289.9	2.9654	1.0601	1.2867	517.16	0.16947	43.813	0.076783	supercritical
1028.3	26.000	126.03	0.0079346	1085.8	1292.1	2.9675	1.0605	1.2869	517.54	0.16753	43.856	0.076888	supercritical
1030.0	26.000	125.82	0.0079478	1087.6	1294.2	2.9696	1.0609	1.2872	517.92	0.16559	43.899	0.076994	supercritical
1031.7	26.000	125.61	0.0079610	1089.4	1296.3	2.9717	1.0613	1.2874	518.31	0.16366	43.941	0.077099	supercritical
1033.3	26.000	125.40	0.0079742	1091.2	1298.5	2.9738	1.0617	1.2877	518.69	0.16174	43.984	0.077204	supercritical
1035.0	26.000	125.20	0.0079874	1093.0	1300.6	2.9758	1.0621	1.2879	519.07	0.15983	44.027	0.077310	supercritical
1036.7	26.000	124.99	0.0080006	1094.8	1302.8	2.9779	1.0625	1.2882	519.45	0.15792	44.070	0.077415	supercritical
1038.3	26.000	124.79	0.0080138	1096.6	1304.9	2.9800	1.0629	1.2884	519.83	0.15602	44.113	0.077520	supercritical
1040.0	26.000	124.58	0.0080269	1098.4	1307.1	2.9820	1.0633	1.2887	520.21	0.15414	44.156	0.077626	supercritical
1041.7	26.000	124.38	0.0080401	1100.2	1309.2	2.9841	1.0637	1.2890	520.59	0.15225	44.199	0.077731	supercritical
1043.3	26.000	124.17	0.0080533	1102.0	1311.4	2.9862	1.0640	1.2892	520.96	0.15038	44.242	0.077836	supercritical
1045.0	26.000	123.97	0.0080665	1103.8	1313.5	2.9882	1.0644	1.2895	521.34	0.14851	44.284	0.077941	supercritical
1046.7	26.000	123.77	0.0080796	1105.6	1315.7	2.9903	1.0648	1.2897	521.72	0.14665	44.327	0.078047	supercritical
1048.3	26.000	123.57	0.0080928	1107.4	1317.8	2.9923	1.0652	1.2900	522.10	0.14480	44.370	0.078152	supercritical
1050.0	26.000	123.37	0.0081060	1109.2	1320.0	2.9944	1.0656	1.2902	522.48	0.14296	44.413	0.078257	supercritical
1051.7	26.000	123.17	0.0081191	1111.0	1322.1	2.9964	1.0660	1.2905	522.85	0.14112	44.456	0.078362	supercritical
1053.3	26.000	122.97	0.0081323	1112.8	1324.3	2.9985	1.0664	1.2907	523.23	0.13929	44.498	0.078467	supercritical
1055.0	26.000	122.77	0.0081454	1114.6	1326.4	3.0005	1.0668	1.2910	523.60	0.13747	44.541	0.078572	supercritical
1056.7	26.000	122.57	0.0081586	1116.5	1328.6	3.0026	1.0672	1.2912	523.98	0.13566	44.584	0.078677	supercritical
1058.3	26.000	122.37	0.0081717	1118.3	1330.7	3.0046	1.0675	1.2915	524.36	0.13385	44.627	0.078782	supercritical
1060.0	26.000	122.18	0.0081848	1120.1	1332.9	3.0066	1.0679	1.2917	524.73	0.13205	44.669	0.078887	supercritical
1061.7	26.000	121.98	0.0081980	1121.9	1335.0	3.0086	1.0683	1.2920	525.10	0.13026	44.712	0.078991	supercritical
1063.3	26.000	121.79	0.0082111	1123.7	1337.2	3.0107	1.0687	1.2922	525.48	0.12847	44.755	0.079096	supercritical
1065.0	26.000	121.59	0.0082242	1125.5	1339.3	3.0127	1.0691	1.2925	525.85	0.12670	44.797	0.079201	supercritical
1066.7	26.000	121.40	0.0082374	1127.3	1341.5	3.0147	1.0694	1.2927	526.23	0.12492	44.840	0.079306	supercritical
1068.3	26.000	121.20	0.0082505	1129.1	1343.7	3.0167	1.0698	1.2930	526.60	0.12316	44.882	0.079410	supercritical
1070.0	26.000	121.01	0.0082636	1131.0	1345.8	3.0188	1.0702	1.2932	526.97	0.12140	44.925	0.079515	supercritical
1071.7	26.000	120.82	0.0082767	1132.8	1348.0	3.0208	1.0706	1.2935	527.34	0.11965	44.968	0.079620	supercritical
1073.3	26.000	120.63	0.0082898	1134.6	1350.1	3.0228	1.0710	1.2937	527.72	0.11791	45.010	0.079724	supercritical
1075.0	26.000	120.44	0.0083029	1136.4	1352.3	3.0248	1.0713	1.2940	528.09	0.11617	45.053	0.079829	supercritical
1076.7	26.000	120.25	0.0083160	1138.2	1354.4	3.0268	1.0717	1.2942	528.46	0.11444	45.095	0.079933	supercritical
1078.3	26.000	120.06	0.0083291	1140.0	1356.6	3.0288	1.0721	1.2945	528.83	0.11272	45.138	0.080038	supercritical
1080.0	26.000	119.87	0.0083422	1141.8	1358.7	3.0308	1.0725	1.2947	529.20	0.11101	45.180	0.080142	supercritical
1081.7	26.000	119.68	0.0083553	1143.7	1360.9	3.0328	1.0728	1.2950	529.57	0.10930	45.223	0.080247	supercritical
1083.3	26.000	119.50	0.0083684	1145.5	1363.1	3.0348	1.0732	1.2952	529.94	0.10759	45.265	0.080351	supercritical
1085.0	26.000	119.31	0.0083815	1147.3	1365.2	3.0368	1.0736	1.2954	530.31	0.10590	45.308	0.080456	supercritical
1086.7	26.000	119.12	0.0083946	1149.1	1367.4	3.0388	1.0739	1.2957	530.68	0.10421	45.350	0.080560	supercritical
1088.3	26.000	118.94	0.0084077	1150.9	1369.5	3.0407	1.0743	1.2959	531.05	0.10253	45.393	0.080664	supercritical
1090.0	26.000	118.75	0.0084208	1152.8	1371.7	3.0427	1.0747	1.2962	531.42	0.10085	45.435	0.080768	supercritical
1091.7	26.000	118.57	0.0084338	1154.6	1373.9	3.0447	1.0750	1.2964	531.79	0.099180	45.477	0.080873	supercritical
1093.3	26.000	118.39	0.0084469	1156.4	1376.0	3.0467	1.0754	1.2967	532.15	0.097517	45.520	0.080977	supercritical
1095.0	26.000	118.20	0.0084600	1158.2	1378.2	3.0487	1.0758	1.2969	532.52	0.095860	45.562	0.081081	supercritical
1096.7	26.000	118.02	0.0084730	1160.0	1380.3	3.0506	1.0761	1.2972	532.89	0.094209	45.605	0.081185	supercritical
1098.3	26.000	117.84	0.0084861	1161.9	1382.5	3.0526	1.0765	1.2974	533.25	0.092565	45.647	0.081289	supercritical
1100.0	26.000	117.66	0.0084992	1163.7	1384.7	3.0546	1.0768	1.2977	533.62	0.090927	45.689	0.081393	supercritical
1101.7	26.000	117.48	0.0085122	1165.5	1386.8	3.0565	1.0772	1.2979	533.99	0.089296	45.732	0.081497	supercritical
1103.3	26.000	117.30	0.0085253	1167.3	1389.0	3.0585	1.0776	1.2981	534.35	0.087670	45.774	0.081601	supercritical
1105.0	26.000	117.12	0.0085383	1169.2	1391.2	3.0605	1.0779	1.2984	534.72	0.086051	45.816	0.081705	supercritical
1106.7	26.000	116.94	0.0085514	1171.0	1393.3	3.0624	1.0783	1.2986	535.08	0.084438	45.858	0.081809	supercritical
1108.3	26.000	116.76	0.0085644	1172.8	1395.5	3.0644	1.0786	1.2989	535.45	0.082831	45.901	0.081913	supercritical
1110.0	26.000	116.58	0.0085774	1174.6	1397.7	3.0663	1.0790	1.2991	535.81	0.081231	45.943	0.082016	supercritical
1111.7	26.000	116.41	0.0085905	1176.5	1399.8	3.0683	1.0793	1.2994	536.18	0.079636	45.985	0.082120	supercritical
1113.3	26.000	116.23	0.0086035	1178.3	1402.0	3.0702	1.0797	1.2996	536.54	0.078047	46.027	0.082224	supercritical
1115.0	26.000	116.06	0.0086165	1180.1	1404.2	3.0722	1.0800	1.2998	536.90	0.076465	46.069	0.082327	supercritical
1116.7	26.000	115.88	0.0086296	1181.9	1406.3	3.0741	1.0804	1.3001	537.27	0.074888	46.112	0.082431	supercritical
1118.3	26.000	115.71	0.0086426	1183.8	1408.5	3.0760	1.0807	1.3003	537.63	0.073317	46.154	0.082535	supercritical
1120.0	26.000	115.53	0.0086556	1185.6	1410.7	3.0780	1.0811	1.3006	537.99	0.071752	46.196	0.082638	supercritical
1121.7	26.000	115.36	0.0086686	1187.4	1412.8	3.0799	1.0814	1.3008	538.36	0.070193	46.238	0.082742	supercritical
1123.3	26.000	115.19	0.0086816	1189.3	1415.0	3.0818	1.0818	1.3010	538.72	0.068640	46.280	0.082845	supercritical
1125.0	26.000	115.01	0.0086947	1191.1	1417.2	3.0838	1.0821	1.3013	539.08	0.067093	46.322	0.082949	supercritical
1126.7	26.000	114.84	0.0087077	1192.9	1419.3	3.0857	1.0825	1.3015	539.44	0.065551	46.364	0.083052	supercritical
1128.3	26.000	114.67	0.0087207	1194.8	1421.5	3.0876	1.0828	1.3017	539.80	0.064015	46.406	0.083155	supercritical
1130.0	26.000	114.50	0.0087337	1196.6	1423.7	3.0895	1.0832	1.3020	540.16	0.062485	46.448	0.083259	supercritical
1131.7	26.000	114.33	0.0087467	1198.4	1425.8	3.0915	1.0835	1.3022	540.52	0.060961	46.490	0.083362	supercritical
1133.3	26.000	114.16	0.0087597	1200.3	1428.0	3.0934	1.0838	1.3025	540.88	0.059442	46.532	0.083465	supercritical
1135.0	26.000	113.99	0.0087727	1202.1	1430.2	3.0953	1.0842	1.3027	541.24	0.057929	46.574	0.083568	supercritical
1136.7	26.000	113.82	0.0087857	1203.9	1432.3	3.0972	1.0845	1.3029	541.60	0.056421	46.616	0.083671	supercritical
1138.3	26.000	113.65	0.0087986	1205.8	1434.5	3.0991	1.0849	1.3032	541.96	0.054919	46.658	0.083775	supercritical
1140.0	26.000	113.49	0.0088116	1207.6	1436.7	3.1010	1.0852	1.3034	542.32	0.053422	46.700	0.083878	supercritical
1141.7	26.000	113.32	0.0088246	1209.4	1438.9	3.1029	1.0855	1.3036	542.68	0.051931	46.742	0.083981	supercritical
1143.3	26.000	113.15	0.0088376	1211.3	1441.0	3.1048	1.0859	1.3039	543.03	0.050446	46.784	0.084084	supercritical
1145.0	26.000	112.99	0.0088506	1213.1	1443.2	3.1067	1.0862	1.3041	543.39	0.048965	46.826	0.084187	supercritical
1146.7	26.000	112.82	0.0088635	1214.9	1445.4	3.1086	1.0865	1.3043	543.75	0.047491	46.868	0.084289	supercritical
1148.3	26.000	112.66	0.0088765	1216.8	1447.6	3.1105	1.0869	1.3046	544.11	0.046021	46.910	0.084392	supercritical
1150.0	26.000	112.49	0.0088895	1218.6	1449.7	3.1124	1.0872	1.3048	544.46	0.044557	46.952	0.084495	supercritical
1151.7	26.000	112.33	0.0089024	1220.4	1451.9	3.1143	1.0875	1.3050	544.82	0.043098	46.994	0.084598	supercritical
1153.3	26.000	112.17	0.0089154	1222.3	1454.1	3.1162	1.0879	1.3053	545.18	0.041645	47.035	0.084701	supercritical
1155.0	26.000	112.00	0.0089284	1224.1	1456.3	3.1181	1.0882	1.3055	545.53	0.040197	47.077	0.084803	supercritical
1156.7	26.000	111.84	0.0089413	1226.0	1458.4	3.1200	1.0885	1.3057	545.89	0.038754	47.119	0.084906	supercritical
1158.3	26.000	111.68	0.0089543	1227.8	1460.6	3.1218	1.0889	1.3060	546.24	0.037316	47.161	0.085009	supercritical
1160.0	26.000	111.52	0.0089672	1229.6	1462.8	3.1237	1.0892	1.3062	546.60	0.035883	47.203	0.085111	supercritical
1161.7	26.000	111.36	0.0089802	1231.5	1465.0	3.1256	1.0895	1.3064	546.95	0.034456	47.244	0.085214	supercritical
1163.3	26.000	111.20	0.0089931	1233.3	1467.1	3.1275	1.0898	1.3067	547.31	0.033033	47.286	0.085316	supercritical
1165.0	26.000	111.04	0.0090061	1235.2	1469.3	3.1293	1.0902	1.3069	547.66	0.031616	47.328	0.085419	supercritical
1166.7	26.000	110.88	0.0090190	1237.0	1471.5	3.1312	1.0905	1.3071	548.02	0.030204	47.369	0.085521	supercritical
1168.3	26.000	110.72	0.0090320	1238.8	1473.7	3.1331	1.0908	1.3074	548.37	0.028797	47.411	0.085623	supercritical
1170.0	26.000	110.56	0.0090449	1240.7	1475.9	3.1349	1.0911	1.3076	548.72	0.027394	47.453	0.085726	supercritical
1171.7	26.000	110.40	0.0090578	1242.5	1478.0	3.1368	1.0914	1.3078	549.08	0.025997	47.494	0.085828	supercritical
1173.3	26.000	110.24	0.0090708	1244.4	1480.2	3.1387	1.0918	1.3080	549.43	0.024605	47.536	0.085930	supercritical
1175.0	26.000	110.09	0.0090837	1246.2	1482.4	3.1405	1.0921	1.3083	549.78	0.023218	47.578	0.086032	supercritical
1176.7	26.000	109.93	0.0090966	1248.1	1484.6	3.1424	1.0924	1.3085	550.13	0.021835	47.619	0.086134	supercritical
1178.3	26.000	109.78	0.0091095	1249.9	1486.8	3.1442	1.0927	1.3087	550.48	0.020458	47.661	0.086236	supercritical
1180.0	26.000	109.62	0.0091225	1251.8	1488.9	3.1461	1.0930	1.3089	550.84	0.019085	47.702	0.086339	supercritical
1181.7	26.000	109.46	0.0091354	1253.6	1491.1	3.1479	1.0934	1.3092	551.19	0.017717	47.744	0.086441	supercritical
1183.3	26.000	109.31	0.0091483	1255.4	1493.3	3.1498	1.0937	1.3094	551.54	0.016354	47.785	0.086543	supercritical
1185.0	26.000	109.16	0.0091612	1257.3	1495.5	3.1516	1.0940	1.3096	551.89	0.014996	47.827	0.086644	supercritical
1186.7	26.000	109.00	0.0091741	1259.1	1497.7	3.1534	1.0943	1.3098	552.24	0.013642	47.869	0.086746	supercritical
1188.3	26.000	108.85	0.0091870	1261.0	1499.9	3.1553	1.0946	1.3101	552.59	0.012294	47.910	0.086848	supercritical
1190.0	26.000	108.70	0.0091999	1262.8	1502.0	3.1571	1.0949	1.3103	552.94	0.010950	47.951	0.086950	supercritical
1191.7	26.000	108.54	0.0092128	1264.7	1504.2	3.1590	1.0952	1.3105	553.29	0.0096101	47.993	0.087052	supercritical
1193.3	26.000	108.39	0.0092257	1266.5	1506.4	3.1608	1.0956	1.3107	553.64	0.0082754	48.034	0.087153	supercritical
1195.0	26.000	108.24	0.0092386	1268.4	1508.6	3.1626	1.0959	1.3110	553.98	0.0069453	48.076	0.087255	supercritical
1196.7	26.000	108.09	0.0092515	1270.2	1510.8	3.1644	1.0962	1.3112	554.33	0.0056198	48.117	0.087357	supercritical
1198.3	26.000	107.94	0.0092644	1272.1	1513.0	3.1663	1.0965	1.3114	554.68	0.0042988	48.159	0.087458	supercritical
1200.0	26.000	107.79	0.0092773	1273.9	1515.1	3.1681	1.0968	1.3116	555.03	0.0029825	48.200	0.087560	supercritical
1201.7	26.000	107.64	0.0092902	1275.8	1517.3	3.1699	1.0971	1.3119	555.38	0.0016706	48.241	0.087661	supercritical
1203.3	26.000	107.49	0.0093031	1277.6	1519.5	3.1717	1.0974	1.3121	555.72	0.00036332	48.283	0.087763	supercritical
1205.0	26.000	107.34	0.0093160	1279.5	1521.7	3.1735	1.0977	1.3123	556.07	-0.00093951	48.324	0.087864	supercritical
1206.7	26.000	107.19	0.0093289	1281.3	1523.9	3.1754	1.0980	1.3125	556.42	-0.0022379	48.365	0.087965	supercritical
1208.3	26.000	107.05	0.0093417	1283.2	1526.1	3.1772	1.0983	1.3127	556.77	-0.0035318	48.407	0.088067	supercritical
1210.0	26.000	106.90	0.0093546	1285.0	1528.3	3.1790	1.0986	1.3130	557.11	-0.0048213	48.448	0.088168	supercritical
1211.7	26.000	106.75	0.0093675	1286.9	1530.5	3.1808	1.0989	1.3132	557.46	-0.0061064	48.489	0.088269	supercritical
1213.3	26.000	106.61	0.0093804	1288.8	1532.6	3.1826	1.0992	1.3134	557.80	-0.0073871	48.530	0.088370	supercritical
1215.0	26.000	106.46	0.0093932	1290.6	1534.8	3.1844	1.0995	1.3136	558.15	-0.0086635	48.572	0.088472	supercritical
1216.7	26.000	106.31	0.0094061	1292.5	1537.0	3.1862	1.0998	1.3138	558.49	-0.0099355	48.613	0.088573	supercritical
1218.3	26.000	106.17	0.0094190	1294.3	1539.2	3.1880	1.1001	1.3140	558.84	-0.011203	48.654	0.088674	supercritical
1220.0	26.000	106.02	0.0094318	1296.2	1541.4	3.1898	1.1004	1.3143	559.18	-0.012467	48.695	0.088775	supercritical
1221.7	26.000	105.88	0.0094447	1298.0	1543.6	3.1916	1.1007	1.3145	559.53	-0.013726	48.736	0.088876	supercritical
1223.3	26.000	105.74	0.0094576	1299.9	1545.8	3.1934	1.1010	1.3147	559.87	-0.014981	48.778	0.088977	supercritical
1225.0	26.000	105.59	0.0094704	1301.7	1548.0	3.1952	1.1013	1.3149	560.22	-0.016232	48.819	0.089077	supercritical
1226.7	26.000	105.45	0.0094833	1303.6	1550.2	3.1970	1.1016	1.3151	560.56	-0.017478	48.860	0.089178	supercritical
1228.3	26.000	105.31	0.0094961	1305.5	1552.4	3.1987	1.1019	1.3153	560.90	-0.018720	48.901	0.089279	supercritical
1230.0	26.000	105.16	0.0095090	1307.3	1554.6	3.2005	1.1022	1.3156	561.25	-0.019959	48.942	0.089380	supercritical
1231.7	26.000	105.02	0.0095218	1309.2	1556.7	3.2023	1.1025	1.3158	561.59	-0.021193	48.983	0.089480	supercritical
1233.3	26.000	104.88	0.0095347	1311.0	1558.9	3.2041	1.1028	1.3160	561.93	-0.022422	49.024	0.089581	supercritical
1235.0	26.000	104.74	0.0095475	1312.9	1561.1	3.2059	1.1031	1.3162	562.27	-0.023648	49.065	0.089682	supercritical
1236.7	26.000	104.60	0.0095604	1314.8	1563.3	3.2076	1.1034	1.3164	562.62	-0.024870	49.106	0.089782	supercritical
1238.3	26.000	104.46	0.0095732	1316.6	1565.5	3.2094	1.1036	1.3166	562.96	-0.026088	49.147	0.089883	supercritical
1240.0	26.000	104.32	0.0095860	1318.5	1567.7	3.2112	1.1039	1.3168	563.30	-0.027301	49.188	0.089983	supercritical
1241.7	26.000	104.18	0.0095989	1320.3	1569.9	3.2130	1.1042	1.3171	563.64	-0.028511	49.229	0.090084	supercritical
1243.3	26.000	104.04	0.0096117	1322.2	1572.1	3.2147	1.1045	1.3173	563.98	-0.029717	49.270	0.090184	supercritical
1245.0	26.000	103.90	0.0096245	1324.1	1574.3	3.2165	1.1048	1.3175	564.32	-0.030918	49.311	0.090284	supercritical
1246.7	26.000	103.76	0.0096374	1325.9	1576.5	3.2183	1.1051	1.3177	564.66	-0.032116	49.352	0.090385	supercritical
1248.3	26.000	103.62	0.0096502	1327.8	1578.7	3.2200	1.1054	1.3179	565.00	-0.033310	49.393	0.090485	supercritical
1250.0	26.000	103.49	0.0096630	1329.7	1580.9	3.2218	1.1056	1.3181	565.34	-0.034499	49.434	0.090585	supercritical
1251.7	26.000	103.35	0.0096758	1331.5	1583.1	3.2235	1.1059	1.3183	565.68	-0.035685	49.475	0.090685	supercritical
1253.3	26.000	103.21	0.0096887	1333.4	1585.3	3.2253	1.1062	1.3185	566.02	-0.036867	49.516	0.090785	supercritical
1255.0	26.000	103.08	0.0097015	1335.2	1587.5	3.2270	1.1065	1.3187	566.36	-0.038046	49.557	0.090885	supercritical
1256.7	26.000	102.94	0.0097143	1337.1	1589.7	3.2288	1.1068	1.3189	566.70	-0.039220	49.598	0.090985	supercritical
1258.3	26.000	102.81	0.0097271	1339.0	1591.9	3.2305	1.1071	1.3192	567.04	-0.040391	49.638	0.091085	supercritical
1260.0	26.000	102.67	0.0097399	1340.8	1594.1	3.2323	1.1073	1.3194	567.37	-0.041557	49.679	0.091185	supercritical
1261.7	26.000	102.54	0.0097527	1342.7	1596.3	3.2340	1.1076	1.3196	567.71	-0.042720	49.720	0.091285	supercritical
1263.3	26.000	102.40	0.0097655	1344.6	1598.5	3.2358	1.1079	1.3198	568.05	-0.043879	49.761	0.091385	supercritical
1265.0	26.000	102.27	0.0097783	1346.4	1600.7	3.2375	1.1082	1.3200	568.39	-0.045035	49.802	0.091485	supercritical
1266.7	26.000	102.13	0.0097911	1348.3	1602.9	3.2392	1.1085	1.3202	568.73	-0.046186	49.842	0.091584	supercritical
1268.3	26.000	102.00	0.0098039	1350.2	1605.1	3.2410	1.1087	1.3204	569.06	-0.047334	49.883	0.091684	supercritical
1270.0	26.000	101.87	0.0098167	1352.0	1607.3	3.2427	1.1090	1.3206	569.40	-0.048479	49.924	0.091784	supercritical
1271.7	26.000	101.73	0.0098295	1353.9	1609.5	3.2444	1.1093	1.3208	569.74	-0.049619	49.964	0.091883	supercritical
1273.3	26.000	101.60	0.0098423	1355.8	1611.7	3.2462	1.1096	1.3210	570.07	-0.050756	50.005	0.091983	supercritical
1275.0	26.000	101.47	0.0098551	1357.6	1613.9	3.2479	1.1098	1.3212	570.41	-0.051890	50.046	0.092082	supercritical
1276.7	26.000	101.34	0.0098679	1359.5	1616.1	3.2496	1.1101	1.3214	570.74	-0.053019	50.086	0.092182	supercritical
1278.3	26.000	101.21	0.0098807	1361.4	1618.3	3.2514	1.1104	1.3216	571.08	-0.054145	50.127	0.092281	supercritical
1280.0	26.000	101.08	0.0098935	1363.3	1620.5	3.2531	1.1106	1.3218	571.41	-0.055268	50.168	0.092381	supercritical
1281.7	26.000	100.95	0.0099063	1365.1	1622.7	3.2548	1.1109	1.3220	571.75	-0.056387	50.208	0.092480	supercritical
1283.3	26.000	100.82	0.0099191	1367.0	1624.9	3.2565	1.1112	1.3222	572.08	-0.057502	50.249	0.092579	supercritical
1285.0	26.000	100.69	0.0099319	1368.9	1627.1	3.2582	1.1115	1.3224	572.42	-0.058614	50.290	0.092679	supercritical
1286.7	26.000	100.56	0.0099446	1370.7	1629.3	3.2599	1.1117	1.3226	572.75	-0.059722	50.330	0.092778	supercritical
1288.3	26.000	100.43	0.0099574	1372.6	1631.5	3.2617	1.1120	1.3228	573.09	-0.060827	50.371	0.092877	supercritical
1290.0	26.000	100.30	0.0099702	1374.5	1633.7	3.2634	1.1123	1.3230	573.42	-0.061928	50.411	0.092976	supercritical
1291.7	26.000	100.17	0.0099830	1376.4	1635.9	3.2651	1.1125	1.3232	573.75	-0.063026	50.452	0.093075	supercritical
1293.3	26.000	100.04	0.0099957	1378.2	1638.1	3.2668	1.1128	1.3234	574.09	-0.064120	50.492	0.093174	supercritical
1295.0	26.000	99.915	0.010009	1380.1	1640.3	3.2685	1.1131	1.3236	574.42	-0.065211	50.533	0.093273	supercritical
1296.7	26.000	99.788	0.010021	1382.0	1642.5	3.2702	1.1133	1.3238	574.75	-0.066299	50.573	0.093372	supercritical
1298.3	26.000	99.661	0.010034	1383.9	1644.7	3.2719	1.1136	1.3240	575.09	-0.067383	50.614	0.093471	supercritical
1300.0	26.000	99.534	0.010047	1385.7	1647.0	3.2736	1.1138	1.3242	575.42	-0.068463	50.654	0.093570	supercritical