Temperature (K)	Pressure (MPa)	Density (kg/m3)	Volume (m3/kg)	Internal Energy (kJ/kg)	Enthalpy (kJ/kg)	Entropy (J/g*K)	Cv (J/g*K)	Cp (J/g*K)	Sound Spd. (m/s)	Joule-Thomson (K/MPa)	Viscosity (uPa*s)	Therm. Cond. (W/m*K)	Phase
300.00	27.000	945.67	0.0010575	216.77	245.33	1.0707	0.91624	1.9642	659.49	0.13182	104.94	0.11457	liquid
301.67	27.000	939.10	0.0010648	219.85	248.60	1.0815	0.91569	1.9703	651.42	0.14599	103.03	0.11320	liquid
303.33	27.000	932.49	0.0010724	222.94	251.89	1.0924	0.91517	1.9765	643.40	0.16062	101.15	0.11185	liquid
305.00	27.000	925.82	0.0010801	226.03	255.19	1.1033	0.91468	1.9829	635.44	0.17573	99.313	0.11051	supercritical
306.67	27.000	919.10	0.0010880	229.13	258.50	1.1141	0.91421	1.9895	627.54	0.19134	97.517	0.10917	supercritical
308.33	27.000	912.33	0.0010961	232.23	261.82	1.1249	0.91375	1.9961	619.70	0.20747	95.758	0.10786	supercritical
310.00	27.000	905.51	0.0011043	235.34	265.16	1.1357	0.91329	2.0029	611.93	0.22413	94.037	0.10655	supercritical
311.67	27.000	898.64	0.0011128	238.46	268.50	1.1464	0.91283	2.0097	604.22	0.24133	92.351	0.10526	supercritical
313.33	27.000	891.71	0.0011214	241.58	271.86	1.1572	0.91236	2.0166	596.58	0.25908	90.700	0.10398	supercritical
315.00	27.000	884.73	0.0011303	244.71	275.22	1.1679	0.91189	2.0236	589.01	0.27739	89.083	0.10271	supercritical
316.67	27.000	877.70	0.0011393	247.84	278.60	1.1786	0.91142	2.0305	581.51	0.29627	87.498	0.10146	supercritical
318.33	27.000	870.62	0.0011486	250.98	281.99	1.1893	0.91096	2.0375	574.08	0.31574	85.945	0.10022	supercritical
320.00	27.000	863.48	0.0011581	254.12	285.39	1.1999	0.91052	2.0445	566.73	0.33579	84.424	0.098988	supercritical
321.67	27.000	856.29	0.0011678	257.28	288.81	1.2106	0.91010	2.0515	559.45	0.35644	82.932	0.097775	supercritical
323.33	27.000	849.05	0.0011778	260.43	292.23	1.2212	0.90971	2.0586	552.26	0.37769	81.470	0.096576	supercritical
325.00	27.000	841.76	0.0011880	263.59	295.67	1.2318	0.90937	2.0656	545.15	0.39956	80.037	0.095392	supercritical
326.67	27.000	834.42	0.0011984	266.76	299.12	1.2424	0.90908	2.0727	538.13	0.42205	78.633	0.094222	supercritical
328.33	27.000	827.03	0.0012091	269.93	302.58	1.2529	0.90883	2.0797	531.20	0.44518	77.255	0.093066	supercritical
330.00	27.000	819.59	0.0012201	273.11	306.05	1.2635	0.90864	2.0868	524.38	0.46894	75.905	0.091926	supercritical
331.67	27.000	812.11	0.0012314	276.29	309.53	1.2740	0.90848	2.0939	517.65	0.49336	74.581	0.090801	supercritical
333.33	27.000	804.59	0.0012429	279.47	313.03	1.2845	0.90836	2.1009	511.04	0.51842	73.283	0.089690	supercritical
335.00	27.000	797.02	0.0012547	282.66	316.54	1.2950	0.90826	2.1079	504.54	0.54413	72.011	0.088596	supercritical
336.67	27.000	789.41	0.0012668	285.85	320.06	1.3055	0.90819	2.1148	498.16	0.57049	70.763	0.087517	supercritical
338.33	27.000	781.76	0.0012792	289.05	323.59	1.3160	0.90812	2.1216	491.90	0.59748	69.540	0.086453	supercritical
340.00	27.000	774.07	0.0012919	292.25	327.13	1.3264	0.90806	2.1281	485.77	0.62508	68.342	0.085406	supercritical
341.67	27.000	766.35	0.0013049	295.45	330.68	1.3368	0.90800	2.1344	479.78	0.65327	67.168	0.084374	supercritical
343.33	27.000	758.61	0.0013182	298.65	334.24	1.3472	0.90792	2.1403	473.92	0.68202	66.018	0.083359	supercritical
345.00	27.000	750.83	0.0013319	301.85	337.81	1.3576	0.90783	2.1458	468.20	0.71129	64.892	0.082359	supercritical
346.67	27.000	743.04	0.0013458	305.06	341.39	1.3680	0.90773	2.1509	462.63	0.74103	63.789	0.081377	supercritical
348.33	27.000	735.23	0.0013601	308.26	344.98	1.3783	0.90761	2.1554	457.21	0.77118	62.710	0.080411	supercritical
350.00	27.000	727.41	0.0013747	311.46	348.58	1.3886	0.90747	2.1593	451.95	0.80171	61.655	0.079461	supercritical
351.67	27.000	719.58	0.0013897	314.66	352.18	1.3988	0.90731	2.1625	446.84	0.83253	60.624	0.078529	supercritical
353.33	27.000	711.75	0.0014050	317.85	355.79	1.4091	0.90713	2.1650	441.88	0.86360	59.617	0.077613	supercritical
355.00	27.000	703.93	0.0014206	321.04	359.40	1.4193	0.90694	2.1668	437.09	0.89485	58.633	0.076715	supercritical
356.67	27.000	696.12	0.0014365	324.22	363.01	1.4294	0.90674	2.1677	432.47	0.92622	57.674	0.075835	supercritical
358.33	27.000	688.34	0.0014528	327.40	366.62	1.4395	0.90652	2.1678	428.00	0.95764	56.738	0.074972	supercritical
360.00	27.000	680.57	0.0014693	330.56	370.23	1.4496	0.90630	2.1670	423.70	0.98907	55.827	0.074126	supercritical
361.67	27.000	672.84	0.0014862	333.72	373.84	1.4596	0.90606	2.1655	419.56	1.0204	54.940	0.073299	supercritical
363.33	27.000	665.15	0.0015034	336.86	377.45	1.4695	0.90582	2.1630	415.58	1.0517	54.077	0.072489	supercritical
365.00	27.000	657.51	0.0015209	339.99	381.05	1.4794	0.90558	2.1598	411.76	1.0828	53.238	0.071697	supercritical
366.67	27.000	649.92	0.0015387	343.11	384.65	1.4893	0.90532	2.1557	408.11	1.1136	52.424	0.070923	supercritical
368.33	27.000	642.39	0.0015567	346.21	388.24	1.4990	0.90507	2.1509	404.60	1.1442	51.633	0.070167	supercritical
370.00	27.000	634.92	0.0015750	349.29	391.82	1.5087	0.90480	2.1453	401.26	1.1745	50.866	0.069428	supercritical
371.67	27.000	627.52	0.0015936	352.36	395.39	1.5184	0.90454	2.1390	398.07	1.2044	50.123	0.068707	supercritical
373.33	27.000	620.19	0.0016124	355.41	398.95	1.5279	0.90426	2.1319	395.03	1.2339	49.403	0.068004	supercritical
375.00	27.000	612.95	0.0016315	358.45	402.50	1.5374	0.90398	2.1242	392.14	1.2629	48.706	0.067318	supercritical
376.67	27.000	605.79	0.0016507	361.46	406.03	1.5468	0.90370	2.1159	389.39	1.2914	48.032	0.066649	supercritical
378.33	27.000	598.71	0.0016702	364.45	409.55	1.5561	0.90340	2.1070	386.79	1.3194	47.381	0.065998	supercritical
380.00	27.000	591.73	0.0016900	367.42	413.05	1.5654	0.90310	2.0975	384.33	1.3467	46.752	0.065363	supercritical
381.67	27.000	584.85	0.0017098	370.37	416.54	1.5745	0.90279	2.0875	382.00	1.3734	46.144	0.064745	supercritical
383.33	27.000	578.06	0.0017299	373.30	420.01	1.5836	0.90247	2.0770	379.81	1.3994	45.558	0.064143	supercritical
385.00	27.000	571.38	0.0017502	376.21	423.46	1.5926	0.90213	2.0661	377.75	1.4247	44.993	0.063557	supercritical
386.67	27.000	564.80	0.0017706	379.09	426.90	1.6015	0.90179	2.0548	375.81	1.4492	44.448	0.062987	supercritical
388.33	27.000	558.32	0.0017911	381.95	430.31	1.6103	0.90144	2.0430	373.99	1.4730	43.923	0.062432	supercritical
390.00	27.000	551.95	0.0018118	384.79	433.71	1.6190	0.90109	2.0310	372.29	1.4960	43.418	0.061893	supercritical
391.67	27.000	545.69	0.0018325	387.60	437.08	1.6276	0.90072	2.0186	370.70	1.5181	42.932	0.061369	supercritical
393.33	27.000	539.54	0.0018534	390.39	440.44	1.6362	0.90034	2.0060	369.21	1.5393	42.464	0.060859	supercritical
395.00	27.000	533.50	0.0018744	393.16	443.77	1.6446	0.89996	1.9931	367.84	1.5597	42.014	0.060365	supercritical
396.67	27.000	527.57	0.0018955	395.90	447.08	1.6530	0.89957	1.9800	366.56	1.5792	41.582	0.059884	supercritical
398.33	27.000	521.75	0.0019166	398.62	450.37	1.6613	0.89918	1.9668	365.37	1.5978	41.167	0.059417	supercritical
400.00	27.000	516.05	0.0019378	401.31	453.64	1.6695	0.89878	1.9534	364.28	1.6155	40.768	0.058965	supercritical
401.67	27.000	510.45	0.0019591	403.99	456.88	1.6776	0.89838	1.9399	363.28	1.6323	40.385	0.058525	supercritical
403.33	27.000	504.96	0.0019803	406.63	460.10	1.6856	0.89798	1.9264	362.36	1.6482	40.017	0.058099	supercritical
405.00	27.000	499.59	0.0020017	409.26	463.30	1.6935	0.89757	1.9128	361.52	1.6631	39.664	0.057685	supercritical
406.67	27.000	494.32	0.0020230	411.86	466.48	1.7013	0.89717	1.8992	360.75	1.6772	39.326	0.057285	supercritical
408.33	27.000	489.15	0.0020443	414.43	469.63	1.7090	0.89677	1.8856	360.06	1.6903	39.001	0.056896	supercritical
410.00	27.000	484.10	0.0020657	416.99	472.76	1.7167	0.89638	1.8721	359.43	1.7026	38.690	0.056520	supercritical
411.67	27.000	479.14	0.0020871	419.52	475.87	1.7243	0.89599	1.8587	358.87	1.7141	38.392	0.056155	supercritical
413.33	27.000	474.29	0.0021084	422.03	478.96	1.7318	0.89560	1.8453	358.38	1.7247	38.106	0.055802	supercritical
415.00	27.000	469.55	0.0021297	424.52	482.02	1.7392	0.89522	1.8320	357.94	1.7344	37.832	0.055460	supercritical
416.67	27.000	464.90	0.0021510	426.99	485.07	1.7465	0.89485	1.8189	357.55	1.7434	37.570	0.055130	supercritical
418.33	27.000	460.34	0.0021723	429.43	488.09	1.7537	0.89449	1.8060	357.22	1.7516	37.318	0.054809	supercritical
420.00	27.000	455.89	0.0021935	431.86	491.09	1.7609	0.89414	1.7931	356.94	1.7590	37.078	0.054500	supercritical
421.67	27.000	451.52	0.0022147	434.27	494.06	1.7679	0.89380	1.7805	356.70	1.7657	36.847	0.054200	supercritical
423.33	27.000	447.25	0.0022359	436.65	497.02	1.7749	0.89348	1.7681	356.51	1.7716	36.627	0.053910	supercritical
425.00	27.000	443.07	0.0022570	439.02	499.96	1.7819	0.89316	1.7558	356.36	1.7769	36.415	0.053629	supercritical
426.67	27.000	438.97	0.0022781	441.37	502.87	1.7887	0.89286	1.7438	356.25	1.7815	36.213	0.053358	supercritical
428.33	27.000	434.96	0.0022991	443.70	505.77	1.7955	0.89256	1.7320	356.17	1.7855	36.019	0.053096	supercritical
430.00	27.000	431.03	0.0023200	446.01	508.65	1.8022	0.89229	1.7203	356.14	1.7889	35.834	0.052842	supercritical
431.67	27.000	427.18	0.0023409	448.30	511.50	1.8088	0.89203	1.7089	356.13	1.7916	35.657	0.052597	supercritical
433.33	27.000	423.42	0.0023617	450.58	514.34	1.8154	0.89178	1.6978	356.16	1.7938	35.488	0.052359	supercritical
435.00	27.000	419.73	0.0023825	452.84	517.16	1.8219	0.89154	1.6868	356.22	1.7955	35.325	0.052129	supercritical
436.67	27.000	416.11	0.0024032	455.08	519.97	1.8283	0.89133	1.6761	356.30	1.7966	35.170	0.051906	supercritical
438.33	27.000	412.57	0.0024238	457.31	522.75	1.8347	0.89112	1.6656	356.42	1.7972	35.022	0.051690	supercritical
440.00	27.000	409.10	0.0024444	459.52	525.52	1.8410	0.89094	1.6554	356.56	1.7973	34.880	0.051480	supercritical
441.67	27.000	405.70	0.0024649	461.72	528.27	1.8472	0.89076	1.6453	356.72	1.7970	34.745	0.051277	supercritical
443.33	27.000	402.36	0.0024853	463.90	531.00	1.8534	0.89061	1.6355	356.90	1.7962	34.615	0.051078	supercritical
445.00	27.000	399.10	0.0025057	466.07	533.72	1.8595	0.89047	1.6259	357.11	1.7950	34.492	0.050884	supercritical
446.67	27.000	395.89	0.0025259	468.22	536.42	1.8656	0.89034	1.6166	357.33	1.7934	34.374	0.050694	supercritical
448.33	27.000	392.75	0.0025462	470.36	539.11	1.8716	0.89023	1.6074	357.58	1.7914	34.261	0.050507	supercritical
450.00	27.000	389.67	0.0025663	472.49	541.78	1.8775	0.89014	1.5985	357.84	1.7890	34.153	0.050320	supercritical
451.67	27.000	386.65	0.0025863	474.61	544.44	1.8834	0.89006	1.5898	358.12	1.7863	34.050	0.050131	supercritical
453.33	27.000	383.68	0.0026063	476.71	547.08	1.8893	0.89000	1.5813	358.42	1.7833	33.952	0.049933	supercritical
455.00	27.000	380.77	0.0026262	478.80	549.71	1.8950	0.88995	1.5730	358.73	1.7799	33.859	0.049709	supercritical
456.67	27.000	377.92	0.0026461	480.88	552.32	1.9008	0.88992	1.5649	359.05	1.7762	33.770	0.049390	supercritical
458.33	27.000	375.12	0.0026658	482.95	554.93	1.9065	0.88990	1.5570	359.39	1.7723	33.685	0.049306	supercritical
460.00	27.000	372.36	0.0026855	485.01	557.51	1.9121	0.88990	1.5493	359.74	1.7680	33.604	0.049226	supercritical
461.67	27.000	369.66	0.0027052	487.05	560.09	1.9177	0.88991	1.5418	360.11	1.7636	33.527	0.049152	supercritical
463.33	27.000	367.01	0.0027247	489.09	562.65	1.9232	0.88994	1.5344	360.48	1.7588	33.454	0.049081	supercritical
465.00	27.000	364.41	0.0027442	491.11	565.21	1.9287	0.88998	1.5273	360.87	1.7539	33.384	0.049015	supercritical
466.67	27.000	361.85	0.0027636	493.13	567.74	1.9342	0.89004	1.5203	361.27	1.7487	33.318	0.048954	supercritical
468.33	27.000	359.34	0.0027829	495.13	570.27	1.9396	0.89011	1.5135	361.67	1.7433	33.255	0.048896	supercritical
470.00	27.000	356.87	0.0028022	497.13	572.79	1.9450	0.89020	1.5069	362.09	1.7377	33.195	0.048843	supercritical
471.67	27.000	354.44	0.0028213	499.12	575.30	1.9503	0.89030	1.5004	362.51	1.7319	33.139	0.048793	supercritical
473.33	27.000	352.06	0.0028405	501.10	577.79	1.9556	0.89041	1.4941	362.95	1.7259	33.085	0.048747	supercritical
475.00	27.000	349.71	0.0028595	503.07	580.28	1.9608	0.89053	1.4879	363.39	1.7198	33.035	0.048705	supercritical
476.67	27.000	347.40	0.0028785	505.03	582.75	1.9660	0.89067	1.4820	363.83	1.7135	32.987	0.048666	supercritical
478.33	27.000	345.14	0.0028974	506.99	585.22	1.9712	0.89082	1.4761	364.29	1.7071	32.942	0.048630	supercritical
480.00	27.000	342.91	0.0029162	508.93	587.67	1.9763	0.89099	1.4704	364.75	1.7005	32.899	0.048598	supercritical
481.67	27.000	340.71	0.0029350	510.87	590.12	1.9814	0.89116	1.4649	365.22	1.6938	32.859	0.048570	supercritical
483.33	27.000	338.56	0.0029537	512.80	592.55	1.9864	0.89135	1.4594	365.69	1.6869	32.822	0.048544	supercritical
485.00	27.000	336.43	0.0029724	514.73	594.98	1.9914	0.89155	1.4542	366.17	1.6800	32.786	0.048521	supercritical
486.67	27.000	334.34	0.0029909	516.65	597.40	1.9964	0.89176	1.4490	366.65	1.6729	32.753	0.048501	supercritical
488.33	27.000	332.29	0.0030095	518.56	599.81	2.0014	0.89198	1.4440	367.14	1.6658	32.722	0.048485	supercritical
490.00	27.000	330.26	0.0030279	520.46	602.22	2.0063	0.89222	1.4391	367.64	1.6585	32.693	0.048470	supercritical
491.67	27.000	328.27	0.0030463	522.36	604.61	2.0112	0.89246	1.4343	368.14	1.6512	32.667	0.048459	supercritical
493.33	27.000	326.31	0.0030646	524.25	607.00	2.0160	0.89272	1.4297	368.64	1.6438	32.642	0.048450	supercritical
495.00	27.000	324.37	0.0030829	526.14	609.38	2.0208	0.89299	1.4251	369.14	1.6362	32.619	0.048444	supercritical
496.67	27.000	322.47	0.0031011	528.02	611.75	2.0256	0.89326	1.4207	369.65	1.6287	32.598	0.048440	supercritical
498.33	27.000	320.59	0.0031192	529.89	614.11	2.0304	0.89355	1.4164	370.17	1.6210	32.578	0.048439	supercritical
500.00	27.000	318.75	0.0031373	531.76	616.47	2.0351	0.89384	1.4122	370.68	1.6133	32.561	0.048440	supercritical
501.67	27.000	316.93	0.0031553	533.62	618.82	2.0398	0.89415	1.4081	371.20	1.6056	32.545	0.048444	supercritical
503.33	27.000	315.13	0.0031733	535.48	621.16	2.0444	0.89447	1.4040	371.73	1.5978	32.530	0.048449	supercritical
505.00	27.000	313.36	0.0031912	537.34	623.50	2.0491	0.89479	1.4001	372.25	1.5899	32.518	0.048457	supercritical
506.67	27.000	311.62	0.0032090	539.18	625.83	2.0537	0.89512	1.3963	372.78	1.5820	32.506	0.048467	supercritical
508.33	27.000	309.90	0.0032268	541.03	628.15	2.0583	0.89547	1.3926	373.31	1.5741	32.497	0.048479	supercritical
510.00	27.000	308.21	0.0032446	542.87	630.47	2.0628	0.89582	1.3890	373.84	1.5661	32.488	0.048493	supercritical
511.67	27.000	306.54	0.0032623	544.70	632.78	2.0673	0.89617	1.3854	374.38	1.5581	32.481	0.048509	supercritical
513.33	27.000	304.89	0.0032799	546.53	635.09	2.0718	0.89654	1.3820	374.91	1.5501	32.475	0.048526	supercritical
515.00	27.000	303.26	0.0032975	548.36	637.39	2.0763	0.89692	1.3786	375.45	1.5420	32.471	0.048546	supercritical
516.67	27.000	301.66	0.0033150	550.18	639.68	2.0808	0.89730	1.3753	375.99	1.5339	32.468	0.048568	supercritical
518.33	27.000	300.08	0.0033325	552.00	641.97	2.0852	0.89769	1.3721	376.53	1.5259	32.466	0.048591	supercritical
520.00	27.000	298.52	0.0033499	553.81	644.26	2.0896	0.89809	1.3690	377.07	1.5177	32.465	0.048616	supercritical
521.67	27.000	296.98	0.0033673	555.62	646.54	2.0940	0.89849	1.3659	377.62	1.5096	32.465	0.048642	supercritical
523.33	27.000	295.46	0.0033846	557.43	648.81	2.0983	0.89891	1.3630	378.16	1.5015	32.467	0.048671	supercritical
525.00	27.000	293.96	0.0034019	559.23	651.08	2.1026	0.89932	1.3601	378.71	1.4934	32.469	0.048701	supercritical
526.67	27.000	292.48	0.0034191	561.03	653.35	2.1069	0.89975	1.3572	379.25	1.4852	32.473	0.048732	supercritical
528.33	27.000	291.01	0.0034363	562.83	655.60	2.1112	0.90018	1.3544	379.80	1.4771	32.477	0.048765	supercritical
530.00	27.000	289.57	0.0034534	564.62	657.86	2.1155	0.90062	1.3517	380.35	1.4689	32.483	0.048800	supercritical
531.67	27.000	288.15	0.0034705	566.41	660.11	2.1197	0.90107	1.3491	380.90	1.4608	32.489	0.048835	supercritical
533.33	27.000	286.74	0.0034875	568.19	662.36	2.1239	0.90152	1.3465	381.45	1.4527	32.497	0.048873	supercritical
535.00	27.000	285.35	0.0035045	569.98	664.60	2.1281	0.90197	1.3440	382.00	1.4445	32.505	0.048911	supercritical
536.67	27.000	283.98	0.0035214	571.76	666.84	2.1323	0.90243	1.3416	382.55	1.4364	32.514	0.048952	supercritical
538.33	27.000	282.62	0.0035383	573.54	669.07	2.1365	0.90290	1.3392	383.11	1.4283	32.524	0.048993	supercritical
540.00	27.000	281.28	0.0035552	575.31	671.30	2.1406	0.90338	1.3368	383.66	1.4202	32.535	0.049036	supercritical
541.67	27.000	279.96	0.0035720	577.08	673.53	2.1447	0.90385	1.3346	384.21	1.4121	32.547	0.049080	supercritical
543.33	27.000	278.65	0.0035888	578.85	675.75	2.1488	0.90434	1.3323	384.76	1.4040	32.559	0.049125	supercritical
545.00	27.000	277.36	0.0036055	580.62	677.97	2.1529	0.90483	1.3302	385.32	1.3960	32.573	0.049171	supercritical
546.67	27.000	276.08	0.0036222	582.38	680.18	2.1570	0.90532	1.3280	385.87	1.3879	32.587	0.049219	supercritical
548.33	27.000	274.82	0.0036388	584.15	682.40	2.1610	0.90582	1.3260	386.42	1.3799	32.601	0.049267	supercritical
550.00	27.000	273.57	0.0036554	585.91	684.60	2.1650	0.90632	1.3240	386.98	1.3719	32.617	0.049317	supercritical
551.67	27.000	272.33	0.0036720	587.67	686.81	2.1690	0.90683	1.3220	387.53	1.3639	32.633	0.049368	supercritical
553.33	27.000	271.11	0.0036885	589.42	689.01	2.1730	0.90734	1.3201	388.08	1.3560	32.649	0.049420	supercritical
555.00	27.000	269.91	0.0037050	591.17	691.21	2.1770	0.90785	1.3182	388.64	1.3480	32.667	0.049473	supercritical
556.67	27.000	268.71	0.0037214	592.93	693.40	2.1809	0.90837	1.3164	389.19	1.3401	32.685	0.049527	supercritical
558.33	27.000	267.54	0.0037378	594.68	695.60	2.1849	0.90890	1.3146	389.75	1.3322	32.703	0.049583	supercritical
560.00	27.000	266.37	0.0037542	596.42	697.79	2.1888	0.90943	1.3128	390.30	1.3244	32.723	0.049639	supercritical
561.67	27.000	265.22	0.0037705	598.17	699.97	2.1927	0.90996	1.3111	390.85	1.3165	32.742	0.049696	supercritical
563.33	27.000	264.07	0.0037868	599.91	702.16	2.1966	0.91049	1.3095	391.40	1.3087	32.763	0.049754	supercritical
565.00	27.000	262.95	0.0038031	601.65	704.34	2.2004	0.91103	1.3078	391.96	1.3009	32.784	0.049813	supercritical
566.67	27.000	261.83	0.0038193	603.40	706.52	2.2043	0.91157	1.3062	392.51	1.2932	32.805	0.049873	supercritical
568.33	27.000	260.72	0.0038355	605.13	708.69	2.2081	0.91212	1.3047	393.06	1.2854	32.827	0.049933	supercritical
570.00	27.000	259.63	0.0038516	606.87	710.86	2.2119	0.91267	1.3032	393.61	1.2777	32.850	0.049995	supercritical
571.67	27.000	258.55	0.0038677	608.61	713.04	2.2157	0.91322	1.3017	394.16	1.2701	32.873	0.050057	supercritical
573.33	27.000	257.48	0.0038838	610.34	715.20	2.2195	0.91377	1.3003	394.71	1.2624	32.896	0.050121	supercritical
575.00	27.000	256.42	0.0038999	612.07	717.37	2.2233	0.91433	1.2989	395.26	1.2548	32.920	0.050185	supercritical
576.67	27.000	255.37	0.0039159	613.81	719.53	2.2270	0.91489	1.2975	395.81	1.2472	32.945	0.050250	supercritical
578.33	27.000	254.33	0.0039318	615.54	721.69	2.2308	0.91546	1.2962	396.36	1.2397	32.969	0.050315	supercritical
580.00	27.000	253.31	0.0039478	617.26	723.85	2.2345	0.91602	1.2949	396.91	1.2322	32.995	0.050382	supercritical
581.67	27.000	252.29	0.0039637	618.99	726.01	2.2382	0.91659	1.2936	397.46	1.2247	33.020	0.050449	supercritical
583.33	27.000	251.28	0.0039796	620.72	728.17	2.2419	0.91716	1.2924	398.01	1.2172	33.047	0.050517	supercritical
585.00	27.000	250.29	0.0039954	622.44	730.32	2.2456	0.91774	1.2911	398.55	1.2098	33.073	0.050586	supercritical
586.67	27.000	249.30	0.0040112	624.17	732.47	2.2493	0.91831	1.2900	399.10	1.2024	33.100	0.050655	supercritical
588.33	27.000	248.32	0.0040270	625.89	734.62	2.2529	0.91889	1.2888	399.65	1.1951	33.127	0.050725	supercritical
590.00	27.000	247.35	0.0040428	627.61	736.77	2.2566	0.91947	1.2877	400.19	1.1878	33.155	0.050796	supercritical
591.67	27.000	246.40	0.0040585	629.33	738.91	2.2602	0.92005	1.2866	400.74	1.1805	33.183	0.050868	supercritical
593.33	27.000	245.45	0.0040742	631.05	741.05	2.2638	0.92064	1.2855	401.28	1.1732	33.212	0.050940	supercritical
595.00	27.000	244.51	0.0040899	632.77	743.20	2.2674	0.92122	1.2845	401.82	1.1660	33.240	0.051013	supercritical
596.67	27.000	243.57	0.0041055	634.49	745.34	2.2710	0.92181	1.2835	402.37	1.1589	33.269	0.051086	supercritical
598.33	27.000	242.65	0.0041211	636.20	747.47	2.2746	0.92240	1.2825	402.91	1.1517	33.299	0.051160	supercritical
600.00	27.000	241.74	0.0041367	637.92	749.61	2.2782	0.92299	1.2815	403.45	1.1446	33.329	0.051235	supercritical
601.67	27.000	240.83	0.0041523	639.64	751.75	2.2817	0.92359	1.2806	403.99	1.1375	33.359	0.051310	supercritical
603.33	27.000	239.94	0.0041678	641.35	753.88	2.2853	0.92418	1.2797	404.53	1.1305	33.389	0.051386	supercritical
605.00	27.000	239.05	0.0041833	643.06	756.01	2.2888	0.92478	1.2788	405.07	1.1235	33.420	0.051462	supercritical
606.67	27.000	238.17	0.0041987	644.78	758.14	2.2923	0.92538	1.2779	405.61	1.1165	33.451	0.051539	supercritical
608.33	27.000	237.29	0.0042142	646.49	760.27	2.2958	0.92597	1.2770	406.15	1.1096	33.482	0.051617	supercritical
610.00	27.000	236.43	0.0042296	648.20	762.40	2.2993	0.92658	1.2762	406.69	1.1027	33.514	0.051695	supercritical
611.67	27.000	235.57	0.0042450	649.91	764.53	2.3028	0.92718	1.2754	407.22	1.0959	33.546	0.051773	supercritical
613.33	27.000	234.72	0.0042603	651.62	766.65	2.3063	0.92778	1.2746	407.76	1.0890	33.578	0.051852	supercritical
615.00	27.000	233.88	0.0042757	653.33	768.77	2.3097	0.92839	1.2739	408.29	1.0823	33.610	0.051932	supercritical
616.67	27.000	233.05	0.0042910	655.04	770.90	2.3132	0.92899	1.2731	408.83	1.0755	33.643	0.052012	supercritical
618.33	27.000	232.22	0.0043063	656.75	773.02	2.3166	0.92960	1.2724	409.36	1.0688	33.676	0.052093	supercritical
620.00	27.000	231.40	0.0043215	658.46	775.14	2.3200	0.93021	1.2717	409.89	1.0621	33.709	0.052174	supercritical
621.67	27.000	230.59	0.0043368	660.16	777.26	2.3234	0.93081	1.2710	410.42	1.0555	33.742	0.052255	supercritical
623.33	27.000	229.78	0.0043520	661.87	779.37	2.3268	0.93142	1.2703	410.96	1.0489	33.776	0.052337	supercritical
625.00	27.000	228.98	0.0043672	663.58	781.49	2.3302	0.93204	1.2697	411.49	1.0423	33.810	0.052420	supercritical
626.67	27.000	228.19	0.0043823	665.28	783.61	2.3336	0.93265	1.2691	412.02	1.0358	33.844	0.052503	supercritical
628.33	27.000	227.40	0.0043975	666.99	785.72	2.3370	0.93326	1.2684	412.54	1.0293	33.878	0.052586	supercritical
630.00	27.000	226.62	0.0044126	668.70	787.84	2.3403	0.93387	1.2678	413.07	1.0228	33.913	0.052670	supercritical
631.67	27.000	225.85	0.0044277	670.40	789.95	2.3437	0.93449	1.2673	413.60	1.0164	33.948	0.052754	supercritical
633.33	27.000	225.09	0.0044428	672.11	792.06	2.3470	0.93510	1.2667	414.13	1.0100	33.983	0.052839	supercritical
635.00	27.000	224.33	0.0044578	673.81	794.17	2.3504	0.93571	1.2662	414.65	1.0036	34.018	0.052924	supercritical
636.67	27.000	223.57	0.0044728	675.51	796.28	2.3537	0.93633	1.2656	415.18	0.99729	34.053	0.053009	supercritical
638.33	27.000	222.82	0.0044878	677.22	798.39	2.3570	0.93695	1.2651	415.70	0.99100	34.089	0.053095	supercritical
640.00	27.000	222.08	0.0045028	678.92	800.50	2.3603	0.93756	1.2646	416.22	0.98474	34.124	0.053182	supercritical
641.67	27.000	221.35	0.0045178	680.62	802.60	2.3636	0.93818	1.2641	416.74	0.97853	34.160	0.053268	supercritical
643.33	27.000	220.62	0.0045327	682.33	804.71	2.3669	0.93880	1.2636	417.27	0.97234	34.196	0.053355	supercritical
645.00	27.000	219.90	0.0045476	684.03	806.82	2.3701	0.93941	1.2632	417.79	0.96619	34.233	0.053443	supercritical
646.67	27.000	219.18	0.0045625	685.73	808.92	2.3734	0.94003	1.2627	418.31	0.96008	34.269	0.053530	supercritical
648.33	27.000	218.47	0.0045774	687.44	811.03	2.3766	0.94065	1.2623	418.82	0.95399	34.306	0.053618	supercritical
650.00	27.000	217.76	0.0045922	689.14	813.13	2.3799	0.94127	1.2619	419.34	0.94795	34.343	0.053707	supercritical
651.67	27.000	217.06	0.0046071	690.84	815.23	2.3831	0.94189	1.2615	419.86	0.94193	34.379	0.053796	supercritical
653.33	27.000	216.36	0.0046219	692.54	817.33	2.3863	0.94251	1.2611	420.38	0.93596	34.417	0.053885	supercritical
655.00	27.000	215.67	0.0046367	694.25	819.44	2.3895	0.94313	1.2607	420.89	0.93001	34.454	0.053974	supercritical
656.67	27.000	214.99	0.0046514	695.95	821.54	2.3927	0.94374	1.2603	421.41	0.92410	34.491	0.054064	supercritical
658.33	27.000	214.31	0.0046662	697.65	823.64	2.3959	0.94436	1.2600	421.92	0.91822	34.529	0.054154	supercritical
660.00	27.000	213.63	0.0046809	699.35	825.74	2.3991	0.94498	1.2596	422.43	0.91237	34.566	0.054245	supercritical
661.67	27.000	212.96	0.0046956	701.05	827.84	2.4023	0.94560	1.2593	422.95	0.90656	34.604	0.054335	supercritical
663.33	27.000	212.30	0.0047103	702.76	829.93	2.4055	0.94622	1.2590	423.46	0.90078	34.642	0.054427	supercritical
665.00	27.000	211.64	0.0047250	704.46	832.03	2.4086	0.94684	1.2587	423.97	0.89504	34.680	0.054518	supercritical
666.67	27.000	210.99	0.0047397	706.16	834.13	2.4118	0.94746	1.2584	424.48	0.88933	34.719	0.054610	supercritical
668.33	27.000	210.34	0.0047543	707.86	836.23	2.4149	0.94808	1.2581	424.99	0.88364	34.757	0.054701	supercritical
670.00	27.000	209.69	0.0047689	709.56	838.32	2.4180	0.94870	1.2578	425.49	0.87800	34.795	0.054794	supercritical
671.67	27.000	209.05	0.0047835	711.26	840.42	2.4212	0.94932	1.2576	426.00	0.87238	34.834	0.054886	supercritical
673.33	27.000	208.42	0.0047981	712.97	842.52	2.4243	0.94994	1.2573	426.51	0.86680	34.873	0.054979	supercritical
675.00	27.000	207.78	0.0048127	714.67	844.61	2.4274	0.95056	1.2571	427.01	0.86124	34.912	0.055072	supercritical
676.67	27.000	207.16	0.0048272	716.37	846.71	2.4305	0.95117	1.2568	427.52	0.85572	34.951	0.055165	supercritical
678.33	27.000	206.54	0.0048418	718.07	848.80	2.4336	0.95179	1.2566	428.02	0.85023	34.990	0.055259	supercritical
680.00	27.000	205.92	0.0048563	719.78	850.89	2.4367	0.95241	1.2564	428.53	0.84478	35.029	0.055353	supercritical
681.67	27.000	205.31	0.0048708	721.48	852.99	2.4397	0.95303	1.2562	429.03	0.83935	35.068	0.055447	supercritical
683.33	27.000	204.70	0.0048852	723.18	855.08	2.4428	0.95364	1.2560	429.53	0.83395	35.108	0.055541	supercritical
685.00	27.000	204.09	0.0048997	724.88	857.17	2.4459	0.95426	1.2558	430.03	0.82859	35.147	0.055636	supercritical
686.67	27.000	203.49	0.0049141	726.59	859.27	2.4489	0.95488	1.2556	430.53	0.82326	35.187	0.055730	supercritical
688.33	27.000	202.90	0.0049286	728.29	861.36	2.4520	0.95549	1.2554	431.03	0.81795	35.226	0.055825	supercritical
690.00	27.000	202.31	0.0049430	729.99	863.45	2.4550	0.95611	1.2553	431.53	0.81268	35.266	0.055921	supercritical
691.67	27.000	201.72	0.0049574	731.70	865.54	2.4580	0.95672	1.2551	432.02	0.80744	35.306	0.056016	supercritical
693.33	27.000	201.14	0.0049718	733.40	867.64	2.4611	0.95734	1.2550	432.52	0.80222	35.346	0.056112	supercritical
695.00	27.000	200.56	0.0049861	735.10	869.73	2.4641	0.95795	1.2548	433.02	0.79704	35.386	0.056208	supercritical
696.67	27.000	199.98	0.0050005	736.81	871.82	2.4671	0.95857	1.2547	433.51	0.79188	35.426	0.056304	supercritical
698.33	27.000	199.41	0.0050148	738.51	873.91	2.4701	0.95918	1.2546	434.01	0.78676	35.467	0.056400	supercritical
700.00	27.000	198.84	0.0050291	740.21	876.00	2.4731	0.95979	1.2545	434.50	0.78166	35.507	0.056497	supercritical
701.67	27.000	198.28	0.0050434	741.92	878.09	2.4760	0.96041	1.2543	434.99	0.77660	35.547	0.056594	supercritical
703.33	27.000	197.72	0.0050577	743.62	880.18	2.4790	0.96102	1.2542	435.48	0.77156	35.588	0.056691	supercritical
705.00	27.000	197.16	0.0050720	745.33	882.27	2.4820	0.96163	1.2541	435.98	0.76655	35.628	0.056788	supercritical
706.67	27.000	196.61	0.0050862	747.03	884.36	2.4849	0.96224	1.2541	436.47	0.76157	35.669	0.056885	supercritical
708.33	27.000	196.06	0.0051005	748.74	886.45	2.4879	0.96285	1.2540	436.95	0.75662	35.710	0.056983	supercritical
710.00	27.000	195.51	0.0051147	750.45	888.54	2.4908	0.96346	1.2539	437.44	0.75170	35.751	0.057080	supercritical
711.67	27.000	194.97	0.0051289	752.15	890.63	2.4938	0.96407	1.2538	437.93	0.74680	35.792	0.057178	supercritical
713.33	27.000	194.43	0.0051431	753.86	892.72	2.4967	0.96468	1.2538	438.42	0.74193	35.833	0.057276	supercritical
715.00	27.000	193.90	0.0051573	755.56	894.81	2.4996	0.96528	1.2537	438.90	0.73709	35.874	0.057375	supercritical
716.67	27.000	193.37	0.0051715	757.27	896.90	2.5026	0.96589	1.2537	439.39	0.73228	35.915	0.057473	supercritical
718.33	27.000	192.84	0.0051856	758.98	898.99	2.5055	0.96650	1.2536	439.87	0.72750	35.956	0.057572	supercritical
720.00	27.000	192.32	0.0051998	760.69	901.08	2.5084	0.96710	1.2536	440.36	0.72274	35.997	0.057670	supercritical
721.67	27.000	191.80	0.0052139	762.39	903.17	2.5113	0.96771	1.2536	440.84	0.71801	36.038	0.057769	supercritical
723.33	27.000	191.28	0.0052280	764.10	905.26	2.5142	0.96831	1.2535	441.32	0.71330	36.080	0.057868	supercritical
725.00	27.000	190.76	0.0052421	765.81	907.35	2.5171	0.96891	1.2535	441.81	0.70862	36.121	0.057968	supercritical
726.67	27.000	190.25	0.0052562	767.52	909.44	2.5199	0.96951	1.2535	442.29	0.70397	36.163	0.058067	supercritical
728.33	27.000	189.74	0.0052703	769.23	911.53	2.5228	0.97012	1.2535	442.77	0.69935	36.204	0.058167	supercritical
730.00	27.000	189.24	0.0052843	770.94	913.62	2.5257	0.97072	1.2535	443.25	0.69475	36.246	0.058266	supercritical
731.67	27.000	188.74	0.0052984	772.65	915.70	2.5285	0.97132	1.2535	443.73	0.69017	36.287	0.058366	supercritical
733.33	27.000	188.24	0.0053124	774.36	917.79	2.5314	0.97192	1.2535	444.20	0.68563	36.329	0.058466	supercritical
735.00	27.000	187.74	0.0053264	776.07	919.88	2.5342	0.97251	1.2535	444.68	0.68110	36.371	0.058566	supercritical
736.67	27.000	187.25	0.0053404	777.78	921.97	2.5371	0.97311	1.2535	445.16	0.67661	36.413	0.058667	supercritical
738.33	27.000	186.76	0.0053544	779.49	924.06	2.5399	0.97371	1.2536	445.63	0.67213	36.454	0.058767	supercritical
740.00	27.000	186.28	0.0053684	781.20	926.15	2.5427	0.97430	1.2536	446.11	0.66769	36.496	0.058868	supercritical
741.67	27.000	185.79	0.0053824	782.92	928.24	2.5456	0.97490	1.2536	446.58	0.66327	36.538	0.058968	supercritical
743.33	27.000	185.31	0.0053963	784.63	930.33	2.5484	0.97549	1.2537	447.05	0.65887	36.580	0.059069	supercritical
745.00	27.000	184.83	0.0054103	786.34	932.42	2.5512	0.97609	1.2537	447.53	0.65450	36.622	0.059170	supercritical
746.67	27.000	184.36	0.0054242	788.05	934.51	2.5540	0.97668	1.2537	448.00	0.65015	36.664	0.059271	supercritical
748.33	27.000	183.89	0.0054381	789.77	936.60	2.5568	0.97727	1.2538	448.47	0.64582	36.707	0.059372	supercritical
750.00	27.000	183.42	0.0054520	791.48	938.69	2.5596	0.97786	1.2538	448.94	0.64152	36.749	0.059474	supercritical
751.67	27.000	182.95	0.0054659	793.20	940.78	2.5623	0.97845	1.2539	449.41	0.63725	36.791	0.059575	supercritical
753.33	27.000	182.49	0.0054798	794.91	942.87	2.5651	0.97904	1.2540	449.88	0.63300	36.833	0.059677	supercritical
755.00	27.000	182.03	0.0054937	796.63	944.96	2.5679	0.97963	1.2540	450.35	0.62877	36.875	0.059778	supercritical
756.67	27.000	181.57	0.0055076	798.34	947.05	2.5707	0.98021	1.2541	450.82	0.62456	36.918	0.059880	supercritical
758.33	27.000	181.11	0.0055214	800.06	949.14	2.5734	0.98080	1.2542	451.28	0.62038	36.960	0.059982	supercritical
760.00	27.000	180.66	0.0055352	801.78	951.23	2.5762	0.98138	1.2543	451.75	0.61622	37.003	0.060084	supercritical
761.67	27.000	180.21	0.0055491	803.49	953.32	2.5789	0.98197	1.2543	452.21	0.61208	37.045	0.060186	supercritical
763.33	27.000	179.76	0.0055629	805.21	955.41	2.5817	0.98255	1.2544	452.68	0.60797	37.087	0.060289	supercritical
765.00	27.000	179.32	0.0055767	806.93	957.50	2.5844	0.98313	1.2545	453.14	0.60388	37.130	0.060391	supercritical
766.67	27.000	178.88	0.0055905	808.65	959.59	2.5871	0.98371	1.2546	453.61	0.59981	37.172	0.060493	supercritical
768.33	27.000	178.44	0.0056043	810.37	961.68	2.5898	0.98429	1.2547	454.07	0.59576	37.215	0.060596	supercritical
770.00	27.000	178.00	0.0056180	812.09	963.77	2.5926	0.98487	1.2548	454.53	0.59174	37.258	0.060698	supercritical
771.67	27.000	177.56	0.0056318	813.81	965.86	2.5953	0.98545	1.2549	454.99	0.58774	37.300	0.060801	supercritical
773.33	27.000	177.13	0.0056456	815.53	967.96	2.5980	0.98602	1.2550	455.45	0.58376	37.343	0.060904	supercritical
775.00	27.000	176.70	0.0056593	817.25	970.05	2.6007	0.98660	1.2551	455.91	0.57980	37.386	0.061007	supercritical
776.67	27.000	176.27	0.0056730	818.97	972.14	2.6034	0.98717	1.2552	456.37	0.57586	37.428	0.061110	supercritical
778.33	27.000	175.85	0.0056867	820.69	974.23	2.6061	0.98775	1.2554	456.83	0.57195	37.471	0.061213	supercritical
780.00	27.000	175.42	0.0057005	822.41	976.32	2.6088	0.98832	1.2555	457.29	0.56805	37.514	0.061316	supercritical
781.67	27.000	175.00	0.0057142	824.13	978.42	2.6114	0.98889	1.2556	457.75	0.56418	37.557	0.061419	supercritical
783.33	27.000	174.59	0.0057278	825.86	980.51	2.6141	0.98946	1.2557	458.20	0.56032	37.600	0.061523	supercritical
785.00	27.000	174.17	0.0057415	827.58	982.60	2.6168	0.99003	1.2558	458.66	0.55649	37.642	0.061626	supercritical
786.67	27.000	173.76	0.0057552	829.31	984.70	2.6195	0.99060	1.2560	459.11	0.55268	37.685	0.061729	supercritical
788.33	27.000	173.34	0.0057689	831.03	986.79	2.6221	0.99116	1.2561	459.57	0.54889	37.728	0.061833	supercritical
790.00	27.000	172.94	0.0057825	832.76	988.88	2.6248	0.99173	1.2563	460.02	0.54512	37.771	0.061937	supercritical
791.67	27.000	172.53	0.0057961	834.48	990.98	2.6274	0.99230	1.2564	460.47	0.54137	37.814	0.062040	supercritical
793.33	27.000	172.12	0.0058098	836.21	993.07	2.6301	0.99286	1.2565	460.93	0.53764	37.857	0.062144	supercritical
795.00	27.000	171.72	0.0058234	837.93	995.16	2.6327	0.99342	1.2567	461.38	0.53393	37.900	0.062248	supercritical
796.67	27.000	171.32	0.0058370	839.66	997.26	2.6353	0.99398	1.2568	461.83	0.53024	37.943	0.062352	supercritical
798.33	27.000	170.92	0.0058506	841.39	999.35	2.6379	0.99454	1.2570	462.28	0.52657	37.986	0.062456	supercritical
800.00	27.000	170.53	0.0058642	843.12	1001.4	2.6406	0.99510	1.2571	462.73	0.52292	38.029	0.062560	supercritical
801.67	27.000	170.13	0.0058778	844.84	1003.5	2.6432	0.99566	1.2573	463.18	0.51929	38.072	0.062664	supercritical
803.33	27.000	169.74	0.0058913	846.57	1005.6	2.6458	0.99622	1.2574	463.63	0.51567	38.115	0.062768	supercritical
805.00	27.000	169.35	0.0059049	848.30	1007.7	2.6484	0.99677	1.2576	464.08	0.51208	38.158	0.062873	supercritical
806.67	27.000	168.96	0.0059185	850.03	1009.8	2.6510	0.99733	1.2578	464.52	0.50851	38.201	0.062977	supercritical
808.33	27.000	168.58	0.0059320	851.76	1011.9	2.6536	0.99788	1.2579	464.97	0.50495	38.245	0.063081	supercritical
810.00	27.000	168.19	0.0059455	853.50	1014.0	2.6562	0.99844	1.2581	465.42	0.50142	38.288	0.063186	supercritical
811.67	27.000	167.81	0.0059591	855.23	1016.1	2.6588	0.99899	1.2583	465.86	0.49790	38.331	0.063290	supercritical
813.33	27.000	167.43	0.0059726	856.96	1018.2	2.6614	0.99954	1.2584	466.31	0.49440	38.374	0.063395	supercritical
815.00	27.000	167.05	0.0059861	858.69	1020.3	2.6639	1.0001	1.2586	466.75	0.49092	38.417	0.063499	supercritical
816.67	27.000	166.68	0.0059996	860.43	1022.4	2.6665	1.0006	1.2588	467.19	0.48745	38.460	0.063604	supercritical
818.33	27.000	166.30	0.0060131	862.16	1024.5	2.6691	1.0012	1.2590	467.64	0.48401	38.504	0.063709	supercritical
820.00	27.000	165.93	0.0060266	863.89	1026.6	2.6716	1.0017	1.2591	468.08	0.48058	38.547	0.063813	supercritical
821.67	27.000	165.56	0.0060401	865.63	1028.7	2.6742	1.0023	1.2593	468.52	0.47717	38.590	0.063918	supercritical
823.33	27.000	165.19	0.0060535	867.36	1030.8	2.6767	1.0028	1.2595	468.96	0.47378	38.633	0.064023	supercritical
825.00	27.000	164.83	0.0060670	869.10	1032.9	2.6793	1.0034	1.2597	469.40	0.47041	38.677	0.064128	supercritical
826.67	27.000	164.46	0.0060804	870.84	1035.0	2.6818	1.0039	1.2599	469.84	0.46705	38.720	0.064233	supercritical
828.33	27.000	164.10	0.0060939	872.57	1037.1	2.6844	1.0044	1.2600	470.28	0.46371	38.763	0.064338	supercritical
830.00	27.000	163.74	0.0061073	874.31	1039.2	2.6869	1.0050	1.2602	470.72	0.46039	38.806	0.064443	supercritical
831.67	27.000	163.38	0.0061207	876.05	1041.3	2.6894	1.0055	1.2604	471.16	0.45708	38.850	0.064548	supercritical
833.33	27.000	163.02	0.0061341	877.79	1043.4	2.6920	1.0061	1.2606	471.60	0.45380	38.893	0.064653	supercritical
835.00	27.000	162.67	0.0061475	879.53	1045.5	2.6945	1.0066	1.2608	472.03	0.45053	38.936	0.064758	supercritical
836.67	27.000	162.31	0.0061609	881.27	1047.6	2.6970	1.0071	1.2610	472.47	0.44727	38.980	0.064863	supercritical
838.33	27.000	161.96	0.0061743	883.01	1049.7	2.6995	1.0077	1.2612	472.90	0.44403	39.023	0.064969	supercritical
840.00	27.000	161.61	0.0061877	884.75	1051.8	2.7020	1.0082	1.2614	473.34	0.44081	39.066	0.065074	supercritical
841.67	27.000	161.26	0.0062011	886.49	1053.9	2.7045	1.0087	1.2616	473.77	0.43761	39.110	0.065179	supercritical
843.33	27.000	160.91	0.0062145	888.23	1056.0	2.7070	1.0092	1.2618	474.21	0.43442	39.153	0.065284	supercritical
845.00	27.000	160.57	0.0062278	889.97	1058.1	2.7095	1.0098	1.2620	474.64	0.43125	39.196	0.065390	supercritical
846.67	27.000	160.23	0.0062412	891.72	1060.2	2.7120	1.0103	1.2622	475.07	0.42809	39.240	0.065495	supercritical
848.33	27.000	159.88	0.0062545	893.46	1062.3	2.7145	1.0108	1.2624	475.51	0.42495	39.283	0.065601	supercritical
850.00	27.000	159.54	0.0062679	895.20	1064.4	2.7169	1.0114	1.2626	475.94	0.42183	39.327	0.065706	supercritical
851.67	27.000	159.21	0.0062812	896.95	1066.5	2.7194	1.0119	1.2628	476.37	0.41872	39.370	0.065812	supercritical
853.33	27.000	158.87	0.0062945	898.69	1068.6	2.7219	1.0124	1.2630	476.80	0.41563	39.413	0.065917	supercritical
855.00	27.000	158.53	0.0063078	900.44	1070.8	2.7243	1.0129	1.2633	477.23	0.41255	39.457	0.066023	supercritical
856.67	27.000	158.20	0.0063211	902.19	1072.9	2.7268	1.0134	1.2635	477.66	0.40949	39.500	0.066128	supercritical
858.33	27.000	157.87	0.0063344	903.93	1075.0	2.7293	1.0140	1.2637	478.09	0.40644	39.543	0.066234	supercritical
860.00	27.000	157.54	0.0063477	905.68	1077.1	2.7317	1.0145	1.2639	478.51	0.40341	39.587	0.066340	supercritical
861.67	27.000	157.21	0.0063610	907.43	1079.2	2.7342	1.0150	1.2641	478.94	0.40039	39.630	0.066445	supercritical
863.33	27.000	156.88	0.0063743	909.18	1081.3	2.7366	1.0155	1.2643	479.37	0.39739	39.674	0.066551	supercritical
865.00	27.000	156.55	0.0063876	910.93	1083.4	2.7390	1.0160	1.2645	479.80	0.39440	39.717	0.066657	supercritical
866.67	27.000	156.23	0.0064008	912.68	1085.5	2.7415	1.0165	1.2648	480.22	0.39143	39.760	0.066762	supercritical
868.33	27.000	155.91	0.0064141	914.43	1087.6	2.7439	1.0170	1.2650	480.65	0.38848	39.804	0.066868	supercritical
870.00	27.000	155.59	0.0064274	916.18	1089.7	2.7463	1.0176	1.2652	481.07	0.38553	39.847	0.066974	supercritical
871.67	27.000	155.27	0.0064406	917.93	1091.8	2.7488	1.0181	1.2654	481.50	0.38261	39.891	0.067080	supercritical
873.33	27.000	154.95	0.0064538	919.68	1093.9	2.7512	1.0186	1.2656	481.92	0.37969	39.934	0.067185	supercritical
875.00	27.000	154.63	0.0064671	921.43	1096.0	2.7536	1.0191	1.2659	482.34	0.37679	39.977	0.067291	supercritical
876.67	27.000	154.31	0.0064803	923.18	1098.2	2.7560	1.0196	1.2661	482.77	0.37391	40.021	0.067397	supercritical
878.33	27.000	154.00	0.0064935	924.94	1100.3	2.7584	1.0201	1.2663	483.19	0.37104	40.064	0.067503	supercritical
880.00	27.000	153.69	0.0065067	926.69	1102.4	2.7608	1.0206	1.2666	483.61	0.36818	40.108	0.067609	supercritical
881.67	27.000	153.38	0.0065199	928.45	1104.5	2.7632	1.0211	1.2668	484.03	0.36534	40.151	0.067715	supercritical
883.33	27.000	153.07	0.0065331	930.20	1106.6	2.7656	1.0216	1.2670	484.45	0.36251	40.194	0.067820	supercritical
885.00	27.000	152.76	0.0065463	931.96	1108.7	2.7680	1.0221	1.2672	484.87	0.35970	40.238	0.067926	supercritical
886.67	27.000	152.45	0.0065595	933.71	1110.8	2.7704	1.0226	1.2675	485.29	0.35689	40.281	0.068032	supercritical
888.33	27.000	152.15	0.0065727	935.47	1112.9	2.7727	1.0231	1.2677	485.71	0.35411	40.325	0.068138	supercritical
890.00	27.000	151.84	0.0065858	937.23	1115.0	2.7751	1.0236	1.2679	486.13	0.35133	40.368	0.068244	supercritical
891.67	27.000	151.54	0.0065990	938.99	1117.2	2.7775	1.0241	1.2682	486.55	0.34857	40.411	0.068350	supercritical
893.33	27.000	151.24	0.0066122	940.74	1119.3	2.7799	1.0246	1.2684	486.96	0.34582	40.455	0.068456	supercritical
895.00	27.000	150.94	0.0066253	942.50	1121.4	2.7822	1.0251	1.2686	487.38	0.34309	40.498	0.068562	supercritical
896.67	27.000	150.64	0.0066385	944.26	1123.5	2.7846	1.0256	1.2689	487.80	0.34037	40.542	0.068668	supercritical
898.33	27.000	150.34	0.0066516	946.02	1125.6	2.7869	1.0261	1.2691	488.21	0.33766	40.585	0.068774	supercritical
900.00	27.000	150.04	0.0066647	947.78	1127.7	2.7893	1.0265	1.2693	488.63	0.33496	40.628	0.068880	supercritical
901.67	27.000	149.75	0.0066778	949.55	1129.8	2.7916	1.0270	1.2696	489.04	0.33228	40.672	0.068986	supercritical
903.33	27.000	149.46	0.0066910	951.31	1132.0	2.7940	1.0275	1.2698	489.46	0.32961	40.715	0.069092	supercritical
905.00	27.000	149.16	0.0067041	953.07	1134.1	2.7963	1.0280	1.2700	489.87	0.32695	40.759	0.069198	supercritical
906.67	27.000	148.87	0.0067172	954.83	1136.2	2.7987	1.0285	1.2703	490.28	0.32431	40.802	0.069304	supercritical
908.33	27.000	148.58	0.0067303	956.60	1138.3	2.8010	1.0290	1.2705	490.70	0.32168	40.845	0.069410	supercritical
910.00	27.000	148.29	0.0067434	958.36	1140.4	2.8033	1.0295	1.2708	491.11	0.31906	40.889	0.069516	supercritical
911.67	27.000	148.01	0.0067565	960.13	1142.6	2.8057	1.0299	1.2710	491.52	0.31645	40.932	0.069622	supercritical
913.33	27.000	147.72	0.0067696	961.89	1144.7	2.8080	1.0304	1.2712	491.93	0.31385	40.975	0.069728	supercritical
915.00	27.000	147.44	0.0067826	963.66	1146.8	2.8103	1.0309	1.2715	492.34	0.31127	41.019	0.069834	supercritical
916.67	27.000	147.15	0.0067957	965.42	1148.9	2.8126	1.0314	1.2717	492.75	0.30870	41.062	0.069940	supercritical
918.33	27.000	146.87	0.0068088	967.19	1151.0	2.8149	1.0318	1.2720	493.16	0.30614	41.105	0.070046	supercritical
920.00	27.000	146.59	0.0068218	968.96	1153.1	2.8172	1.0323	1.2722	493.57	0.30360	41.149	0.070152	supercritical
921.67	27.000	146.31	0.0068349	970.73	1155.3	2.8195	1.0328	1.2724	493.98	0.30106	41.192	0.070258	supercritical
923.33	27.000	146.03	0.0068479	972.49	1157.4	2.8218	1.0333	1.2727	494.39	0.29854	41.235	0.070364	supercritical
925.00	27.000	145.75	0.0068610	974.26	1159.5	2.8241	1.0337	1.2729	494.80	0.29603	41.279	0.070470	supercritical
926.67	27.000	145.48	0.0068740	976.03	1161.6	2.8264	1.0342	1.2732	495.21	0.29353	41.322	0.070576	supercritical
928.33	27.000	145.20	0.0068871	977.80	1163.8	2.8287	1.0347	1.2734	495.61	0.29104	41.365	0.070682	supercritical
930.00	27.000	144.93	0.0069001	979.57	1165.9	2.8310	1.0351	1.2737	496.02	0.28856	41.408	0.070788	supercritical
931.67	27.000	144.65	0.0069131	981.35	1168.0	2.8333	1.0356	1.2739	496.43	0.28610	41.452	0.070894	supercritical
933.33	27.000	144.38	0.0069261	983.12	1170.1	2.8355	1.0361	1.2742	496.83	0.28364	41.495	0.071000	supercritical
935.00	27.000	144.11	0.0069391	984.89	1172.2	2.8378	1.0365	1.2744	497.24	0.28120	41.538	0.071106	supercritical
936.67	27.000	143.84	0.0069521	986.66	1174.4	2.8401	1.0370	1.2747	497.64	0.27877	41.581	0.071212	supercritical
938.33	27.000	143.57	0.0069651	988.44	1176.5	2.8424	1.0375	1.2749	498.05	0.27635	41.625	0.071318	supercritical
940.00	27.000	143.30	0.0069781	990.21	1178.6	2.8446	1.0379	1.2751	498.45	0.27394	41.668	0.071424	supercritical
941.67	27.000	143.04	0.0069911	991.99	1180.7	2.8469	1.0384	1.2754	498.85	0.27154	41.711	0.071530	supercritical
943.33	27.000	142.77	0.0070041	993.76	1182.9	2.8491	1.0388	1.2756	499.25	0.26915	41.754	0.071636	supercritical
945.00	27.000	142.51	0.0070171	995.54	1185.0	2.8514	1.0393	1.2759	499.66	0.26678	41.798	0.071742	supercritical
946.67	27.000	142.25	0.0070301	997.31	1187.1	2.8536	1.0398	1.2761	500.06	0.26441	41.841	0.071847	supercritical
948.33	27.000	141.98	0.0070430	999.09	1189.3	2.8559	1.0402	1.2764	500.46	0.26205	41.884	0.071953	supercritical
950.00	27.000	141.72	0.0070560	1000.9	1191.4	2.8581	1.0407	1.2766	500.86	0.25971	41.927	0.072059	supercritical
951.67	27.000	141.46	0.0070690	1002.6	1193.5	2.8604	1.0411	1.2769	501.26	0.25738	41.970	0.072165	supercritical
953.33	27.000	141.20	0.0070819	1004.4	1195.6	2.8626	1.0416	1.2771	501.66	0.25505	42.014	0.072271	supercritical
955.00	27.000	140.95	0.0070949	1006.2	1197.8	2.8648	1.0420	1.2774	502.06	0.25274	42.057	0.072377	supercritical
956.67	27.000	140.69	0.0071078	1008.0	1199.9	2.8670	1.0425	1.2776	502.46	0.25044	42.100	0.072483	supercritical
958.33	27.000	140.43	0.0071207	1009.8	1202.0	2.8693	1.0429	1.2779	502.86	0.24814	42.143	0.072589	supercritical
960.00	27.000	140.18	0.0071337	1011.5	1204.2	2.8715	1.0434	1.2781	503.26	0.24586	42.186	0.072694	supercritical
961.67	27.000	139.93	0.0071466	1013.3	1206.3	2.8737	1.0438	1.2784	503.65	0.24359	42.229	0.072800	supercritical
963.33	27.000	139.67	0.0071595	1015.1	1208.4	2.8759	1.0443	1.2786	504.05	0.24133	42.272	0.072906	supercritical
965.00	27.000	139.42	0.0071724	1016.9	1210.5	2.8781	1.0447	1.2789	504.45	0.23908	42.315	0.073012	supercritical
966.67	27.000	139.17	0.0071854	1018.7	1212.7	2.8803	1.0451	1.2791	504.85	0.23683	42.359	0.073118	supercritical
968.33	27.000	138.92	0.0071983	1020.5	1214.8	2.8825	1.0456	1.2794	505.24	0.23460	42.402	0.073223	supercritical
970.00	27.000	138.67	0.0072112	1022.2	1216.9	2.8847	1.0460	1.2796	505.64	0.23238	42.445	0.073329	supercritical
971.67	27.000	138.43	0.0072241	1024.0	1219.1	2.8869	1.0465	1.2799	506.03	0.23017	42.488	0.073435	supercritical
973.33	27.000	138.18	0.0072370	1025.8	1221.2	2.8891	1.0469	1.2801	506.43	0.22796	42.531	0.073540	supercritical
975.00	27.000	137.93	0.0072498	1027.6	1223.3	2.8913	1.0473	1.2804	506.82	0.22577	42.574	0.073646	supercritical
976.67	27.000	137.69	0.0072627	1029.4	1225.5	2.8935	1.0478	1.2806	507.21	0.22359	42.617	0.073752	supercritical
978.33	27.000	137.45	0.0072756	1031.2	1227.6	2.8957	1.0482	1.2809	507.61	0.22141	42.660	0.073857	supercritical
980.00	27.000	137.20	0.0072885	1033.0	1229.7	2.8979	1.0486	1.2811	508.00	0.21925	42.703	0.073963	supercritical
981.67	27.000	136.96	0.0073014	1034.7	1231.9	2.9001	1.0491	1.2814	508.39	0.21709	42.746	0.074069	supercritical
983.33	27.000	136.72	0.0073142	1036.5	1234.0	2.9022	1.0495	1.2816	508.79	0.21495	42.789	0.074174	supercritical
985.00	27.000	136.48	0.0073271	1038.3	1236.2	2.9044	1.0499	1.2819	509.18	0.21281	42.832	0.074280	supercritical
986.67	27.000	136.24	0.0073399	1040.1	1238.3	2.9066	1.0504	1.2821	509.57	0.21068	42.875	0.074385	supercritical
988.33	27.000	136.00	0.0073528	1041.9	1240.4	2.9087	1.0508	1.2824	509.96	0.20857	42.918	0.074491	supercritical
990.00	27.000	135.77	0.0073656	1043.7	1242.6	2.9109	1.0512	1.2826	510.35	0.20646	42.961	0.074597	supercritical
991.67	27.000	135.53	0.0073785	1045.5	1244.7	2.9130	1.0516	1.2829	510.74	0.20436	43.004	0.074702	supercritical
993.33	27.000	135.29	0.0073913	1047.3	1246.8	2.9152	1.0521	1.2831	511.13	0.20227	43.047	0.074808	supercritical
995.00	27.000	135.06	0.0074042	1049.1	1249.0	2.9174	1.0525	1.2834	511.52	0.20019	43.090	0.074913	supercritical
996.67	27.000	134.83	0.0074170	1050.9	1251.1	2.9195	1.0529	1.2836	511.91	0.19811	43.132	0.075018	supercritical
998.33	27.000	134.59	0.0074298	1052.7	1253.3	2.9216	1.0533	1.2839	512.30	0.19605	43.175	0.075124	supercritical
1000.0	27.000	134.36	0.0074426	1054.4	1255.4	2.9238	1.0538	1.2841	512.68	0.19399	43.218	0.075229	supercritical
1001.7	27.000	134.13	0.0074555	1056.2	1257.5	2.9259	1.0542	1.2844	513.07	0.19195	43.261	0.075335	supercritical
1003.3	27.000	133.90	0.0074683	1058.0	1259.7	2.9281	1.0546	1.2846	513.46	0.18991	43.304	0.075440	supercritical
1005.0	27.000	133.67	0.0074811	1059.8	1261.8	2.9302	1.0550	1.2849	513.85	0.18788	43.347	0.075545	supercritical
1006.7	27.000	133.44	0.0074939	1061.6	1264.0	2.9323	1.0554	1.2851	514.23	0.18586	43.390	0.075651	supercritical
1008.3	27.000	133.21	0.0075067	1063.4	1266.1	2.9345	1.0558	1.2854	514.62	0.18385	43.432	0.075756	supercritical
1010.0	27.000	132.99	0.0075195	1065.2	1268.2	2.9366	1.0563	1.2856	515.00	0.18184	43.475	0.075861	supercritical
1011.7	27.000	132.76	0.0075323	1067.0	1270.4	2.9387	1.0567	1.2859	515.39	0.17985	43.518	0.075966	supercritical
1013.3	27.000	132.54	0.0075451	1068.8	1272.5	2.9408	1.0571	1.2861	515.77	0.17786	43.561	0.076072	supercritical
1015.0	27.000	132.31	0.0075578	1070.6	1274.7	2.9429	1.0575	1.2864	516.16	0.17588	43.604	0.076177	supercritical
1016.7	27.000	132.09	0.0075706	1072.4	1276.8	2.9450	1.0579	1.2866	516.54	0.17391	43.646	0.076282	supercritical
1018.3	27.000	131.87	0.0075834	1074.2	1279.0	2.9471	1.0583	1.2869	516.93	0.17195	43.689	0.076387	supercritical
1020.0	27.000	131.65	0.0075962	1076.0	1281.1	2.9492	1.0587	1.2871	517.31	0.17000	43.732	0.076492	supercritical
1021.7	27.000	131.42	0.0076089	1077.8	1283.3	2.9514	1.0591	1.2874	517.69	0.16805	43.775	0.076597	supercritical
1023.3	27.000	131.20	0.0076217	1079.6	1285.4	2.9534	1.0595	1.2876	518.07	0.16611	43.817	0.076702	supercritical
1025.0	27.000	130.99	0.0076345	1081.4	1287.5	2.9555	1.0599	1.2879	518.46	0.16419	43.860	0.076807	supercritical
1026.7	27.000	130.77	0.0076472	1083.2	1289.7	2.9576	1.0603	1.2881	518.84	0.16226	43.903	0.076912	supercritical
1028.3	27.000	130.55	0.0076600	1085.0	1291.8	2.9597	1.0607	1.2884	519.22	0.16035	43.945	0.077017	supercritical
1030.0	27.000	130.33	0.0076727	1086.8	1294.0	2.9618	1.0611	1.2886	519.60	0.15844	43.988	0.077122	supercritical
1031.7	27.000	130.12	0.0076855	1088.6	1296.1	2.9639	1.0615	1.2889	519.98	0.15655	44.031	0.077227	supercritical
1033.3	27.000	129.90	0.0076982	1090.4	1298.3	2.9660	1.0619	1.2891	520.36	0.15466	44.073	0.077332	supercritical
1035.0	27.000	129.69	0.0077109	1092.2	1300.4	2.9681	1.0623	1.2894	520.74	0.15277	44.116	0.077437	supercritical
1036.7	27.000	129.47	0.0077237	1094.0	1302.6	2.9701	1.0627	1.2896	521.12	0.15090	44.159	0.077542	supercritical
1038.3	27.000	129.26	0.0077364	1095.9	1304.7	2.9722	1.0631	1.2899	521.50	0.14903	44.201	0.077646	supercritical
1040.0	27.000	129.05	0.0077491	1097.7	1306.9	2.9743	1.0635	1.2901	521.88	0.14717	44.244	0.077751	supercritical
1041.7	27.000	128.84	0.0077618	1099.5	1309.0	2.9763	1.0639	1.2904	522.25	0.14532	44.286	0.077856	supercritical
1043.3	27.000	128.62	0.0077746	1101.3	1311.2	2.9784	1.0643	1.2906	522.63	0.14348	44.329	0.077961	supercritical
1045.0	27.000	128.41	0.0077873	1103.1	1313.3	2.9805	1.0647	1.2909	523.01	0.14164	44.371	0.078065	supercritical
1046.7	27.000	128.21	0.0078000	1104.9	1315.5	2.9825	1.0651	1.2911	523.39	0.13981	44.414	0.078170	supercritical
1048.3	27.000	128.00	0.0078127	1106.7	1317.6	2.9846	1.0655	1.2914	523.76	0.13799	44.456	0.078275	supercritical
1050.0	27.000	127.79	0.0078254	1108.5	1319.8	2.9866	1.0659	1.2916	524.14	0.13617	44.499	0.078379	supercritical
1051.7	27.000	127.58	0.0078381	1110.3	1321.9	2.9887	1.0663	1.2919	524.52	0.13437	44.541	0.078484	supercritical
1053.3	27.000	127.38	0.0078508	1112.1	1324.1	2.9907	1.0667	1.2921	524.89	0.13257	44.584	0.078588	supercritical
1055.0	27.000	127.17	0.0078635	1113.9	1326.3	2.9928	1.0670	1.2923	525.27	0.13077	44.626	0.078693	supercritical
1056.7	27.000	126.97	0.0078762	1115.7	1328.4	2.9948	1.0674	1.2926	525.64	0.12899	44.669	0.078797	supercritical
1058.3	27.000	126.76	0.0078888	1117.6	1330.6	2.9968	1.0678	1.2928	526.02	0.12721	44.711	0.078902	supercritical
1060.0	27.000	126.56	0.0079015	1119.4	1332.7	2.9989	1.0682	1.2931	526.39	0.12544	44.754	0.079006	supercritical
1061.7	27.000	126.36	0.0079142	1121.2	1334.9	3.0009	1.0686	1.2933	526.76	0.12367	44.796	0.079111	supercritical
1063.3	27.000	126.15	0.0079269	1123.0	1337.0	3.0029	1.0690	1.2936	527.14	0.12191	44.838	0.079215	supercritical
1065.0	27.000	125.95	0.0079395	1124.8	1339.2	3.0050	1.0693	1.2938	527.51	0.12016	44.881	0.079319	supercritical
1066.7	27.000	125.75	0.0079522	1126.6	1341.3	3.0070	1.0697	1.2941	527.88	0.11842	44.923	0.079423	supercritical
1068.3	27.000	125.55	0.0079649	1128.4	1343.5	3.0090	1.0701	1.2943	528.26	0.11668	44.965	0.079528	supercritical
1070.0	27.000	125.35	0.0079775	1130.3	1345.7	3.0110	1.0705	1.2946	528.63	0.11495	45.008	0.079632	supercritical
1071.7	27.000	125.15	0.0079902	1132.1	1347.8	3.0130	1.0708	1.2948	529.00	0.11323	45.050	0.079736	supercritical
1073.3	27.000	124.96	0.0080028	1133.9	1350.0	3.0151	1.0712	1.2950	529.37	0.11151	45.092	0.079840	supercritical
1075.0	27.000	124.76	0.0080155	1135.7	1352.1	3.0171	1.0716	1.2953	529.74	0.10981	45.135	0.079944	supercritical
1076.7	27.000	124.56	0.0080281	1137.5	1354.3	3.0191	1.0720	1.2955	530.11	0.10810	45.177	0.080048	supercritical
1078.3	27.000	124.37	0.0080408	1139.3	1356.4	3.0211	1.0723	1.2958	530.48	0.10641	45.219	0.080153	supercritical
1080.0	27.000	124.17	0.0080534	1141.2	1358.6	3.0231	1.0727	1.2960	530.85	0.10472	45.262	0.080257	supercritical
1081.7	27.000	123.98	0.0080661	1143.0	1360.8	3.0251	1.0731	1.2963	531.22	0.10303	45.304	0.080360	supercritical
1083.3	27.000	123.78	0.0080787	1144.8	1362.9	3.0271	1.0734	1.2965	531.59	0.10136	45.346	0.080464	supercritical
1085.0	27.000	123.59	0.0080913	1146.6	1365.1	3.0291	1.0738	1.2967	531.96	0.099687	45.388	0.080568	supercritical
1086.7	27.000	123.40	0.0081039	1148.4	1367.3	3.0311	1.0742	1.2970	532.33	0.098023	45.430	0.080672	supercritical
1088.3	27.000	123.20	0.0081166	1150.3	1369.4	3.0330	1.0745	1.2972	532.70	0.096366	45.473	0.080776	supercritical
1090.0	27.000	123.01	0.0081292	1152.1	1371.6	3.0350	1.0749	1.2975	533.06	0.094715	45.515	0.080880	supercritical
1091.7	27.000	122.82	0.0081418	1153.9	1373.7	3.0370	1.0753	1.2977	533.43	0.093071	45.557	0.080984	supercritical
1093.3	27.000	122.63	0.0081544	1155.7	1375.9	3.0390	1.0756	1.2979	533.80	0.091433	45.599	0.081087	supercritical
1095.0	27.000	122.44	0.0081670	1157.6	1378.1	3.0410	1.0760	1.2982	534.17	0.089801	45.641	0.081191	supercritical
1096.7	27.000	122.25	0.0081796	1159.4	1380.2	3.0429	1.0764	1.2984	534.53	0.088175	45.683	0.081295	supercritical
1098.3	27.000	122.07	0.0081922	1161.2	1382.4	3.0449	1.0767	1.2987	534.90	0.086556	45.725	0.081398	supercritical
1100.0	27.000	121.88	0.0082048	1163.0	1384.6	3.0469	1.0771	1.2989	535.26	0.084943	45.767	0.081502	supercritical
1101.7	27.000	121.69	0.0082174	1164.9	1386.7	3.0488	1.0774	1.2991	535.63	0.083336	45.810	0.081606	supercritical
1103.3	27.000	121.51	0.0082300	1166.7	1388.9	3.0508	1.0778	1.2994	535.99	0.081735	45.852	0.081709	supercritical
1105.0	27.000	121.32	0.0082426	1168.5	1391.1	3.0528	1.0782	1.2996	536.36	0.080140	45.894	0.081813	supercritical
1106.7	27.000	121.14	0.0082552	1170.3	1393.2	3.0547	1.0785	1.2999	536.72	0.078551	45.936	0.081916	supercritical
1108.3	27.000	120.95	0.0082678	1172.2	1395.4	3.0567	1.0789	1.3001	537.09	0.076968	45.978	0.082019	supercritical
1110.0	27.000	120.77	0.0082804	1174.0	1397.6	3.0586	1.0792	1.3003	537.45	0.075391	46.020	0.082123	supercritical
1111.7	27.000	120.58	0.0082930	1175.8	1399.7	3.0606	1.0796	1.3006	537.81	0.073820	46.062	0.082226	supercritical
1113.3	27.000	120.40	0.0083055	1177.6	1401.9	3.0625	1.0799	1.3008	538.18	0.072255	46.104	0.082329	supercritical
1115.0	27.000	120.22	0.0083181	1179.5	1404.1	3.0645	1.0803	1.3010	538.54	0.070696	46.146	0.082433	supercritical
1116.7	27.000	120.04	0.0083307	1181.3	1406.2	3.0664	1.0806	1.3013	538.90	0.069143	46.187	0.082536	supercritical
1118.3	27.000	119.86	0.0083432	1183.1	1408.4	3.0684	1.0810	1.3015	539.27	0.067596	46.229	0.082639	supercritical
1120.0	27.000	119.68	0.0083558	1185.0	1410.6	3.0703	1.0813	1.3018	539.63	0.066054	46.271	0.082742	supercritical
1121.7	27.000	119.50	0.0083684	1186.8	1412.7	3.0722	1.0817	1.3020	539.99	0.064518	46.313	0.082845	supercritical
1123.3	27.000	119.32	0.0083809	1188.6	1414.9	3.0742	1.0820	1.3022	540.35	0.062988	46.355	0.082948	supercritical
1125.0	27.000	119.14	0.0083935	1190.4	1417.1	3.0761	1.0824	1.3025	540.71	0.061463	46.397	0.083052	supercritical
1126.7	27.000	118.96	0.0084060	1192.3	1419.2	3.0780	1.0827	1.3027	541.07	0.059944	46.439	0.083155	supercritical
1128.3	27.000	118.78	0.0084186	1194.1	1421.4	3.0800	1.0830	1.3029	541.43	0.058431	46.481	0.083257	supercritical
1130.0	27.000	118.61	0.0084311	1195.9	1423.6	3.0819	1.0834	1.3032	541.79	0.056923	46.522	0.083360	supercritical
1131.7	27.000	118.43	0.0084437	1197.8	1425.8	3.0838	1.0837	1.3034	542.15	0.055421	46.564	0.083463	supercritical
1133.3	27.000	118.26	0.0084562	1199.6	1427.9	3.0857	1.0841	1.3036	542.51	0.053924	46.606	0.083566	supercritical
1135.0	27.000	118.08	0.0084687	1201.4	1430.1	3.0876	1.0844	1.3039	542.87	0.052433	46.648	0.083669	supercritical
1136.7	27.000	117.91	0.0084813	1203.3	1432.3	3.0896	1.0847	1.3041	543.23	0.050948	46.690	0.083772	supercritical
1138.3	27.000	117.73	0.0084938	1205.1	1434.5	3.0915	1.0851	1.3043	543.59	0.049467	46.731	0.083874	supercritical
1140.0	27.000	117.56	0.0085063	1207.0	1436.6	3.0934	1.0854	1.3046	543.94	0.047993	46.773	0.083977	supercritical
1141.7	27.000	117.39	0.0085189	1208.8	1438.8	3.0953	1.0858	1.3048	544.30	0.046523	46.815	0.084080	supercritical
1143.3	27.000	117.21	0.0085314	1210.6	1441.0	3.0972	1.0861	1.3050	544.66	0.045059	46.856	0.084182	supercritical
1145.0	27.000	117.04	0.0085439	1212.5	1443.2	3.0991	1.0864	1.3052	545.02	0.043600	46.898	0.084285	supercritical
1146.7	27.000	116.87	0.0085564	1214.3	1445.3	3.1010	1.0868	1.3055	545.37	0.042147	46.940	0.084388	supercritical
1148.3	27.000	116.70	0.0085689	1216.1	1447.5	3.1029	1.0871	1.3057	545.73	0.040699	46.981	0.084490	supercritical
1150.0	27.000	116.53	0.0085815	1218.0	1449.7	3.1048	1.0874	1.3059	546.09	0.039256	47.023	0.084592	supercritical
1151.7	27.000	116.36	0.0085940	1219.8	1451.9	3.1067	1.0878	1.3062	546.44	0.037818	47.065	0.084695	supercritical
1153.3	27.000	116.19	0.0086065	1221.7	1454.0	3.1086	1.0881	1.3064	546.80	0.036385	47.106	0.084797	supercritical
1155.0	27.000	116.02	0.0086190	1223.5	1456.2	3.1104	1.0884	1.3066	547.15	0.034958	47.148	0.084900	supercritical
1156.7	27.000	115.86	0.0086315	1225.3	1458.4	3.1123	1.0887	1.3069	547.51	0.033536	47.189	0.085002	supercritical
1158.3	27.000	115.69	0.0086440	1227.2	1460.6	3.1142	1.0891	1.3071	547.86	0.032118	47.231	0.085104	supercritical
1160.0	27.000	115.52	0.0086565	1229.0	1462.7	3.1161	1.0894	1.3073	548.22	0.030706	47.273	0.085206	supercritical
1161.7	27.000	115.35	0.0086690	1230.9	1464.9	3.1180	1.0897	1.3075	548.57	0.029299	47.314	0.085309	supercritical
1163.3	27.000	115.19	0.0086815	1232.7	1467.1	3.1198	1.0901	1.3078	548.92	0.027897	47.356	0.085411	supercritical
1165.0	27.000	115.02	0.0086939	1234.5	1469.3	3.1217	1.0904	1.3080	549.28	0.026500	47.397	0.085513	supercritical
1166.7	27.000	114.86	0.0087064	1236.4	1471.5	3.1236	1.0907	1.3082	549.63	0.025108	47.439	0.085615	supercritical
1168.3	27.000	114.69	0.0087189	1238.2	1473.6	3.1254	1.0910	1.3084	549.98	0.023721	47.480	0.085717	supercritical
1170.0	27.000	114.53	0.0087314	1240.1	1475.8	3.1273	1.0913	1.3087	550.34	0.022338	47.522	0.085819	supercritical
1171.7	27.000	114.37	0.0087439	1241.9	1478.0	3.1292	1.0917	1.3089	550.69	0.020961	47.563	0.085921	supercritical
1173.3	27.000	114.20	0.0087564	1243.8	1480.2	3.1310	1.0920	1.3091	551.04	0.019589	47.604	0.086023	supercritical
1175.0	27.000	114.04	0.0087688	1245.6	1482.4	3.1329	1.0923	1.3093	551.39	0.018221	47.646	0.086124	supercritical
1176.7	27.000	113.88	0.0087813	1247.5	1484.6	3.1348	1.0926	1.3096	551.74	0.016858	47.687	0.086226	supercritical
1178.3	27.000	113.72	0.0087938	1249.3	1486.7	3.1366	1.0929	1.3098	552.09	0.015500	47.729	0.086328	supercritical
1180.0	27.000	113.56	0.0088062	1251.1	1488.9	3.1385	1.0933	1.3100	552.45	0.014147	47.770	0.086430	supercritical
1181.7	27.000	113.40	0.0088187	1253.0	1491.1	3.1403	1.0936	1.3102	552.80	0.012798	47.811	0.086531	supercritical
1183.3	27.000	113.24	0.0088312	1254.8	1493.3	3.1422	1.0939	1.3105	553.15	0.011454	47.853	0.086633	supercritical
1185.0	27.000	113.08	0.0088436	1256.7	1495.5	3.1440	1.0942	1.3107	553.50	0.010115	47.894	0.086735	supercritical
1186.7	27.000	112.92	0.0088561	1258.5	1497.7	3.1458	1.0945	1.3109	553.85	0.0087803	47.935	0.086836	supercritical
1188.3	27.000	112.76	0.0088685	1260.4	1499.8	3.1477	1.0948	1.3111	554.20	0.0074504	47.977	0.086938	supercritical
1190.0	27.000	112.60	0.0088810	1262.2	1502.0	3.1495	1.0951	1.3113	554.54	0.0061251	48.018	0.087039	supercritical
1191.7	27.000	112.44	0.0088934	1264.1	1504.2	3.1514	1.0954	1.3116	554.89	0.0048044	48.059	0.087141	supercritical
1193.3	27.000	112.29	0.0089059	1265.9	1506.4	3.1532	1.0958	1.3118	555.24	0.0034883	48.100	0.087242	supercritical
1195.0	27.000	112.13	0.0089183	1267.8	1508.6	3.1550	1.0961	1.3120	555.59	0.0021767	48.142	0.087343	supercritical
1196.7	27.000	111.97	0.0089307	1269.6	1510.8	3.1568	1.0964	1.3122	555.94	0.00086958	48.183	0.087445	supercritical
1198.3	27.000	111.82	0.0089432	1271.5	1513.0	3.1587	1.0967	1.3124	556.29	-0.00043300	48.224	0.087546	supercritical
1200.0	27.000	111.66	0.0089556	1273.3	1515.1	3.1605	1.0970	1.3127	556.63	-0.0017311	48.265	0.087647	supercritical
1201.7	27.000	111.51	0.0089681	1275.2	1517.3	3.1623	1.0973	1.3129	556.98	-0.0030248	48.306	0.087748	supercritical
1203.3	27.000	111.35	0.0089805	1277.0	1519.5	3.1641	1.0976	1.3131	557.33	-0.0043140	48.348	0.087849	supercritical
1205.0	27.000	111.20	0.0089929	1278.9	1521.7	3.1660	1.0979	1.3133	557.67	-0.0055988	48.389	0.087951	supercritical
1206.7	27.000	111.05	0.0090053	1280.8	1523.9	3.1678	1.0982	1.3135	558.02	-0.0068793	48.430	0.088052	supercritical
1208.3	27.000	110.89	0.0090178	1282.6	1526.1	3.1696	1.0985	1.3137	558.37	-0.0081554	48.471	0.088153	supercritical
1210.0	27.000	110.74	0.0090302	1284.5	1528.3	3.1714	1.0988	1.3140	558.71	-0.0094271	48.512	0.088254	supercritical
1211.7	27.000	110.59	0.0090426	1286.3	1530.5	3.1732	1.0991	1.3142	559.06	-0.010695	48.553	0.088355	supercritical
1213.3	27.000	110.44	0.0090550	1288.2	1532.7	3.1750	1.0994	1.3144	559.40	-0.011958	48.594	0.088455	supercritical
1215.0	27.000	110.28	0.0090674	1290.0	1534.8	3.1768	1.0997	1.3146	559.75	-0.013217	48.635	0.088556	supercritical
1216.7	27.000	110.13	0.0090799	1291.9	1537.0	3.1786	1.1000	1.3148	560.09	-0.014471	48.676	0.088657	supercritical
1218.3	27.000	109.98	0.0090923	1293.7	1539.2	3.1804	1.1003	1.3150	560.44	-0.015722	48.717	0.088758	supercritical
1220.0	27.000	109.83	0.0091047	1295.6	1541.4	3.1822	1.1006	1.3153	560.78	-0.016968	48.758	0.088858	supercritical
1221.7	27.000	109.68	0.0091171	1297.5	1543.6	3.1840	1.1009	1.3155	561.12	-0.018210	48.799	0.088959	supercritical
1223.3	27.000	109.54	0.0091295	1299.3	1545.8	3.1858	1.1012	1.3157	561.47	-0.019448	48.840	0.089060	supercritical
1225.0	27.000	109.39	0.0091419	1301.2	1548.0	3.1876	1.1015	1.3159	561.81	-0.020681	48.881	0.089160	supercritical
1226.7	27.000	109.24	0.0091543	1303.0	1550.2	3.1894	1.1018	1.3161	562.15	-0.021911	48.922	0.089261	supercritical
1228.3	27.000	109.09	0.0091667	1304.9	1552.4	3.1912	1.1021	1.3163	562.50	-0.023136	48.963	0.089361	supercritical
1230.0	27.000	108.94	0.0091791	1306.7	1554.6	3.1930	1.1024	1.3165	562.84	-0.024358	49.004	0.089462	supercritical
1231.7	27.000	108.80	0.0091915	1308.6	1556.8	3.1947	1.1027	1.3167	563.18	-0.025575	49.045	0.089562	supercritical
1233.3	27.000	108.65	0.0092039	1310.5	1559.0	3.1965	1.1030	1.3170	563.52	-0.026788	49.086	0.089663	supercritical
1235.0	27.000	108.50	0.0092163	1312.3	1561.2	3.1983	1.1033	1.3172	563.86	-0.027998	49.127	0.089763	supercritical
1236.7	27.000	108.36	0.0092286	1314.2	1563.4	3.2001	1.1035	1.3174	564.21	-0.029203	49.168	0.089863	supercritical
1238.3	27.000	108.21	0.0092410	1316.1	1565.6	3.2019	1.1038	1.3176	564.55	-0.030404	49.209	0.089963	supercritical
1240.0	27.000	108.07	0.0092534	1317.9	1567.8	3.2036	1.1041	1.3178	564.89	-0.031601	49.249	0.090064	supercritical
1241.7	27.000	107.92	0.0092658	1319.8	1570.0	3.2054	1.1044	1.3180	565.23	-0.032795	49.290	0.090164	supercritical
1243.3	27.000	107.78	0.0092782	1321.6	1572.1	3.2072	1.1047	1.3182	565.57	-0.033984	49.331	0.090264	supercritical
1245.0	27.000	107.64	0.0092905	1323.5	1574.3	3.2089	1.1050	1.3184	565.91	-0.035170	49.372	0.090364	supercritical
1246.7	27.000	107.49	0.0093029	1325.4	1576.5	3.2107	1.1053	1.3186	566.25	-0.036351	49.412	0.090464	supercritical
1248.3	27.000	107.35	0.0093153	1327.2	1578.7	3.2125	1.1056	1.3188	566.59	-0.037529	49.453	0.090564	supercritical
1250.0	27.000	107.21	0.0093277	1329.1	1580.9	3.2142	1.1058	1.3190	566.93	-0.038703	49.494	0.090664	supercritical
1251.7	27.000	107.07	0.0093400	1331.0	1583.1	3.2160	1.1061	1.3193	567.27	-0.039873	49.535	0.090764	supercritical
1253.3	27.000	106.92	0.0093524	1332.8	1585.3	3.2177	1.1064	1.3195	567.61	-0.041039	49.575	0.090864	supercritical
1255.0	27.000	106.78	0.0093648	1334.7	1587.5	3.2195	1.1067	1.3197	567.94	-0.042202	49.616	0.090963	supercritical
1256.7	27.000	106.64	0.0093771	1336.6	1589.7	3.2212	1.1070	1.3199	568.28	-0.043361	49.657	0.091063	supercritical
1258.3	27.000	106.50	0.0093895	1338.4	1591.9	3.2230	1.1072	1.3201	568.62	-0.044516	49.697	0.091163	supercritical
1260.0	27.000	106.36	0.0094018	1340.3	1594.1	3.2247	1.1075	1.3203	568.96	-0.045667	49.738	0.091262	supercritical
1261.7	27.000	106.22	0.0094142	1342.2	1596.3	3.2265	1.1078	1.3205	569.30	-0.046814	49.779	0.091362	supercritical
1263.3	27.000	106.08	0.0094265	1344.0	1598.5	3.2282	1.1081	1.3207	569.63	-0.047958	49.819	0.091462	supercritical
1265.0	27.000	105.94	0.0094389	1345.9	1600.7	3.2300	1.1084	1.3209	569.97	-0.049098	49.860	0.091561	supercritical
1266.7	27.000	105.81	0.0094512	1347.8	1602.9	3.2317	1.1086	1.3211	570.31	-0.050235	49.901	0.091661	supercritical
1268.3	27.000	105.67	0.0094636	1349.6	1605.1	3.2334	1.1089	1.3213	570.64	-0.051368	49.941	0.091760	supercritical
1270.0	27.000	105.53	0.0094759	1351.5	1607.3	3.2352	1.1092	1.3215	570.98	-0.052497	49.982	0.091860	supercritical
1271.7	27.000	105.39	0.0094883	1353.4	1609.5	3.2369	1.1095	1.3217	571.31	-0.053623	50.022	0.091959	supercritical
1273.3	27.000	105.26	0.0095006	1355.2	1611.8	3.2386	1.1097	1.3219	571.65	-0.054745	50.063	0.092058	supercritical
1275.0	27.000	105.12	0.0095130	1357.1	1614.0	3.2404	1.1100	1.3221	571.99	-0.055863	50.103	0.092157	supercritical
1276.7	27.000	104.98	0.0095253	1359.0	1616.2	3.2421	1.1103	1.3223	572.32	-0.056978	50.144	0.092257	supercritical
1278.3	27.000	104.85	0.0095376	1360.8	1618.4	3.2438	1.1106	1.3225	572.66	-0.058089	50.184	0.092356	supercritical
1280.0	27.000	104.71	0.0095500	1362.7	1620.6	3.2455	1.1108	1.3227	572.99	-0.059197	50.225	0.092455	supercritical
1281.7	27.000	104.58	0.0095623	1364.6	1622.8	3.2473	1.1111	1.3229	573.33	-0.060301	50.265	0.092554	supercritical
1283.3	27.000	104.44	0.0095746	1366.5	1625.0	3.2490	1.1114	1.3231	573.66	-0.061402	50.306	0.092653	supercritical
1285.0	27.000	104.31	0.0095870	1368.3	1627.2	3.2507	1.1116	1.3233	573.99	-0.062499	50.346	0.092752	supercritical
1286.7	27.000	104.17	0.0095993	1370.2	1629.4	3.2524	1.1119	1.3235	574.33	-0.063593	50.386	0.092851	supercritical
1288.3	27.000	104.04	0.0096116	1372.1	1631.6	3.2541	1.1122	1.3237	574.66	-0.064684	50.427	0.092950	supercritical
1290.0	27.000	103.91	0.0096239	1374.0	1633.8	3.2558	1.1124	1.3239	574.99	-0.065770	50.467	0.093049	supercritical
1291.7	27.000	103.77	0.0096363	1375.8	1636.0	3.2575	1.1127	1.3241	575.33	-0.066854	50.508	0.093148	supercritical
1293.3	27.000	103.64	0.0096486	1377.7	1638.2	3.2593	1.1130	1.3243	575.66	-0.067934	50.548	0.093246	supercritical
1295.0	27.000	103.51	0.0096609	1379.6	1640.4	3.2610	1.1132	1.3245	575.99	-0.069011	50.588	0.093345	supercritical
1296.7	27.000	103.38	0.0096732	1381.5	1642.6	3.2627	1.1135	1.3247	576.32	-0.070084	50.629	0.093444	supercritical
1298.3	27.000	103.25	0.0096855	1383.3	1644.8	3.2644	1.1138	1.3249	576.66	-0.071155	50.669	0.093542	supercritical
1300.0	27.000	103.12	0.0096978	1385.2	1647.0	3.2661	1.1140	1.3251	576.99	-0.072221	50.709	0.093641	supercritical