Temperature (K)	Pressure (MPa)	Density (kg/m3)	Volume (m3/kg)	Internal Energy (kJ/kg)	Enthalpy (kJ/kg)	Entropy (J/g*K)	Cv (J/g*K)	Cp (J/g*K)	Sound Spd. (m/s)	Joule-Thomson (K/MPa)	Viscosity (uPa*s)	Therm. Cond. (W/m*K)	Phase
300.00	28.000	950.51	0.0010521	215.63	245.08	1.0663	0.91632	1.9479	668.64	0.11509	106.37	0.11568	liquid
301.67	28.000	944.08	0.0010592	218.68	248.34	1.0771	0.91573	1.9534	660.70	0.12840	104.45	0.11432	liquid
303.33	28.000	937.60	0.0010665	221.73	251.60	1.0879	0.91517	1.9590	652.82	0.14214	102.58	0.11298	liquid
305.00	28.000	931.08	0.0010740	224.79	254.87	1.0987	0.91464	1.9647	645.00	0.15631	100.75	0.11165	supercritical
306.67	28.000	924.52	0.0010816	227.86	258.14	1.1094	0.91413	1.9706	637.24	0.17094	98.954	0.11033	supercritical
308.33	28.000	917.91	0.0010894	230.93	261.43	1.1201	0.91363	1.9765	629.54	0.18602	97.200	0.10902	supercritical
310.00	28.000	911.25	0.0010974	234.01	264.73	1.1308	0.91313	1.9825	621.91	0.20157	95.482	0.10773	supercritical
311.67	28.000	904.54	0.0011055	237.09	268.04	1.1414	0.91264	1.9886	614.34	0.21761	93.801	0.10645	supercritical
313.33	28.000	897.79	0.0011139	240.17	271.36	1.1520	0.91214	1.9947	606.84	0.23414	92.156	0.10518	supercritical
315.00	28.000	890.98	0.0011224	243.27	274.69	1.1626	0.91163	2.0009	599.41	0.25117	90.544	0.10393	supercritical
316.67	28.000	884.14	0.0011310	246.36	278.03	1.1732	0.91113	2.0071	592.05	0.26870	88.965	0.10269	supercritical
318.33	28.000	877.24	0.0011399	249.46	281.38	1.1838	0.91064	2.0132	584.76	0.28675	87.419	0.10146	supercritical
320.00	28.000	870.30	0.0011490	252.57	284.74	1.1943	0.91016	2.0194	577.54	0.30532	85.904	0.10025	supercritical
321.67	28.000	863.31	0.0011583	255.68	288.11	1.2048	0.90970	2.0256	570.40	0.32442	84.420	0.099047	supercritical
323.33	28.000	856.28	0.0011678	258.79	291.49	1.2153	0.90928	2.0317	563.33	0.34405	82.965	0.097862	supercritical
325.00	28.000	849.20	0.0011776	261.91	294.89	1.2257	0.90890	2.0379	556.35	0.36422	81.540	0.096691	supercritical
326.67	28.000	842.08	0.0011875	265.04	298.29	1.2362	0.90856	2.0440	549.45	0.38494	80.143	0.095534	supercritical
328.33	28.000	834.91	0.0011977	268.16	301.70	1.2466	0.90827	2.0502	542.65	0.40621	78.774	0.094392	supercritical
330.00	28.000	827.71	0.0012082	271.29	305.12	1.2570	0.90802	2.0564	535.93	0.42804	77.431	0.093264	supercritical
331.67	28.000	820.46	0.0012188	274.43	308.55	1.2674	0.90782	2.0625	529.32	0.45044	76.116	0.092152	supercritical
333.33	28.000	813.18	0.0012297	277.56	312.00	1.2777	0.90765	2.0686	522.80	0.47341	74.827	0.091054	supercritical
335.00	28.000	805.85	0.0012409	280.70	315.45	1.2880	0.90751	2.0747	516.40	0.49695	73.563	0.089972	supercritical
336.67	28.000	798.50	0.0012524	283.85	318.91	1.2984	0.90740	2.0806	510.10	0.52106	72.324	0.088905	supercritical
338.33	28.000	791.11	0.0012641	286.99	322.38	1.3086	0.90730	2.0865	503.92	0.54573	71.110	0.087854	supercritical
340.00	28.000	783.68	0.0012760	290.14	325.87	1.3189	0.90721	2.0922	497.86	0.57094	69.920	0.086819	supercritical
341.67	28.000	776.23	0.0012883	293.29	329.36	1.3292	0.90712	2.0977	491.93	0.59669	68.754	0.085799	supercritical
343.33	28.000	768.75	0.0013008	296.44	332.86	1.3394	0.90702	2.1029	486.12	0.62293	67.612	0.084794	supercritical
345.00	28.000	761.25	0.0013136	299.59	336.37	1.3496	0.90692	2.1078	480.44	0.64966	66.493	0.083806	supercritical
346.67	28.000	753.73	0.0013267	302.74	339.88	1.3597	0.90681	2.1123	474.90	0.67682	65.398	0.082834	supercritical
348.33	28.000	746.20	0.0013401	305.88	343.41	1.3699	0.90669	2.1164	469.50	0.70438	64.325	0.081878	supercritical
350.00	28.000	738.65	0.0013538	309.03	346.94	1.3800	0.90656	2.1200	464.24	0.73230	63.276	0.080938	supercritical
351.67	28.000	731.10	0.0013678	312.18	350.47	1.3901	0.90641	2.1231	459.12	0.76051	62.250	0.080015	supercritical
353.33	28.000	723.54	0.0013821	315.32	354.02	1.4001	0.90625	2.1255	454.15	0.78898	61.247	0.079108	supercritical
355.00	28.000	715.99	0.0013967	318.45	357.56	1.4101	0.90608	2.1274	449.34	0.81763	60.267	0.078218	supercritical
356.67	28.000	708.45	0.0014115	321.58	361.11	1.4201	0.90589	2.1285	444.67	0.84643	59.310	0.077345	supercritical
358.33	28.000	700.92	0.0014267	324.71	364.65	1.4300	0.90570	2.1290	440.15	0.87532	58.376	0.076488	supercritical
360.00	28.000	693.41	0.0014421	327.82	368.20	1.4399	0.90550	2.1287	435.79	0.90423	57.465	0.075649	supercritical
361.67	28.000	685.93	0.0014579	330.93	371.75	1.4497	0.90530	2.1277	431.59	0.93313	56.577	0.074826	supercritical
363.33	28.000	678.48	0.0014739	334.03	375.29	1.4595	0.90509	2.1260	427.53	0.96195	55.712	0.074021	supercritical
365.00	28.000	671.07	0.0014902	337.11	378.84	1.4692	0.90487	2.1235	423.63	0.99066	54.870	0.073233	supercritical
366.67	28.000	663.70	0.0015067	340.19	382.37	1.4789	0.90466	2.1203	419.88	1.0192	54.051	0.072461	supercritical
368.33	28.000	656.39	0.0015235	343.25	385.90	1.4885	0.90443	2.1165	416.28	1.0476	53.254	0.071707	supercritical
370.00	28.000	649.12	0.0015405	346.29	389.43	1.4981	0.90421	2.1119	412.83	1.0757	52.481	0.070971	supercritical
371.67	28.000	641.92	0.0015578	349.32	392.94	1.5075	0.90398	2.1067	409.53	1.1035	51.730	0.070251	supercritical
373.33	28.000	634.78	0.0015754	352.34	396.45	1.5169	0.90374	2.1008	406.37	1.1310	51.001	0.069548	supercritical
375.00	28.000	627.70	0.0015931	355.34	399.94	1.5263	0.90351	2.0944	403.35	1.1581	50.294	0.068861	supercritical
376.67	28.000	620.70	0.0016111	358.32	403.43	1.5356	0.90326	2.0873	400.47	1.1848	49.610	0.068192	supercritical
378.33	28.000	613.78	0.0016293	361.28	406.90	1.5448	0.90301	2.0797	397.73	1.2111	48.946	0.067538	supercritical
380.00	28.000	606.94	0.0016476	364.23	410.36	1.5539	0.90276	2.0716	395.12	1.2368	48.304	0.066901	supercritical
381.67	28.000	600.18	0.0016662	367.15	413.81	1.5629	0.90250	2.0631	392.64	1.2621	47.683	0.066280	supercritical
383.33	28.000	593.50	0.0016849	370.06	417.24	1.5719	0.90223	2.0540	390.30	1.2868	47.082	0.065675	supercritical
385.00	28.000	586.92	0.0017038	372.95	420.65	1.5808	0.90196	2.0445	388.07	1.3110	46.502	0.065085	supercritical
386.67	28.000	580.43	0.0017229	375.81	424.05	1.5896	0.90168	2.0347	385.97	1.3345	45.941	0.064510	supercritical
388.33	28.000	574.03	0.0017421	378.66	427.44	1.5983	0.90139	2.0245	383.99	1.3574	45.400	0.063951	supercritical
390.00	28.000	567.73	0.0017614	381.48	430.80	1.6070	0.90110	2.0139	382.12	1.3796	44.877	0.063406	supercritical
391.67	28.000	561.53	0.0017809	384.28	434.15	1.6155	0.90079	2.0030	380.36	1.4011	44.373	0.062876	supercritical
393.33	28.000	555.42	0.0018004	387.07	437.48	1.6240	0.90048	1.9919	378.71	1.4219	43.887	0.062361	supercritical
395.00	28.000	549.41	0.0018201	389.82	440.79	1.6324	0.90017	1.9805	377.16	1.4420	43.419	0.061859	supercritical
396.67	28.000	543.51	0.0018399	392.56	444.08	1.6407	0.89985	1.9688	375.71	1.4613	42.968	0.061371	supercritical
398.33	28.000	537.70	0.0018598	395.28	447.35	1.6490	0.89952	1.9570	374.36	1.4798	42.533	0.060897	supercritical
400.00	28.000	532.00	0.0018797	397.97	450.60	1.6571	0.89919	1.9450	373.10	1.4976	42.115	0.060436	supercritical
401.67	28.000	526.40	0.0018997	400.64	453.83	1.6652	0.89885	1.9329	371.93	1.5145	41.712	0.059988	supercritical
403.33	28.000	520.90	0.0019197	403.29	457.05	1.6732	0.89852	1.9207	370.85	1.5307	41.325	0.059552	supercritical
405.00	28.000	515.50	0.0019399	405.92	460.24	1.6811	0.89818	1.9084	369.84	1.5460	40.952	0.059129	supercritical
406.67	28.000	510.21	0.0019600	408.53	463.41	1.6889	0.89784	1.8960	368.92	1.5606	40.594	0.058719	supercritical
408.33	28.000	505.01	0.0019802	411.11	466.56	1.6966	0.89750	1.8836	368.07	1.5743	40.249	0.058320	supercritical
410.00	28.000	499.91	0.0020004	413.68	469.69	1.7042	0.89717	1.8712	367.29	1.5873	39.919	0.057933	supercritical
411.67	28.000	494.91	0.0020206	416.22	472.79	1.7118	0.89684	1.8588	366.58	1.5994	39.601	0.057558	supercritical
413.33	28.000	490.01	0.0020408	418.74	475.88	1.7193	0.89651	1.8464	365.93	1.6108	39.295	0.057194	supercritical
415.00	28.000	485.20	0.0020610	421.24	478.95	1.7267	0.89618	1.8341	365.35	1.6214	39.002	0.056840	supercritical
416.67	28.000	480.48	0.0020812	423.72	481.99	1.7340	0.89586	1.8218	364.82	1.6313	38.720	0.056498	supercritical
418.33	28.000	475.86	0.0021014	426.18	485.02	1.7413	0.89555	1.8097	364.35	1.6404	38.450	0.056166	supercritical
420.00	28.000	471.34	0.0021216	428.62	488.03	1.7484	0.89525	1.7976	363.94	1.6488	38.190	0.055844	supercritical
421.67	28.000	466.90	0.0021418	431.04	491.01	1.7555	0.89495	1.7857	363.57	1.6565	37.941	0.055532	supercritical
423.33	28.000	462.55	0.0021619	433.45	493.98	1.7626	0.89467	1.7739	363.25	1.6635	37.703	0.055229	supercritical
425.00	28.000	458.28	0.0021821	435.83	496.93	1.7695	0.89439	1.7623	362.98	1.6699	37.473	0.054936	supercritical
426.67	28.000	454.10	0.0022021	438.19	499.85	1.7764	0.89412	1.7508	362.75	1.6756	37.253	0.054652	supercritical
428.33	28.000	450.01	0.0022222	440.54	502.76	1.7832	0.89387	1.7395	362.56	1.6807	37.043	0.054377	supercritical
430.00	28.000	445.99	0.0022422	442.87	505.65	1.7899	0.89362	1.7283	362.41	1.6852	36.840	0.054110	supercritical
431.67	28.000	442.06	0.0022621	445.18	508.52	1.7966	0.89339	1.7174	362.30	1.6891	36.646	0.053851	supercritical
433.33	28.000	438.20	0.0022820	447.48	511.38	1.8032	0.89317	1.7066	362.22	1.6924	36.460	0.053600	supercritical
435.00	28.000	434.42	0.0023019	449.76	514.21	1.8097	0.89297	1.6960	362.18	1.6952	36.282	0.053357	supercritical
436.67	28.000	430.72	0.0023217	452.02	517.03	1.8162	0.89277	1.6856	362.16	1.6975	36.111	0.053120	supercritical
438.33	28.000	427.08	0.0023415	454.27	519.83	1.8226	0.89259	1.6754	362.18	1.6993	35.948	0.052891	supercritical
440.00	28.000	423.52	0.0023612	456.50	522.62	1.8289	0.89242	1.6654	362.22	1.7005	35.791	0.052668	supercritical
441.67	28.000	420.02	0.0023808	458.72	525.38	1.8352	0.89227	1.6556	362.29	1.7014	35.641	0.052451	supercritical
443.33	28.000	416.60	0.0024004	460.92	528.13	1.8414	0.89213	1.6460	362.39	1.7017	35.497	0.052239	supercritical
445.00	28.000	413.24	0.0024199	463.11	530.87	1.8476	0.89201	1.6366	362.51	1.7017	35.359	0.052031	supercritical
446.67	28.000	409.94	0.0024394	465.29	533.59	1.8537	0.89190	1.6274	362.65	1.7012	35.227	0.051827	supercritical
448.33	28.000	406.70	0.0024588	467.45	536.29	1.8597	0.89180	1.6184	362.82	1.7004	35.101	0.051626	supercritical
450.00	28.000	403.53	0.0024781	469.60	538.98	1.8657	0.89172	1.6096	363.00	1.6991	34.980	0.051425	supercritical
451.67	28.000	400.42	0.0024974	471.73	541.66	1.8716	0.89165	1.6010	363.20	1.6975	34.864	0.051222	supercritical
453.33	28.000	397.36	0.0025166	473.86	544.32	1.8775	0.89160	1.5925	363.43	1.6956	34.754	0.051010	supercritical
455.00	28.000	394.36	0.0025358	475.97	546.97	1.8834	0.89156	1.5843	363.66	1.6933	34.648	0.050770	supercritical
456.67	28.000	391.41	0.0025548	478.07	549.60	1.8891	0.89153	1.5763	363.92	1.6908	34.547	0.050431	supercritical
458.33	28.000	388.52	0.0025739	480.15	552.22	1.8949	0.89152	1.5684	364.19	1.6879	34.450	0.050335	supercritical
460.00	28.000	385.68	0.0025928	482.23	554.83	1.9005	0.89152	1.5607	364.48	1.6847	34.358	0.050245	supercritical
461.67	28.000	382.89	0.0026117	484.30	557.43	1.9062	0.89154	1.5532	364.78	1.6813	34.270	0.050159	supercritical
463.33	28.000	380.15	0.0026305	486.35	560.01	1.9117	0.89157	1.5459	365.09	1.6776	34.185	0.050077	supercritical
465.00	28.000	377.46	0.0026493	488.40	562.58	1.9173	0.89162	1.5387	365.42	1.6736	34.105	0.050000	supercritical
466.67	28.000	374.82	0.0026680	490.43	565.14	1.9228	0.89167	1.5318	365.76	1.6695	34.029	0.049928	supercritical
468.33	28.000	372.22	0.0026866	492.46	567.68	1.9282	0.89174	1.5249	366.11	1.6651	33.956	0.049860	supercritical
470.00	28.000	369.66	0.0027052	494.48	570.22	1.9336	0.89183	1.5183	366.47	1.6604	33.886	0.049796	supercritical
471.67	28.000	367.15	0.0027237	496.48	572.75	1.9390	0.89193	1.5118	366.84	1.6556	33.820	0.049736	supercritical
473.33	28.000	364.68	0.0027421	498.48	575.26	1.9443	0.89204	1.5054	367.22	1.6506	33.757	0.049680	supercritical
475.00	28.000	362.26	0.0027605	500.47	577.76	1.9496	0.89216	1.4992	367.61	1.6454	33.697	0.049628	supercritical
476.67	28.000	359.87	0.0027788	502.45	580.26	1.9548	0.89229	1.4932	368.01	1.6401	33.640	0.049580	supercritical
478.33	28.000	357.52	0.0027970	504.42	582.74	1.9600	0.89244	1.4873	368.41	1.6346	33.586	0.049535	supercritical
480.00	28.000	355.21	0.0028152	506.39	585.21	1.9652	0.89260	1.4815	368.83	1.6289	33.535	0.049493	supercritical
481.67	28.000	352.94	0.0028334	508.35	587.68	1.9703	0.89277	1.4759	369.25	1.6231	33.486	0.049455	supercritical
483.33	28.000	350.70	0.0028514	510.30	590.13	1.9754	0.89296	1.4704	369.68	1.6171	33.440	0.049421	supercritical
485.00	28.000	348.50	0.0028694	512.24	592.58	1.9805	0.89315	1.4651	370.12	1.6110	33.397	0.049389	supercritical
486.67	28.000	346.34	0.0028874	514.17	595.02	1.9855	0.89336	1.4599	370.56	1.6048	33.356	0.049361	supercritical
488.33	28.000	344.21	0.0029052	516.10	597.45	1.9905	0.89357	1.4548	371.01	1.5985	33.317	0.049335	supercritical
490.00	28.000	342.11	0.0029231	518.02	599.87	1.9954	0.89380	1.4498	371.46	1.5920	33.280	0.049313	supercritical
491.67	28.000	340.04	0.0029408	519.94	602.28	2.0003	0.89404	1.4450	371.92	1.5855	33.246	0.049293	supercritical
493.33	28.000	338.01	0.0029585	521.85	604.68	2.0052	0.89429	1.4402	372.38	1.5789	33.214	0.049276	supercritical
495.00	28.000	336.00	0.0029762	523.75	607.08	2.0101	0.89455	1.4356	372.85	1.5721	33.184	0.049262	supercritical
496.67	28.000	334.03	0.0029938	525.64	609.47	2.0149	0.89482	1.4311	373.33	1.5653	33.156	0.049250	supercritical
498.33	28.000	332.08	0.0030113	527.53	611.85	2.0197	0.89510	1.4267	373.80	1.5585	33.130	0.049241	supercritical
500.00	28.000	330.17	0.0030288	529.42	614.23	2.0244	0.89538	1.4224	374.29	1.5515	33.106	0.049235	supercritical
501.67	28.000	328.28	0.0030462	531.30	616.59	2.0292	0.89568	1.4182	374.77	1.5445	33.083	0.049231	supercritical
503.33	28.000	326.42	0.0030636	533.17	618.95	2.0339	0.89599	1.4141	375.26	1.5374	33.062	0.049229	supercritical
505.00	28.000	324.58	0.0030809	535.04	621.31	2.0385	0.89631	1.4101	375.75	1.5302	33.043	0.049229	supercritical
506.67	28.000	322.77	0.0030982	536.90	623.65	2.0432	0.89663	1.4062	376.25	1.5230	33.026	0.049232	supercritical
508.33	28.000	320.99	0.0031154	538.76	625.99	2.0478	0.89696	1.4024	376.75	1.5158	33.010	0.049237	supercritical
510.00	28.000	319.23	0.0031325	540.62	628.33	2.0524	0.89731	1.3987	377.25	1.5085	32.996	0.049244	supercritical
511.67	28.000	317.50	0.0031496	542.47	630.66	2.0569	0.89766	1.3951	377.76	1.5012	32.983	0.049253	supercritical
513.33	28.000	315.79	0.0031667	544.31	632.98	2.0614	0.89802	1.3916	378.27	1.4938	32.971	0.049264	supercritical
515.00	28.000	314.10	0.0031837	546.15	635.30	2.0659	0.89838	1.3881	378.78	1.4864	32.961	0.049277	supercritical
516.67	28.000	312.44	0.0032007	547.99	637.61	2.0704	0.89876	1.3847	379.29	1.4789	32.953	0.049292	supercritical
518.33	28.000	310.79	0.0032176	549.82	639.91	2.0749	0.89914	1.3814	379.80	1.4715	32.945	0.049309	supercritical
520.00	28.000	309.17	0.0032344	551.65	642.21	2.0793	0.89953	1.3782	380.32	1.4640	32.939	0.049327	supercritical
521.67	28.000	307.58	0.0032512	553.47	644.50	2.0837	0.89992	1.3751	380.84	1.4565	32.935	0.049348	supercritical
523.33	28.000	306.00	0.0032680	555.29	646.79	2.0881	0.90032	1.3720	381.36	1.4489	32.931	0.049370	supercritical
525.00	28.000	304.44	0.0032847	557.11	649.08	2.0925	0.90073	1.3690	381.88	1.4414	32.929	0.049394	supercritical
526.67	28.000	302.90	0.0033014	558.92	651.36	2.0968	0.90115	1.3661	382.40	1.4338	32.927	0.049419	supercritical
528.33	28.000	301.39	0.0033180	560.73	653.63	2.1011	0.90157	1.3633	382.93	1.4262	32.927	0.049446	supercritical
530.00	28.000	299.89	0.0033346	562.53	655.90	2.1054	0.90200	1.3605	383.46	1.4187	32.928	0.049475	supercritical
531.67	28.000	298.41	0.0033511	564.34	658.17	2.1097	0.90244	1.3578	383.98	1.4111	32.930	0.049505	supercritical
533.33	28.000	296.95	0.0033676	566.14	660.43	2.1139	0.90288	1.3551	384.51	1.4035	32.933	0.049537	supercritical
535.00	28.000	295.50	0.0033840	567.93	662.68	2.1181	0.90333	1.3525	385.04	1.3959	32.937	0.049570	supercritical
536.67	28.000	294.08	0.0034004	569.72	664.94	2.1223	0.90378	1.3500	385.57	1.3883	32.942	0.049604	supercritical
538.33	28.000	292.67	0.0034168	571.51	667.18	2.1265	0.90424	1.3475	386.10	1.3807	32.948	0.049640	supercritical
540.00	28.000	291.28	0.0034331	573.30	669.43	2.1307	0.90470	1.3451	386.64	1.3731	32.954	0.049678	supercritical
541.67	28.000	289.91	0.0034494	575.08	671.67	2.1348	0.90517	1.3428	387.17	1.3655	32.962	0.049716	supercritical
543.33	28.000	288.55	0.0034656	576.87	673.90	2.1389	0.90565	1.3405	387.70	1.3579	32.970	0.049756	supercritical
545.00	28.000	287.21	0.0034818	578.65	676.14	2.1430	0.90613	1.3382	388.24	1.3503	32.980	0.049797	supercritical
546.67	28.000	285.88	0.0034980	580.42	678.36	2.1471	0.90661	1.3360	388.77	1.3428	32.990	0.049840	supercritical
548.33	28.000	284.57	0.0035141	582.20	680.59	2.1512	0.90710	1.3339	389.31	1.3352	33.001	0.049884	supercritical
550.00	28.000	283.27	0.0035302	583.97	682.81	2.1552	0.90759	1.3318	389.84	1.3277	33.012	0.049929	supercritical
551.67	28.000	281.99	0.0035462	585.74	685.03	2.1593	0.90809	1.3297	390.38	1.3201	33.025	0.049975	supercritical
553.33	28.000	280.73	0.0035622	587.50	687.24	2.1633	0.90859	1.3278	390.92	1.3126	33.038	0.050022	supercritical
555.00	28.000	279.47	0.0035782	589.27	689.45	2.1673	0.90910	1.3258	391.45	1.3051	33.051	0.050070	supercritical
556.67	28.000	278.23	0.0035941	591.03	691.66	2.1712	0.90961	1.3239	391.99	1.2976	33.066	0.050120	supercritical
558.33	28.000	277.01	0.0036100	592.79	693.87	2.1752	0.91013	1.3220	392.53	1.2902	33.081	0.050170	supercritical
560.00	28.000	275.80	0.0036258	594.55	696.07	2.1791	0.91065	1.3202	393.07	1.2827	33.097	0.050222	supercritical
561.67	28.000	274.60	0.0036416	596.30	698.27	2.1830	0.91117	1.3185	393.60	1.2753	33.113	0.050274	supercritical
563.33	28.000	273.42	0.0036574	598.06	700.46	2.1869	0.91170	1.3167	394.14	1.2679	33.130	0.050328	supercritical
565.00	28.000	272.25	0.0036732	599.81	702.66	2.1908	0.91223	1.3150	394.68	1.2605	33.148	0.050382	supercritical
566.67	28.000	271.09	0.0036889	601.56	704.85	2.1947	0.91276	1.3134	395.22	1.2532	33.166	0.050438	supercritical
568.33	28.000	269.94	0.0037045	603.31	707.04	2.1986	0.91330	1.3118	395.75	1.2458	33.185	0.050494	supercritical
570.00	28.000	268.80	0.0037202	605.06	709.22	2.2024	0.91384	1.3102	396.29	1.2385	33.205	0.050552	supercritical
571.67	28.000	267.68	0.0037358	606.80	711.40	2.2062	0.91438	1.3087	396.83	1.2312	33.225	0.050610	supercritical
573.33	28.000	266.57	0.0037514	608.55	713.58	2.2100	0.91493	1.3072	397.37	1.2239	33.245	0.050669	supercritical
575.00	28.000	265.47	0.0037669	610.29	715.76	2.2138	0.91548	1.3057	397.90	1.2167	33.266	0.050729	supercritical
576.67	28.000	264.38	0.0037824	612.03	717.94	2.2176	0.91603	1.3043	398.44	1.2095	33.288	0.050790	supercritical
578.33	28.000	263.31	0.0037979	613.77	720.11	2.2214	0.91658	1.3029	398.98	1.2023	33.310	0.050852	supercritical
580.00	28.000	262.24	0.0038133	615.51	722.28	2.2251	0.91714	1.3015	399.51	1.1951	33.332	0.050915	supercritical
581.67	28.000	261.18	0.0038287	617.24	724.45	2.2288	0.91770	1.3002	400.05	1.1880	33.355	0.050978	supercritical
583.33	28.000	260.14	0.0038441	618.98	726.61	2.2326	0.91827	1.2989	400.58	1.1809	33.378	0.051042	supercritical
585.00	28.000	259.10	0.0038595	620.71	728.78	2.2363	0.91883	1.2976	401.12	1.1738	33.402	0.051107	supercritical
586.67	28.000	258.08	0.0038748	622.44	730.94	2.2400	0.91940	1.2964	401.66	1.1668	33.427	0.051173	supercritical
588.33	28.000	257.06	0.0038901	624.18	733.10	2.2436	0.91997	1.2952	402.19	1.1598	33.451	0.051239	supercritical
590.00	28.000	256.06	0.0039053	625.91	735.26	2.2473	0.92054	1.2940	402.72	1.1528	33.476	0.051306	supercritical
591.67	28.000	255.07	0.0039206	627.64	737.41	2.2509	0.92112	1.2929	403.26	1.1458	33.502	0.051374	supercritical
593.33	28.000	254.08	0.0039358	629.36	739.57	2.2546	0.92170	1.2917	403.79	1.1389	33.528	0.051443	supercritical
595.00	28.000	253.10	0.0039509	631.09	741.72	2.2582	0.92227	1.2907	404.32	1.1320	33.554	0.051512	supercritical
596.67	28.000	252.14	0.0039661	632.82	743.87	2.2618	0.92285	1.2896	404.86	1.1251	33.581	0.051582	supercritical
598.33	28.000	251.18	0.0039812	634.54	746.02	2.2654	0.92344	1.2885	405.39	1.1183	33.608	0.051652	supercritical
600.00	28.000	250.23	0.0039963	636.27	748.16	2.2690	0.92402	1.2875	405.92	1.1115	33.635	0.051723	supercritical
601.67	28.000	249.29	0.0040114	637.99	750.31	2.2726	0.92461	1.2865	406.45	1.1047	33.663	0.051795	supercritical
603.33	28.000	248.36	0.0040264	639.71	752.45	2.2761	0.92520	1.2856	406.98	1.0979	33.691	0.051868	supercritical
605.00	28.000	247.44	0.0040414	641.43	754.59	2.2797	0.92579	1.2846	407.51	1.0912	33.720	0.051941	supercritical
606.67	28.000	246.53	0.0040564	643.15	756.73	2.2832	0.92638	1.2837	408.04	1.0846	33.749	0.052014	supercritical
608.33	28.000	245.62	0.0040713	644.87	758.87	2.2867	0.92697	1.2828	408.57	1.0779	33.778	0.052089	supercritical
610.00	28.000	244.72	0.0040863	646.59	761.01	2.2902	0.92756	1.2819	409.10	1.0713	33.807	0.052164	supercritical
611.67	28.000	243.83	0.0041012	648.31	763.14	2.2937	0.92816	1.2811	409.62	1.0647	33.837	0.052239	supercritical
613.33	28.000	242.95	0.0041160	650.03	765.28	2.2972	0.92876	1.2803	410.15	1.0582	33.867	0.052315	supercritical
615.00	28.000	242.08	0.0041309	651.75	767.41	2.3007	0.92935	1.2794	410.68	1.0516	33.897	0.052391	supercritical
616.67	28.000	241.21	0.0041457	653.46	769.54	2.3041	0.92995	1.2787	411.20	1.0451	33.928	0.052468	supercritical
618.33	28.000	240.35	0.0041605	655.18	771.67	2.3076	0.93055	1.2779	411.73	1.0387	33.959	0.052546	supercritical
620.00	28.000	239.50	0.0041753	656.89	773.80	2.3110	0.93115	1.2771	412.25	1.0323	33.990	0.052624	supercritical
621.67	28.000	238.66	0.0041901	658.61	775.93	2.3145	0.93176	1.2764	412.77	1.0259	34.021	0.052703	supercritical
623.33	28.000	237.82	0.0042048	660.32	778.06	2.3179	0.93236	1.2757	413.30	1.0195	34.053	0.052782	supercritical
625.00	28.000	236.99	0.0042195	662.04	780.18	2.3213	0.93296	1.2750	413.82	1.0132	34.085	0.052861	supercritical
626.67	28.000	236.17	0.0042342	663.75	782.31	2.3247	0.93357	1.2743	414.34	1.0069	34.117	0.052941	supercritical
628.33	28.000	235.36	0.0042489	665.46	784.43	2.3281	0.93417	1.2737	414.86	1.0006	34.150	0.053022	supercritical
630.00	28.000	234.55	0.0042635	667.18	786.55	2.3314	0.93478	1.2730	415.38	0.99441	34.182	0.053103	supercritical
631.67	28.000	233.75	0.0042781	668.89	788.68	2.3348	0.93539	1.2724	415.90	0.98821	34.215	0.053184	supercritical
633.33	28.000	232.95	0.0042927	670.60	790.80	2.3381	0.93600	1.2718	416.42	0.98205	34.248	0.053266	supercritical
635.00	28.000	232.16	0.0043073	672.31	792.91	2.3415	0.93661	1.2712	416.94	0.97592	34.282	0.053348	supercritical
636.67	28.000	231.38	0.0043218	674.02	795.03	2.3448	0.93722	1.2707	417.46	0.96982	34.315	0.053431	supercritical
638.33	28.000	230.61	0.0043364	675.73	797.15	2.3481	0.93783	1.2701	417.97	0.96375	34.349	0.053514	supercritical
640.00	28.000	229.84	0.0043509	677.44	799.27	2.3514	0.93844	1.2696	418.49	0.95772	34.383	0.053598	supercritical
641.67	28.000	229.08	0.0043654	679.15	801.38	2.3547	0.93905	1.2690	419.00	0.95172	34.417	0.053682	supercritical
643.33	28.000	228.32	0.0043798	680.86	803.50	2.3580	0.93966	1.2685	419.52	0.94575	34.452	0.053766	supercritical
645.00	28.000	227.57	0.0043943	682.57	805.61	2.3613	0.94027	1.2680	420.03	0.93981	34.486	0.053851	supercritical
646.67	28.000	226.82	0.0044087	684.28	807.72	2.3646	0.94088	1.2675	420.55	0.93390	34.521	0.053936	supercritical
648.33	28.000	226.09	0.0044231	685.99	809.84	2.3679	0.94150	1.2671	421.06	0.92803	34.556	0.054022	supercritical
650.00	28.000	225.35	0.0044375	687.70	811.95	2.3711	0.94211	1.2666	421.57	0.92218	34.591	0.054108	supercritical
651.67	28.000	224.63	0.0044518	689.41	814.06	2.3744	0.94272	1.2662	422.08	0.91637	34.627	0.054194	supercritical
653.33	28.000	223.90	0.0044662	691.11	816.17	2.3776	0.94334	1.2658	422.59	0.91059	34.662	0.054281	supercritical
655.00	28.000	223.19	0.0044805	692.82	818.28	2.3808	0.94395	1.2653	423.10	0.90484	34.698	0.054368	supercritical
656.67	28.000	222.48	0.0044948	694.53	820.39	2.3840	0.94456	1.2649	423.61	0.89913	34.734	0.054455	supercritical
658.33	28.000	221.77	0.0045091	696.24	822.49	2.3872	0.94518	1.2646	424.12	0.89344	34.770	0.054543	supercritical
660.00	28.000	221.07	0.0045234	697.95	824.60	2.3904	0.94579	1.2642	424.62	0.88778	34.806	0.054631	supercritical
661.67	28.000	220.38	0.0045376	699.65	826.71	2.3936	0.94640	1.2638	425.13	0.88216	34.842	0.054719	supercritical
663.33	28.000	219.69	0.0045518	701.36	828.81	2.3968	0.94702	1.2635	425.64	0.87657	34.879	0.054808	supercritical
665.00	28.000	219.01	0.0045660	703.07	830.92	2.4000	0.94763	1.2631	426.14	0.87101	34.915	0.054897	supercritical
666.67	28.000	218.33	0.0045802	704.78	833.02	2.4031	0.94825	1.2628	426.65	0.86547	34.952	0.054987	supercritical
668.33	28.000	217.66	0.0045944	706.48	835.13	2.4063	0.94886	1.2625	427.15	0.85997	34.989	0.055076	supercritical
670.00	28.000	216.99	0.0046086	708.19	837.23	2.4094	0.94948	1.2622	427.65	0.85450	35.026	0.055166	supercritical
671.67	28.000	216.32	0.0046227	709.90	839.34	2.4126	0.95009	1.2619	428.15	0.84906	35.063	0.055256	supercritical
673.33	28.000	215.66	0.0046368	711.61	841.44	2.4157	0.95070	1.2616	428.65	0.84365	35.101	0.055347	supercritical
675.00	28.000	215.01	0.0046509	713.31	843.54	2.4188	0.95132	1.2613	429.15	0.83827	35.138	0.055438	supercritical
676.67	28.000	214.36	0.0046650	715.02	845.64	2.4219	0.95193	1.2610	429.65	0.83292	35.176	0.055529	supercritical
678.33	28.000	213.72	0.0046791	716.73	847.74	2.4250	0.95254	1.2608	430.15	0.82760	35.214	0.055620	supercritical
680.00	28.000	213.08	0.0046931	718.44	849.85	2.4281	0.95316	1.2605	430.65	0.82230	35.251	0.055712	supercritical
681.67	28.000	212.44	0.0047072	720.15	851.95	2.4312	0.95377	1.2603	431.15	0.81704	35.289	0.055804	supercritical
683.33	28.000	211.81	0.0047212	721.85	854.05	2.4343	0.95438	1.2601	431.65	0.81181	35.328	0.055896	supercritical
685.00	28.000	211.18	0.0047352	723.56	856.15	2.4373	0.95500	1.2599	432.14	0.80660	35.366	0.055989	supercritical
686.67	28.000	210.56	0.0047492	725.27	858.25	2.4404	0.95561	1.2597	432.64	0.80143	35.404	0.056081	supercritical
688.33	28.000	209.95	0.0047631	726.98	860.35	2.4435	0.95622	1.2595	433.13	0.79628	35.443	0.056174	supercritical
690.00	28.000	209.33	0.0047771	728.69	862.44	2.4465	0.95683	1.2593	433.62	0.79116	35.481	0.056268	supercritical
691.67	28.000	208.72	0.0047910	730.39	864.54	2.4495	0.95744	1.2591	434.12	0.78607	35.520	0.056361	supercritical
693.33	28.000	208.12	0.0048050	732.10	866.64	2.4526	0.95805	1.2589	434.61	0.78101	35.559	0.056455	supercritical
695.00	28.000	207.52	0.0048189	733.81	868.74	2.4556	0.95866	1.2587	435.10	0.77598	35.598	0.056549	supercritical
696.67	28.000	206.92	0.0048328	735.52	870.84	2.4586	0.95927	1.2586	435.59	0.77097	35.637	0.056643	supercritical
698.33	28.000	206.33	0.0048466	737.23	872.93	2.4616	0.95988	1.2584	436.08	0.76600	35.676	0.056737	supercritical
700.00	28.000	205.74	0.0048605	738.94	875.03	2.4646	0.96049	1.2583	436.57	0.76105	35.715	0.056832	supercritical
701.67	28.000	205.16	0.0048743	740.65	877.13	2.4676	0.96110	1.2582	437.06	0.75612	35.754	0.056927	supercritical
703.33	28.000	204.58	0.0048882	742.36	879.23	2.4706	0.96170	1.2580	437.55	0.75123	35.793	0.057022	supercritical
705.00	28.000	204.00	0.0049020	744.07	881.32	2.4736	0.96231	1.2579	438.03	0.74636	35.833	0.057117	supercritical
706.67	28.000	203.43	0.0049158	745.78	883.42	2.4765	0.96292	1.2578	438.52	0.74152	35.872	0.057213	supercritical
708.33	28.000	202.86	0.0049296	747.49	885.51	2.4795	0.96352	1.2577	439.00	0.73671	35.912	0.057308	supercritical
710.00	28.000	202.29	0.0049433	749.20	887.61	2.4825	0.96413	1.2576	439.49	0.73192	35.952	0.057404	supercritical
711.67	28.000	201.73	0.0049571	750.91	889.71	2.4854	0.96473	1.2575	439.97	0.72716	35.992	0.057500	supercritical
713.33	28.000	201.17	0.0049708	752.62	891.80	2.4883	0.96534	1.2574	440.46	0.72242	36.031	0.057596	supercritical
715.00	28.000	200.62	0.0049846	754.33	893.90	2.4913	0.96594	1.2573	440.94	0.71772	36.071	0.057693	supercritical
716.67	28.000	200.07	0.0049983	756.04	895.99	2.4942	0.96654	1.2573	441.42	0.71303	36.111	0.057790	supercritical
718.33	28.000	199.52	0.0050120	757.75	898.09	2.4971	0.96715	1.2572	441.90	0.70838	36.152	0.057886	supercritical
720.00	28.000	198.98	0.0050257	759.47	900.18	2.5000	0.96775	1.2571	442.38	0.70375	36.192	0.057983	supercritical
721.67	28.000	198.44	0.0050394	761.18	902.28	2.5029	0.96835	1.2571	442.86	0.69914	36.232	0.058081	supercritical
723.33	28.000	197.90	0.0050530	762.89	904.37	2.5058	0.96895	1.2570	443.34	0.69457	36.272	0.058178	supercritical
725.00	28.000	197.37	0.0050667	764.60	906.47	2.5087	0.96955	1.2570	443.82	0.69001	36.313	0.058276	supercritical
726.67	28.000	196.84	0.0050803	766.32	908.56	2.5116	0.97015	1.2570	444.30	0.68548	36.353	0.058373	supercritical
728.33	28.000	196.31	0.0050939	768.03	910.66	2.5145	0.97074	1.2569	444.77	0.68098	36.394	0.058471	supercritical
730.00	28.000	195.79	0.0051075	769.74	912.75	2.5174	0.97134	1.2569	445.25	0.67650	36.434	0.058569	supercritical
731.67	28.000	195.27	0.0051211	771.46	914.85	2.5202	0.97194	1.2569	445.72	0.67205	36.475	0.058667	supercritical
733.33	28.000	194.75	0.0051347	773.17	916.94	2.5231	0.97253	1.2569	446.20	0.66762	36.516	0.058766	supercritical
735.00	28.000	194.24	0.0051483	774.89	919.04	2.5260	0.97313	1.2569	446.67	0.66321	36.557	0.058864	supercritical
736.67	28.000	193.73	0.0051618	776.60	921.13	2.5288	0.97372	1.2569	447.14	0.65883	36.597	0.058963	supercritical
738.33	28.000	193.22	0.0051754	778.32	923.23	2.5316	0.97432	1.2569	447.62	0.65448	36.638	0.059062	supercritical
740.00	28.000	192.72	0.0051889	780.03	925.32	2.5345	0.97491	1.2569	448.09	0.65014	36.679	0.059161	supercritical
741.67	28.000	192.22	0.0052024	781.75	927.42	2.5373	0.97550	1.2569	448.56	0.64583	36.720	0.059260	supercritical
743.33	28.000	191.72	0.0052159	783.47	929.51	2.5401	0.97609	1.2569	449.03	0.64155	36.761	0.059359	supercritical
745.00	28.000	191.22	0.0052294	785.18	931.61	2.5429	0.97668	1.2569	449.50	0.63729	36.802	0.059459	supercritical
746.67	28.000	190.73	0.0052429	786.90	933.70	2.5458	0.97727	1.2569	449.97	0.63305	36.844	0.059558	supercritical
748.33	28.000	190.24	0.0052564	788.62	935.80	2.5486	0.97786	1.2570	450.44	0.62883	36.885	0.059658	supercritical
750.00	28.000	189.76	0.0052699	790.34	937.89	2.5514	0.97844	1.2570	450.90	0.62464	36.926	0.059758	supercritical
751.67	28.000	189.28	0.0052833	792.05	939.99	2.5541	0.97903	1.2571	451.37	0.62047	36.968	0.059858	supercritical
753.33	28.000	188.79	0.0052968	793.77	942.08	2.5569	0.97962	1.2571	451.84	0.61632	37.009	0.059958	supercritical
755.00	28.000	188.32	0.0053102	795.49	944.18	2.5597	0.98020	1.2571	452.30	0.61220	37.050	0.060058	supercritical
756.67	28.000	187.84	0.0053236	797.21	946.27	2.5625	0.98078	1.2572	452.77	0.60810	37.092	0.060158	supercritical
758.33	28.000	187.37	0.0053370	798.93	948.37	2.5652	0.98137	1.2573	453.23	0.60402	37.133	0.060259	supercritical
760.00	28.000	186.90	0.0053504	800.65	950.46	2.5680	0.98195	1.2573	453.69	0.59996	37.175	0.060359	supercritical
761.67	28.000	186.44	0.0053638	802.37	952.56	2.5708	0.98253	1.2574	454.16	0.59592	37.216	0.060460	supercritical
763.33	28.000	185.97	0.0053771	804.10	954.66	2.5735	0.98311	1.2574	454.62	0.59191	37.258	0.060561	supercritical
765.00	28.000	185.51	0.0053905	805.82	956.75	2.5762	0.98369	1.2575	455.08	0.58792	37.300	0.060661	supercritical
766.67	28.000	185.05	0.0054039	807.54	958.85	2.5790	0.98426	1.2576	455.54	0.58395	37.342	0.060762	supercritical
768.33	28.000	184.60	0.0054172	809.26	960.94	2.5817	0.98484	1.2577	456.00	0.58000	37.383	0.060864	supercritical
770.00	28.000	184.14	0.0054305	810.98	963.04	2.5844	0.98542	1.2578	456.46	0.57607	37.425	0.060965	supercritical
771.67	28.000	183.69	0.0054438	812.71	965.14	2.5872	0.98599	1.2578	456.92	0.57216	37.467	0.061066	supercritical
773.33	28.000	183.25	0.0054571	814.43	967.23	2.5899	0.98656	1.2579	457.38	0.56828	37.509	0.061168	supercritical
775.00	28.000	182.80	0.0054704	816.16	969.33	2.5926	0.98714	1.2580	457.83	0.56441	37.551	0.061269	supercritical
776.67	28.000	182.36	0.0054837	817.88	971.43	2.5953	0.98771	1.2581	458.29	0.56057	37.593	0.061371	supercritical
778.33	28.000	181.92	0.0054970	819.61	973.52	2.5980	0.98828	1.2582	458.74	0.55674	37.635	0.061472	supercritical
780.00	28.000	181.48	0.0055103	821.33	975.62	2.6007	0.98885	1.2583	459.20	0.55294	37.677	0.061574	supercritical
781.67	28.000	181.04	0.0055235	823.06	977.72	2.6034	0.98942	1.2584	459.65	0.54916	37.719	0.061676	supercritical
783.33	28.000	180.61	0.0055368	824.78	979.81	2.6060	0.98998	1.2585	460.11	0.54539	37.761	0.061778	supercritical
785.00	28.000	180.18	0.0055500	826.51	981.91	2.6087	0.99055	1.2587	460.56	0.54165	37.803	0.061880	supercritical
786.67	28.000	179.75	0.0055632	828.24	984.01	2.6114	0.99112	1.2588	461.01	0.53793	37.845	0.061982	supercritical
788.33	28.000	179.33	0.0055764	829.97	986.11	2.6141	0.99168	1.2589	461.47	0.53422	37.887	0.062085	supercritical
790.00	28.000	178.90	0.0055897	831.70	988.21	2.6167	0.99224	1.2590	461.92	0.53054	37.929	0.062187	supercritical
791.67	28.000	178.48	0.0056029	833.42	990.30	2.6194	0.99281	1.2591	462.37	0.52687	37.972	0.062290	supercritical
793.33	28.000	178.06	0.0056160	835.15	992.40	2.6220	0.99337	1.2593	462.82	0.52323	38.014	0.062392	supercritical
795.00	28.000	177.64	0.0056292	836.88	994.50	2.6247	0.99393	1.2594	463.27	0.51960	38.056	0.062495	supercritical
796.67	28.000	177.23	0.0056424	838.61	996.60	2.6273	0.99449	1.2595	463.72	0.51600	38.098	0.062597	supercritical
798.33	28.000	176.82	0.0056555	840.35	998.70	2.6299	0.99504	1.2597	464.17	0.51241	38.141	0.062700	supercritical
800.00	28.000	176.41	0.0056687	842.08	1000.8	2.6326	0.99560	1.2598	464.61	0.50884	38.183	0.062803	supercritical
801.67	28.000	176.00	0.0056818	843.81	1002.9	2.6352	0.99616	1.2599	465.06	0.50529	38.226	0.062906	supercritical
803.33	28.000	175.59	0.0056950	845.54	1005.0	2.6378	0.99671	1.2601	465.51	0.50176	38.268	0.063009	supercritical
805.00	28.000	175.19	0.0057081	847.27	1007.1	2.6404	0.99727	1.2602	465.95	0.49824	38.310	0.063112	supercritical
806.67	28.000	174.79	0.0057212	849.01	1009.2	2.6430	0.99782	1.2604	466.40	0.49475	38.353	0.063215	supercritical
808.33	28.000	174.39	0.0057343	850.74	1011.3	2.6456	0.99837	1.2605	466.84	0.49127	38.395	0.063318	supercritical
810.00	28.000	173.99	0.0057474	852.48	1013.4	2.6482	0.99892	1.2607	467.29	0.48781	38.438	0.063421	supercritical
811.67	28.000	173.60	0.0057605	854.21	1015.5	2.6508	0.99947	1.2608	467.73	0.48437	38.480	0.063525	supercritical
813.33	28.000	173.20	0.0057736	855.95	1017.6	2.6534	1.0000	1.2610	468.17	0.48095	38.523	0.063628	supercritical
815.00	28.000	172.81	0.0057866	857.68	1019.7	2.6560	1.0006	1.2611	468.61	0.47754	38.565	0.063732	supercritical
816.67	28.000	172.42	0.0057997	859.42	1021.8	2.6585	1.0011	1.2613	469.06	0.47415	38.608	0.063835	supercritical
818.33	28.000	172.04	0.0058128	861.15	1023.9	2.6611	1.0017	1.2615	469.50	0.47078	38.650	0.063939	supercritical
820.00	28.000	171.65	0.0058258	862.89	1026.0	2.6637	1.0022	1.2616	469.94	0.46743	38.693	0.064042	supercritical
821.67	28.000	171.27	0.0058388	864.63	1028.1	2.6662	1.0027	1.2618	470.38	0.46410	38.736	0.064146	supercritical
823.33	28.000	170.89	0.0058519	866.37	1030.2	2.6688	1.0033	1.2620	470.81	0.46078	38.778	0.064250	supercritical
825.00	28.000	170.51	0.0058649	868.11	1032.3	2.6714	1.0038	1.2621	471.25	0.45747	38.821	0.064353	supercritical
826.67	28.000	170.13	0.0058779	869.85	1034.4	2.6739	1.0044	1.2623	471.69	0.45419	38.864	0.064457	supercritical
828.33	28.000	169.75	0.0058909	871.59	1036.5	2.6764	1.0049	1.2625	472.13	0.45092	38.906	0.064561	supercritical
830.00	28.000	169.38	0.0059039	873.33	1038.6	2.6790	1.0054	1.2627	472.57	0.44767	38.949	0.064665	supercritical
831.67	28.000	169.01	0.0059169	875.07	1040.7	2.6815	1.0060	1.2628	473.00	0.44444	38.992	0.064769	supercritical
833.33	28.000	168.64	0.0059298	876.81	1042.8	2.6840	1.0065	1.2630	473.44	0.44122	39.034	0.064873	supercritical
835.00	28.000	168.27	0.0059428	878.55	1045.0	2.6866	1.0070	1.2632	473.87	0.43802	39.077	0.064977	supercritical
836.67	28.000	167.90	0.0059558	880.29	1047.1	2.6891	1.0076	1.2634	474.31	0.43483	39.120	0.065081	supercritical
838.33	28.000	167.54	0.0059687	882.04	1049.2	2.6916	1.0081	1.2636	474.74	0.43166	39.162	0.065185	supercritical
840.00	28.000	167.18	0.0059817	883.78	1051.3	2.6941	1.0086	1.2638	475.17	0.42851	39.205	0.065290	supercritical
841.67	28.000	166.82	0.0059946	885.52	1053.4	2.6966	1.0092	1.2640	475.61	0.42537	39.248	0.065394	supercritical
843.33	28.000	166.46	0.0060076	887.27	1055.5	2.6991	1.0097	1.2641	476.04	0.42225	39.291	0.065498	supercritical
845.00	28.000	166.10	0.0060205	889.01	1057.6	2.7016	1.0102	1.2643	476.47	0.41914	39.334	0.065603	supercritical
846.67	28.000	165.74	0.0060334	890.76	1059.7	2.7041	1.0107	1.2645	476.90	0.41605	39.376	0.065707	supercritical
848.33	28.000	165.39	0.0060463	892.51	1061.8	2.7066	1.0113	1.2647	477.33	0.41297	39.419	0.065811	supercritical
850.00	28.000	165.04	0.0060592	894.25	1063.9	2.7091	1.0118	1.2649	477.76	0.40991	39.462	0.065916	supercritical
851.67	28.000	164.69	0.0060721	896.00	1066.0	2.7115	1.0123	1.2651	478.19	0.40687	39.505	0.066020	supercritical
853.33	28.000	164.34	0.0060850	897.75	1068.1	2.7140	1.0128	1.2653	478.62	0.40384	39.548	0.066125	supercritical
855.00	28.000	163.99	0.0060979	899.50	1070.2	2.7165	1.0133	1.2655	479.05	0.40082	39.590	0.066229	supercritical
856.67	28.000	163.65	0.0061107	901.25	1072.3	2.7190	1.0139	1.2657	479.47	0.39782	39.633	0.066334	supercritical
858.33	28.000	163.30	0.0061236	903.00	1074.5	2.7214	1.0144	1.2659	479.90	0.39484	39.676	0.066439	supercritical
860.00	28.000	162.96	0.0061365	904.75	1076.6	2.7239	1.0149	1.2661	480.33	0.39187	39.719	0.066543	supercritical
861.67	28.000	162.62	0.0061493	906.50	1078.7	2.7263	1.0154	1.2663	480.75	0.38891	39.762	0.066648	supercritical
863.33	28.000	162.28	0.0061621	908.25	1080.8	2.7288	1.0159	1.2665	481.18	0.38597	39.805	0.066753	supercritical
865.00	28.000	161.94	0.0061750	910.00	1082.9	2.7312	1.0164	1.2667	481.60	0.38304	39.848	0.066857	supercritical
866.67	28.000	161.61	0.0061878	911.75	1085.0	2.7337	1.0169	1.2669	482.03	0.38013	39.890	0.066962	supercritical
868.33	28.000	161.27	0.0062006	913.50	1087.1	2.7361	1.0175	1.2672	482.45	0.37723	39.933	0.067067	supercritical
870.00	28.000	160.94	0.0062135	915.26	1089.2	2.7385	1.0180	1.2674	482.88	0.37435	39.976	0.067172	supercritical
871.67	28.000	160.61	0.0062263	917.01	1091.3	2.7409	1.0185	1.2676	483.30	0.37148	40.019	0.067277	supercritical
873.33	28.000	160.28	0.0062391	918.76	1093.5	2.7434	1.0190	1.2678	483.72	0.36863	40.062	0.067382	supercritical
875.00	28.000	159.95	0.0062519	920.52	1095.6	2.7458	1.0195	1.2680	484.14	0.36578	40.105	0.067486	supercritical
876.67	28.000	159.63	0.0062646	922.28	1097.7	2.7482	1.0200	1.2682	484.56	0.36296	40.148	0.067591	supercritical
878.33	28.000	159.30	0.0062774	924.03	1099.8	2.7506	1.0205	1.2684	484.98	0.36014	40.191	0.067696	supercritical
880.00	28.000	158.98	0.0062902	925.79	1101.9	2.7530	1.0210	1.2686	485.40	0.35734	40.234	0.067801	supercritical
881.67	28.000	158.66	0.0063030	927.54	1104.0	2.7554	1.0215	1.2689	485.82	0.35455	40.277	0.067906	supercritical
883.33	28.000	158.33	0.0063157	929.30	1106.1	2.7578	1.0220	1.2691	486.24	0.35178	40.319	0.068011	supercritical
885.00	28.000	158.02	0.0063285	931.06	1108.3	2.7602	1.0225	1.2693	486.66	0.34902	40.362	0.068116	supercritical
886.67	28.000	157.70	0.0063412	932.82	1110.4	2.7626	1.0230	1.2695	487.08	0.34627	40.405	0.068221	supercritical
888.33	28.000	157.38	0.0063540	934.58	1112.5	2.7650	1.0235	1.2697	487.50	0.34354	40.448	0.068326	supercritical
890.00	28.000	157.07	0.0063667	936.34	1114.6	2.7674	1.0240	1.2700	487.91	0.34082	40.491	0.068431	supercritical
891.67	28.000	156.75	0.0063794	938.10	1116.7	2.7697	1.0245	1.2702	488.33	0.33811	40.534	0.068537	supercritical
893.33	28.000	156.44	0.0063922	939.86	1118.8	2.7721	1.0250	1.2704	488.75	0.33541	40.577	0.068642	supercritical
895.00	28.000	156.13	0.0064049	941.62	1121.0	2.7745	1.0255	1.2706	489.16	0.33273	40.620	0.068747	supercritical
896.67	28.000	155.82	0.0064176	943.38	1123.1	2.7768	1.0259	1.2709	489.58	0.33006	40.663	0.068852	supercritical
898.33	28.000	155.51	0.0064303	945.15	1125.2	2.7792	1.0264	1.2711	489.99	0.32741	40.706	0.068957	supercritical
900.00	28.000	155.21	0.0064430	946.91	1127.3	2.7815	1.0269	1.2713	490.40	0.32476	40.749	0.069062	supercritical
901.67	28.000	154.90	0.0064557	948.67	1129.4	2.7839	1.0274	1.2715	490.82	0.32213	40.792	0.069167	supercritical
903.33	28.000	154.60	0.0064684	950.44	1131.6	2.7862	1.0279	1.2718	491.23	0.31951	40.834	0.069272	supercritical
905.00	28.000	154.30	0.0064811	952.20	1133.7	2.7886	1.0284	1.2720	491.64	0.31690	40.877	0.069378	supercritical
906.67	28.000	153.99	0.0064937	953.97	1135.8	2.7909	1.0289	1.2722	492.06	0.31431	40.920	0.069483	supercritical
908.33	28.000	153.69	0.0065064	955.73	1137.9	2.7933	1.0293	1.2725	492.47	0.31173	40.963	0.069588	supercritical
910.00	28.000	153.40	0.0065191	957.50	1140.0	2.7956	1.0298	1.2727	492.88	0.30915	41.006	0.069693	supercritical
911.67	28.000	153.10	0.0065317	959.27	1142.2	2.7979	1.0303	1.2729	493.29	0.30660	41.049	0.069798	supercritical
913.33	28.000	152.80	0.0065444	961.03	1144.3	2.8003	1.0308	1.2732	493.70	0.30405	41.092	0.069904	supercritical
915.00	28.000	152.51	0.0065570	962.80	1146.4	2.8026	1.0313	1.2734	494.11	0.30151	41.135	0.070009	supercritical
916.67	28.000	152.21	0.0065697	964.57	1148.5	2.8049	1.0317	1.2736	494.52	0.29899	41.178	0.070114	supercritical
918.33	28.000	151.92	0.0065823	966.34	1150.6	2.8072	1.0322	1.2739	494.93	0.29648	41.221	0.070219	supercritical
920.00	28.000	151.63	0.0065949	968.11	1152.8	2.8095	1.0327	1.2741	495.33	0.29398	41.263	0.070325	supercritical
921.67	28.000	151.34	0.0066076	969.88	1154.9	2.8118	1.0331	1.2743	495.74	0.29149	41.306	0.070430	supercritical
923.33	28.000	151.05	0.0066202	971.65	1157.0	2.8141	1.0336	1.2746	496.15	0.28902	41.349	0.070535	supercritical
925.00	28.000	150.77	0.0066328	973.42	1159.1	2.8164	1.0341	1.2748	496.55	0.28655	41.392	0.070640	supercritical
926.67	28.000	150.48	0.0066454	975.19	1161.3	2.8187	1.0346	1.2750	496.96	0.28410	41.435	0.070745	supercritical
928.33	28.000	150.20	0.0066580	976.97	1163.4	2.8210	1.0350	1.2753	497.37	0.28165	41.478	0.070851	supercritical
930.00	28.000	149.91	0.0066706	978.74	1165.5	2.8233	1.0355	1.2755	497.77	0.27922	41.521	0.070956	supercritical
931.67	28.000	149.63	0.0066832	980.51	1167.6	2.8256	1.0360	1.2757	498.18	0.27680	41.564	0.071061	supercritical
933.33	28.000	149.35	0.0066958	982.29	1169.8	2.8279	1.0364	1.2760	498.58	0.27439	41.606	0.071166	supercritical
935.00	28.000	149.07	0.0067083	984.06	1171.9	2.8301	1.0369	1.2762	498.98	0.27199	41.649	0.071272	supercritical
936.67	28.000	148.79	0.0067209	985.84	1174.0	2.8324	1.0373	1.2765	499.39	0.26961	41.692	0.071377	supercritical
938.33	28.000	148.51	0.0067335	987.61	1176.1	2.8347	1.0378	1.2767	499.79	0.26723	41.735	0.071482	supercritical
940.00	28.000	148.23	0.0067460	989.39	1178.3	2.8370	1.0383	1.2769	500.19	0.26486	41.778	0.071587	supercritical
941.67	28.000	147.96	0.0067586	991.16	1180.4	2.8392	1.0387	1.2772	500.60	0.26251	41.821	0.071693	supercritical
943.33	28.000	147.69	0.0067712	992.94	1182.5	2.8415	1.0392	1.2774	501.00	0.26016	41.863	0.071798	supercritical
945.00	28.000	147.41	0.0067837	994.72	1184.7	2.8437	1.0396	1.2776	501.40	0.25783	41.906	0.071903	supercritical
946.67	28.000	147.14	0.0067962	996.50	1186.8	2.8460	1.0401	1.2779	501.80	0.25551	41.949	0.072008	supercritical
948.33	28.000	146.87	0.0068088	998.28	1188.9	2.8482	1.0405	1.2781	502.20	0.25319	41.992	0.072113	supercritical
950.00	28.000	146.60	0.0068213	1000.1	1191.1	2.8505	1.0410	1.2784	502.60	0.25089	42.035	0.072219	supercritical
951.67	28.000	146.33	0.0068338	1001.8	1193.2	2.8527	1.0415	1.2786	503.00	0.24860	42.078	0.072324	supercritical
953.33	28.000	146.06	0.0068464	1003.6	1195.3	2.8550	1.0419	1.2789	503.40	0.24631	42.120	0.072429	supercritical
955.00	28.000	145.80	0.0068589	1005.4	1197.4	2.8572	1.0424	1.2791	503.80	0.24404	42.163	0.072534	supercritical
956.67	28.000	145.53	0.0068714	1007.2	1199.6	2.8594	1.0428	1.2793	504.19	0.24178	42.206	0.072639	supercritical
958.33	28.000	145.27	0.0068839	1009.0	1201.7	2.8616	1.0432	1.2796	504.59	0.23953	42.249	0.072744	supercritical
960.00	28.000	145.00	0.0068964	1010.7	1203.8	2.8639	1.0437	1.2798	504.99	0.23729	42.291	0.072850	supercritical
961.67	28.000	144.74	0.0069089	1012.5	1206.0	2.8661	1.0441	1.2801	505.38	0.23505	42.334	0.072955	supercritical
963.33	28.000	144.48	0.0069214	1014.3	1208.1	2.8683	1.0446	1.2803	505.78	0.23283	42.377	0.073060	supercritical
965.00	28.000	144.22	0.0069339	1016.1	1210.2	2.8705	1.0450	1.2805	506.18	0.23062	42.420	0.073165	supercritical
966.67	28.000	143.96	0.0069464	1017.9	1212.4	2.8727	1.0455	1.2808	506.57	0.22842	42.462	0.073270	supercritical
968.33	28.000	143.70	0.0069588	1019.7	1214.5	2.8749	1.0459	1.2810	506.97	0.22622	42.505	0.073375	supercritical
970.00	28.000	143.44	0.0069713	1021.5	1216.6	2.8771	1.0463	1.2813	507.36	0.22404	42.548	0.073480	supercritical
971.67	28.000	143.19	0.0069838	1023.2	1218.8	2.8793	1.0468	1.2815	507.75	0.22186	42.590	0.073585	supercritical
973.33	28.000	142.93	0.0069963	1025.0	1220.9	2.8815	1.0472	1.2818	508.15	0.21970	42.633	0.073690	supercritical
975.00	28.000	142.68	0.0070087	1026.8	1223.1	2.8837	1.0477	1.2820	508.54	0.21754	42.676	0.073795	supercritical
976.67	28.000	142.43	0.0070212	1028.6	1225.2	2.8859	1.0481	1.2823	508.93	0.21540	42.719	0.073900	supercritical
978.33	28.000	142.17	0.0070336	1030.4	1227.3	2.8881	1.0485	1.2825	509.33	0.21326	42.761	0.074005	supercritical
980.00	28.000	141.92	0.0070461	1032.2	1229.5	2.8903	1.0490	1.2827	509.72	0.21113	42.804	0.074110	supercritical
981.67	28.000	141.67	0.0070585	1034.0	1231.6	2.8925	1.0494	1.2830	510.11	0.20902	42.847	0.074215	supercritical
983.33	28.000	141.42	0.0070709	1035.8	1233.7	2.8946	1.0498	1.2832	510.50	0.20691	42.889	0.074320	supercritical
985.00	28.000	141.18	0.0070834	1037.6	1235.9	2.8968	1.0502	1.2835	510.89	0.20481	42.932	0.074425	supercritical
986.67	28.000	140.93	0.0070958	1039.3	1238.0	2.8990	1.0507	1.2837	511.28	0.20272	42.974	0.074530	supercritical
988.33	28.000	140.68	0.0071082	1041.1	1240.2	2.9012	1.0511	1.2840	511.67	0.20063	43.017	0.074635	supercritical
990.00	28.000	140.44	0.0071206	1042.9	1242.3	2.9033	1.0515	1.2842	512.06	0.19856	43.060	0.074740	supercritical
991.67	28.000	140.19	0.0071331	1044.7	1244.4	2.9055	1.0520	1.2845	512.45	0.19650	43.102	0.074845	supercritical
993.33	28.000	139.95	0.0071455	1046.5	1246.6	2.9076	1.0524	1.2847	512.84	0.19444	43.145	0.074950	supercritical
995.00	28.000	139.71	0.0071579	1048.3	1248.7	2.9098	1.0528	1.2849	513.23	0.19240	43.187	0.075055	supercritical
996.67	28.000	139.46	0.0071703	1050.1	1250.9	2.9119	1.0532	1.2852	513.61	0.19036	43.230	0.075160	supercritical
998.33	28.000	139.22	0.0071827	1051.9	1253.0	2.9141	1.0536	1.2854	514.00	0.18833	43.273	0.075264	supercritical
1000.0	28.000	138.98	0.0071951	1053.7	1255.2	2.9162	1.0541	1.2857	514.39	0.18631	43.315	0.075369	supercritical
1001.7	28.000	138.75	0.0072075	1055.5	1257.3	2.9184	1.0545	1.2859	514.78	0.18430	43.358	0.075474	supercritical
1003.3	28.000	138.51	0.0072198	1057.3	1259.4	2.9205	1.0549	1.2862	515.16	0.18229	43.400	0.075579	supercritical
1005.0	28.000	138.27	0.0072322	1059.1	1261.6	2.9226	1.0553	1.2864	515.55	0.18030	43.443	0.075684	supercritical
1006.7	28.000	138.03	0.0072446	1060.9	1263.7	2.9248	1.0557	1.2867	515.93	0.17831	43.485	0.075788	supercritical
1008.3	28.000	137.80	0.0072570	1062.7	1265.9	2.9269	1.0561	1.2869	516.32	0.17633	43.528	0.075893	supercritical
1010.0	28.000	137.56	0.0072693	1064.5	1268.0	2.9290	1.0566	1.2871	516.70	0.17436	43.570	0.075998	supercritical
1011.7	28.000	137.33	0.0072817	1066.3	1270.2	2.9312	1.0570	1.2874	517.09	0.17240	43.613	0.076102	supercritical
1013.3	28.000	137.10	0.0072941	1068.1	1272.3	2.9333	1.0574	1.2876	517.47	0.17044	43.655	0.076207	supercritical
1015.0	28.000	136.87	0.0073064	1069.9	1274.5	2.9354	1.0578	1.2879	517.85	0.16850	43.698	0.076312	supercritical
1016.7	28.000	136.63	0.0073188	1071.7	1276.6	2.9375	1.0582	1.2881	518.24	0.16656	43.740	0.076416	supercritical
1018.3	28.000	136.40	0.0073311	1073.5	1278.7	2.9396	1.0586	1.2884	518.62	0.16463	43.782	0.076521	supercritical
1020.0	28.000	136.18	0.0073435	1075.3	1280.9	2.9417	1.0590	1.2886	519.00	0.16271	43.825	0.076625	supercritical
1021.7	28.000	135.95	0.0073558	1077.1	1283.0	2.9438	1.0594	1.2889	519.38	0.16080	43.867	0.076730	supercritical
1023.3	28.000	135.72	0.0073681	1078.9	1285.2	2.9459	1.0598	1.2891	519.77	0.15889	43.910	0.076834	supercritical
1025.0	28.000	135.49	0.0073805	1080.7	1287.3	2.9480	1.0602	1.2893	520.15	0.15699	43.952	0.076939	supercritical
1026.7	28.000	135.27	0.0073928	1082.5	1289.5	2.9501	1.0606	1.2896	520.53	0.15510	43.994	0.077043	supercritical
1028.3	28.000	135.04	0.0074051	1084.3	1291.6	2.9522	1.0610	1.2898	520.91	0.15322	44.037	0.077148	supercritical
1030.0	28.000	134.82	0.0074174	1086.1	1293.8	2.9543	1.0614	1.2901	521.29	0.15134	44.079	0.077252	supercritical
1031.7	28.000	134.59	0.0074298	1087.9	1295.9	2.9564	1.0618	1.2903	521.67	0.14948	44.121	0.077356	supercritical
1033.3	28.000	134.37	0.0074421	1089.7	1298.1	2.9585	1.0622	1.2906	522.05	0.14762	44.164	0.077461	supercritical
1035.0	28.000	134.15	0.0074544	1091.5	1300.2	2.9605	1.0626	1.2908	522.42	0.14577	44.206	0.077565	supercritical
1036.7	28.000	133.93	0.0074667	1093.3	1302.4	2.9626	1.0630	1.2910	522.80	0.14392	44.248	0.077669	supercritical
1038.3	28.000	133.71	0.0074790	1095.1	1304.5	2.9647	1.0634	1.2913	523.18	0.14208	44.291	0.077774	supercritical
1040.0	28.000	133.49	0.0074913	1096.9	1306.7	2.9668	1.0638	1.2915	523.56	0.14025	44.333	0.077878	supercritical
1041.7	28.000	133.27	0.0075036	1098.8	1308.9	2.9688	1.0642	1.2918	523.94	0.13843	44.375	0.077982	supercritical
1043.3	28.000	133.05	0.0075159	1100.6	1311.0	2.9709	1.0646	1.2920	524.31	0.13662	44.418	0.078086	supercritical
1045.0	28.000	132.83	0.0075282	1102.4	1313.2	2.9730	1.0650	1.2923	524.69	0.13481	44.460	0.078191	supercritical
1046.7	28.000	132.62	0.0075404	1104.2	1315.3	2.9750	1.0654	1.2925	525.07	0.13301	44.502	0.078295	supercritical
1048.3	28.000	132.40	0.0075527	1106.0	1317.5	2.9771	1.0658	1.2927	525.44	0.13122	44.544	0.078399	supercritical
1050.0	28.000	132.19	0.0075650	1107.8	1319.6	2.9791	1.0661	1.2930	525.82	0.12943	44.587	0.078503	supercritical
1051.7	28.000	131.97	0.0075773	1109.6	1321.8	2.9812	1.0665	1.2932	526.19	0.12765	44.629	0.078607	supercritical
1053.3	28.000	131.76	0.0075895	1111.4	1323.9	2.9832	1.0669	1.2935	526.57	0.12588	44.671	0.078711	supercritical
1055.0	28.000	131.55	0.0076018	1113.2	1326.1	2.9853	1.0673	1.2937	526.94	0.12412	44.713	0.078815	supercritical
1056.7	28.000	131.34	0.0076141	1115.1	1328.2	2.9873	1.0677	1.2939	527.32	0.12236	44.755	0.078919	supercritical
1058.3	28.000	131.12	0.0076263	1116.9	1330.4	2.9894	1.0681	1.2942	527.69	0.12061	44.797	0.079023	supercritical
1060.0	28.000	130.91	0.0076386	1118.7	1332.6	2.9914	1.0685	1.2944	528.06	0.11887	44.840	0.079127	supercritical
1061.7	28.000	130.70	0.0076508	1120.5	1334.7	2.9934	1.0688	1.2947	528.44	0.11713	44.882	0.079231	supercritical
1063.3	28.000	130.50	0.0076631	1122.3	1336.9	2.9955	1.0692	1.2949	528.81	0.11540	44.924	0.079335	supercritical
1065.0	28.000	130.29	0.0076753	1124.1	1339.0	2.9975	1.0696	1.2951	529.18	0.11368	44.966	0.079438	supercritical
1066.7	28.000	130.08	0.0076876	1125.9	1341.2	2.9995	1.0700	1.2954	529.55	0.11196	45.008	0.079542	supercritical
1068.3	28.000	129.87	0.0076998	1127.8	1343.3	3.0015	1.0703	1.2956	529.92	0.11025	45.050	0.079646	supercritical
1070.0	28.000	129.67	0.0077120	1129.6	1345.5	3.0036	1.0707	1.2959	530.29	0.10855	45.092	0.079750	supercritical
1071.7	28.000	129.46	0.0077243	1131.4	1347.7	3.0056	1.0711	1.2961	530.67	0.10685	45.134	0.079853	supercritical
1073.3	28.000	129.26	0.0077365	1133.2	1349.8	3.0076	1.0715	1.2963	531.04	0.10516	45.176	0.079957	supercritical
1075.0	28.000	129.05	0.0077487	1135.0	1352.0	3.0096	1.0718	1.2966	531.41	0.10348	45.218	0.080061	supercritical
1076.7	28.000	128.85	0.0077609	1136.8	1354.2	3.0116	1.0722	1.2968	531.78	0.10180	45.260	0.080164	supercritical
1078.3	28.000	128.65	0.0077731	1138.7	1356.3	3.0136	1.0726	1.2971	532.14	0.10013	45.302	0.080268	supercritical
1080.0	28.000	128.45	0.0077854	1140.5	1358.5	3.0156	1.0730	1.2973	532.51	0.098468	45.344	0.080372	supercritical
1081.7	28.000	128.25	0.0077976	1142.3	1360.6	3.0176	1.0733	1.2975	532.88	0.096811	45.386	0.080475	supercritical
1083.3	28.000	128.04	0.0078098	1144.1	1362.8	3.0196	1.0737	1.2978	533.25	0.095160	45.428	0.080579	supercritical
1085.0	28.000	127.85	0.0078220	1145.9	1365.0	3.0216	1.0741	1.2980	533.62	0.093516	45.470	0.080682	supercritical
1086.7	28.000	127.65	0.0078342	1147.8	1367.1	3.0236	1.0744	1.2983	533.99	0.091878	45.512	0.080785	supercritical
1088.3	28.000	127.45	0.0078464	1149.6	1369.3	3.0256	1.0748	1.2985	534.35	0.090246	45.554	0.080889	supercritical
1090.0	28.000	127.25	0.0078586	1151.4	1371.5	3.0276	1.0752	1.2987	534.72	0.088621	45.596	0.080992	supercritical
1091.7	28.000	127.05	0.0078708	1153.2	1373.6	3.0296	1.0755	1.2990	535.09	0.087001	45.638	0.081096	supercritical
1093.3	28.000	126.86	0.0078829	1155.1	1375.8	3.0315	1.0759	1.2992	535.45	0.085388	45.680	0.081199	supercritical
1095.0	28.000	126.66	0.0078951	1156.9	1378.0	3.0335	1.0762	1.2994	535.82	0.083781	45.722	0.081302	supercritical
1096.7	28.000	126.47	0.0079073	1158.7	1380.1	3.0355	1.0766	1.2997	536.19	0.082180	45.763	0.081405	supercritical
1098.3	28.000	126.27	0.0079195	1160.5	1382.3	3.0375	1.0770	1.2999	536.55	0.080586	45.805	0.081509	supercritical
1100.0	28.000	126.08	0.0079317	1162.4	1384.4	3.0394	1.0773	1.3001	536.92	0.078997	45.847	0.081612	supercritical
1101.7	28.000	125.88	0.0079438	1164.2	1386.6	3.0414	1.0777	1.3004	537.28	0.077414	45.889	0.081715	supercritical
1103.3	28.000	125.69	0.0079560	1166.0	1388.8	3.0434	1.0780	1.3006	537.65	0.075838	45.931	0.081818	supercritical
1105.0	28.000	125.50	0.0079682	1167.8	1391.0	3.0453	1.0784	1.3008	538.01	0.074267	45.973	0.081921	supercritical
1106.7	28.000	125.31	0.0079803	1169.7	1393.1	3.0473	1.0787	1.3011	538.37	0.072702	46.014	0.082024	supercritical
1108.3	28.000	125.12	0.0079925	1171.5	1395.3	3.0493	1.0791	1.3013	538.74	0.071143	46.056	0.082127	supercritical
1110.0	28.000	124.93	0.0080046	1173.3	1397.5	3.0512	1.0795	1.3015	539.10	0.069590	46.098	0.082230	supercritical
1111.7	28.000	124.74	0.0080168	1175.2	1399.6	3.0532	1.0798	1.3018	539.46	0.068043	46.140	0.082333	supercritical
1113.3	28.000	124.55	0.0080289	1177.0	1401.8	3.0551	1.0802	1.3020	539.82	0.066501	46.181	0.082436	supercritical
1115.0	28.000	124.36	0.0080411	1178.8	1404.0	3.0571	1.0805	1.3022	540.19	0.064966	46.223	0.082539	supercritical
1116.7	28.000	124.17	0.0080532	1180.6	1406.1	3.0590	1.0809	1.3025	540.55	0.063435	46.265	0.082641	supercritical
1118.3	28.000	123.99	0.0080654	1182.5	1408.3	3.0610	1.0812	1.3027	540.91	0.061911	46.306	0.082744	supercritical
1120.0	28.000	123.80	0.0080775	1184.3	1410.5	3.0629	1.0816	1.3029	541.27	0.060392	46.348	0.082847	supercritical
1121.7	28.000	123.61	0.0080897	1186.1	1412.7	3.0648	1.0819	1.3032	541.63	0.058879	46.390	0.082950	supercritical
1123.3	28.000	123.43	0.0081018	1188.0	1414.8	3.0668	1.0822	1.3034	541.99	0.057372	46.431	0.083052	supercritical
1125.0	28.000	123.25	0.0081139	1189.8	1417.0	3.0687	1.0826	1.3036	542.35	0.055870	46.473	0.083155	supercritical
1126.7	28.000	123.06	0.0081260	1191.6	1419.2	3.0706	1.0829	1.3039	542.71	0.054374	46.515	0.083258	supercritical
1128.3	28.000	122.88	0.0081382	1193.5	1421.3	3.0726	1.0833	1.3041	543.07	0.052883	46.556	0.083360	supercritical
1130.0	28.000	122.70	0.0081503	1195.3	1423.5	3.0745	1.0836	1.3043	543.43	0.051397	46.598	0.083463	supercritical
1131.7	28.000	122.51	0.0081624	1197.1	1425.7	3.0764	1.0840	1.3046	543.79	0.049917	46.639	0.083565	supercritical
1133.3	28.000	122.33	0.0081745	1199.0	1427.9	3.0783	1.0843	1.3048	544.15	0.048443	46.681	0.083668	supercritical
1135.0	28.000	122.15	0.0081866	1200.8	1430.0	3.0802	1.0846	1.3050	544.51	0.046974	46.722	0.083770	supercritical
1136.7	28.000	121.97	0.0081987	1202.7	1432.2	3.0822	1.0850	1.3052	544.86	0.045510	46.764	0.083872	supercritical
1138.3	28.000	121.79	0.0082109	1204.5	1434.4	3.0841	1.0853	1.3055	545.22	0.044051	46.806	0.083975	supercritical
1140.0	28.000	121.61	0.0082230	1206.3	1436.6	3.0860	1.0856	1.3057	545.58	0.042598	46.847	0.084077	supercritical
1141.7	28.000	121.43	0.0082351	1208.2	1438.7	3.0879	1.0860	1.3059	545.94	0.041150	46.889	0.084179	supercritical
1143.3	28.000	121.25	0.0082472	1210.0	1440.9	3.0898	1.0863	1.3061	546.29	0.039708	46.930	0.084282	supercritical
1145.0	28.000	121.08	0.0082593	1211.8	1443.1	3.0917	1.0867	1.3064	546.65	0.038270	46.971	0.084384	supercritical
1146.7	28.000	120.90	0.0082713	1213.7	1445.3	3.0936	1.0870	1.3066	547.01	0.036838	47.013	0.084486	supercritical
1148.3	28.000	120.72	0.0082834	1215.5	1447.5	3.0955	1.0873	1.3068	547.36	0.035411	47.054	0.084588	supercritical
1150.0	28.000	120.55	0.0082955	1217.4	1449.6	3.0974	1.0876	1.3071	547.72	0.033989	47.096	0.084690	supercritical
1151.7	28.000	120.37	0.0083076	1219.2	1451.8	3.0993	1.0880	1.3073	548.07	0.032572	47.137	0.084792	supercritical
1153.3	28.000	120.20	0.0083197	1221.0	1454.0	3.1012	1.0883	1.3075	548.43	0.031160	47.179	0.084894	supercritical
1155.0	28.000	120.02	0.0083318	1222.9	1456.2	3.1031	1.0886	1.3077	548.78	0.029753	47.220	0.084996	supercritical
1156.7	28.000	119.85	0.0083439	1224.7	1458.3	3.1050	1.0890	1.3080	549.14	0.028352	47.261	0.085098	supercritical
1158.3	28.000	119.68	0.0083559	1226.6	1460.5	3.1068	1.0893	1.3082	549.49	0.026955	47.303	0.085200	supercritical
1160.0	28.000	119.50	0.0083680	1228.4	1462.7	3.1087	1.0896	1.3084	549.84	0.025563	47.344	0.085302	supercritical
1161.7	28.000	119.33	0.0083801	1230.2	1464.9	3.1106	1.0899	1.3086	550.20	0.024176	47.385	0.085404	supercritical
1163.3	28.000	119.16	0.0083921	1232.1	1467.1	3.1125	1.0903	1.3089	550.55	0.022794	47.427	0.085505	supercritical
1165.0	28.000	118.99	0.0084042	1233.9	1469.3	3.1143	1.0906	1.3091	550.90	0.021417	47.468	0.085607	supercritical
1166.7	28.000	118.82	0.0084163	1235.8	1471.4	3.1162	1.0909	1.3093	551.25	0.020045	47.509	0.085709	supercritical
1168.3	28.000	118.65	0.0084283	1237.6	1473.6	3.1181	1.0912	1.3095	551.61	0.018678	47.550	0.085811	supercritical
1170.0	28.000	118.48	0.0084404	1239.5	1475.8	3.1200	1.0916	1.3097	551.96	0.017315	47.592	0.085912	supercritical
1171.7	28.000	118.31	0.0084524	1241.3	1478.0	3.1218	1.0919	1.3100	552.31	0.015958	47.633	0.086014	supercritical
1173.3	28.000	118.14	0.0084645	1243.2	1480.2	3.1237	1.0922	1.3102	552.66	0.014605	47.674	0.086115	supercritical
1175.0	28.000	117.97	0.0084765	1245.0	1482.3	3.1255	1.0925	1.3104	553.01	0.013256	47.715	0.086217	supercritical
1176.7	28.000	117.81	0.0084886	1246.9	1484.5	3.1274	1.0928	1.3106	553.36	0.011913	47.757	0.086318	supercritical
1178.3	28.000	117.64	0.0085006	1248.7	1486.7	3.1293	1.0932	1.3108	553.71	0.010574	47.798	0.086420	supercritical
1180.0	28.000	117.47	0.0085127	1250.5	1488.9	3.1311	1.0935	1.3111	554.06	0.0092400	47.839	0.086521	supercritical
1181.7	28.000	117.31	0.0085247	1252.4	1491.1	3.1330	1.0938	1.3113	554.41	0.0079105	47.880	0.086622	supercritical
1183.3	28.000	117.14	0.0085367	1254.2	1493.3	3.1348	1.0941	1.3115	554.76	0.0065857	47.921	0.086724	supercritical
1185.0	28.000	116.98	0.0085488	1256.1	1495.5	3.1367	1.0944	1.3117	555.11	0.0052654	47.962	0.086825	supercritical
1186.7	28.000	116.81	0.0085608	1257.9	1497.6	3.1385	1.0947	1.3119	555.46	0.0039497	48.003	0.086926	supercritical
1188.3	28.000	116.65	0.0085728	1259.8	1499.8	3.1403	1.0950	1.3122	555.81	0.0026385	48.045	0.087027	supercritical
1190.0	28.000	116.48	0.0085849	1261.6	1502.0	3.1422	1.0953	1.3124	556.16	0.0013319	48.086	0.087129	supercritical
1191.7	28.000	116.32	0.0085969	1263.5	1504.2	3.1440	1.0957	1.3126	556.51	2.9745e-05	48.127	0.087230	supercritical
1193.3	28.000	116.16	0.0086089	1265.3	1506.4	3.1458	1.0960	1.3128	556.85	-0.0012679	48.168	0.087331	supercritical
1195.0	28.000	116.00	0.0086209	1267.2	1508.6	3.1477	1.0963	1.3130	557.20	-0.0025611	48.209	0.087432	supercritical
1196.7	28.000	115.84	0.0086330	1269.0	1510.8	3.1495	1.0966	1.3132	557.55	-0.0038499	48.250	0.087533	supercritical
1198.3	28.000	115.67	0.0086450	1270.9	1513.0	3.1513	1.0969	1.3135	557.90	-0.0051343	48.291	0.087634	supercritical
1200.0	28.000	115.51	0.0086570	1272.8	1515.2	3.1532	1.0972	1.3137	558.24	-0.0064142	48.332	0.087735	supercritical
1201.7	28.000	115.35	0.0086690	1274.6	1517.3	3.1550	1.0975	1.3139	558.59	-0.0076899	48.373	0.087835	supercritical
1203.3	28.000	115.19	0.0086810	1276.5	1519.5	3.1568	1.0978	1.3141	558.94	-0.0089611	48.414	0.087936	supercritical
1205.0	28.000	115.03	0.0086930	1278.3	1521.7	3.1586	1.0981	1.3143	559.28	-0.010228	48.455	0.088037	supercritical
1206.7	28.000	114.88	0.0087050	1280.2	1523.9	3.1604	1.0984	1.3145	559.63	-0.011491	48.496	0.088138	supercritical
1208.3	28.000	114.72	0.0087170	1282.0	1526.1	3.1623	1.0987	1.3147	559.97	-0.012749	48.537	0.088238	supercritical
1210.0	28.000	114.56	0.0087290	1283.9	1528.3	3.1641	1.0990	1.3150	560.32	-0.014003	48.577	0.088339	supercritical
1211.7	28.000	114.40	0.0087410	1285.7	1530.5	3.1659	1.0993	1.3152	560.66	-0.015253	48.618	0.088440	supercritical
1213.3	28.000	114.25	0.0087530	1287.6	1532.7	3.1677	1.0996	1.3154	561.01	-0.016499	48.659	0.088540	supercritical
1215.0	28.000	114.09	0.0087650	1289.4	1534.9	3.1695	1.0999	1.3156	561.35	-0.017740	48.700	0.088641	supercritical
1216.7	28.000	113.93	0.0087770	1291.3	1537.1	3.1713	1.1002	1.3158	561.70	-0.018978	48.741	0.088741	supercritical
1218.3	28.000	113.78	0.0087890	1293.2	1539.3	3.1731	1.1005	1.3160	562.04	-0.020211	48.782	0.088842	supercritical
1220.0	28.000	113.62	0.0088010	1295.0	1541.4	3.1749	1.1008	1.3162	562.38	-0.021440	48.823	0.088942	supercritical
1221.7	28.000	113.47	0.0088129	1296.9	1543.6	3.1767	1.1011	1.3164	562.73	-0.022665	48.863	0.089043	supercritical
1223.3	28.000	113.32	0.0088249	1298.7	1545.8	3.1785	1.1014	1.3167	563.07	-0.023886	48.904	0.089143	supercritical
1225.0	28.000	113.16	0.0088369	1300.6	1548.0	3.1803	1.1017	1.3169	563.41	-0.025102	48.945	0.089243	supercritical
1226.7	28.000	113.01	0.0088489	1302.5	1550.2	3.1821	1.1020	1.3171	563.75	-0.026315	48.986	0.089343	supercritical
1228.3	28.000	112.86	0.0088609	1304.3	1552.4	3.1839	1.1023	1.3173	564.10	-0.027524	49.027	0.089444	supercritical
1230.0	28.000	112.70	0.0088728	1306.2	1554.6	3.1857	1.1026	1.3175	564.44	-0.028729	49.067	0.089544	supercritical
1231.7	28.000	112.55	0.0088848	1308.0	1556.8	3.1874	1.1029	1.3177	564.78	-0.029929	49.108	0.089644	supercritical
1233.3	28.000	112.40	0.0088968	1309.9	1559.0	3.1892	1.1032	1.3179	565.12	-0.031126	49.149	0.089744	supercritical
1235.0	28.000	112.25	0.0089087	1311.8	1561.2	3.1910	1.1034	1.3181	565.46	-0.032319	49.189	0.089844	supercritical
1236.7	28.000	112.10	0.0089207	1313.6	1563.4	3.1928	1.1037	1.3183	565.80	-0.033508	49.230	0.089944	supercritical
1238.3	28.000	111.95	0.0089327	1315.5	1565.6	3.1946	1.1040	1.3185	566.14	-0.034693	49.271	0.090044	supercritical
1240.0	28.000	111.80	0.0089446	1317.3	1567.8	3.1963	1.1043	1.3187	566.48	-0.035874	49.311	0.090144	supercritical
1241.7	28.000	111.65	0.0089566	1319.2	1570.0	3.1981	1.1046	1.3189	566.82	-0.037051	49.352	0.090244	supercritical
1243.3	28.000	111.50	0.0089685	1321.1	1572.2	3.1999	1.1049	1.3192	567.16	-0.038224	49.393	0.090343	supercritical
1245.0	28.000	111.35	0.0089805	1322.9	1574.4	3.2016	1.1052	1.3194	567.50	-0.039394	49.433	0.090443	supercritical
1246.7	28.000	111.20	0.0089924	1324.8	1576.6	3.2034	1.1055	1.3196	567.84	-0.040560	49.474	0.090543	supercritical
1248.3	28.000	111.06	0.0090044	1326.7	1578.8	3.2052	1.1057	1.3198	568.18	-0.041722	49.514	0.090643	supercritical
1250.0	28.000	110.91	0.0090163	1328.5	1581.0	3.2069	1.1060	1.3200	568.52	-0.042880	49.555	0.090742	supercritical
1251.7	28.000	110.76	0.0090283	1330.4	1583.2	3.2087	1.1063	1.3202	568.86	-0.044034	49.596	0.090842	supercritical
1253.3	28.000	110.62	0.0090402	1332.3	1585.4	3.2104	1.1066	1.3204	569.20	-0.045185	49.636	0.090941	supercritical
1255.0	28.000	110.47	0.0090522	1334.1	1587.6	3.2122	1.1069	1.3206	569.53	-0.046332	49.677	0.091041	supercritical
1256.7	28.000	110.33	0.0090641	1336.0	1589.8	3.2139	1.1072	1.3208	569.87	-0.047475	49.717	0.091140	supercritical
1258.3	28.000	110.18	0.0090760	1337.9	1592.0	3.2157	1.1074	1.3210	570.21	-0.048614	49.758	0.091240	supercritical
1260.0	28.000	110.04	0.0090880	1339.7	1594.2	3.2174	1.1077	1.3212	570.55	-0.049750	49.798	0.091339	supercritical
1261.7	28.000	109.89	0.0090999	1341.6	1596.4	3.2192	1.1080	1.3214	570.88	-0.050883	49.839	0.091439	supercritical
1263.3	28.000	109.75	0.0091118	1343.5	1598.6	3.2209	1.1083	1.3216	571.22	-0.052011	49.879	0.091538	supercritical
1265.0	28.000	109.60	0.0091238	1345.3	1600.8	3.2227	1.1085	1.3218	571.56	-0.053136	49.919	0.091637	supercritical
1266.7	28.000	109.46	0.0091357	1347.2	1603.0	3.2244	1.1088	1.3220	571.89	-0.054258	49.960	0.091736	supercritical
1268.3	28.000	109.32	0.0091476	1349.1	1605.2	3.2262	1.1091	1.3222	572.23	-0.055375	50.000	0.091836	supercritical
1270.0	28.000	109.18	0.0091595	1350.9	1607.4	3.2279	1.1094	1.3224	572.56	-0.056490	50.041	0.091935	supercritical
1271.7	28.000	109.03	0.0091715	1352.8	1609.6	3.2296	1.1096	1.3226	572.90	-0.057600	50.081	0.092034	supercritical
1273.3	28.000	108.89	0.0091834	1354.7	1611.8	3.2314	1.1099	1.3228	573.23	-0.058707	50.121	0.092133	supercritical
1275.0	28.000	108.75	0.0091953	1356.6	1614.0	3.2331	1.1102	1.3230	573.57	-0.059811	50.162	0.092232	supercritical
1276.7	28.000	108.61	0.0092072	1358.4	1616.2	3.2348	1.1105	1.3232	573.90	-0.060911	50.202	0.092331	supercritical
1278.3	28.000	108.47	0.0092191	1360.3	1618.4	3.2365	1.1107	1.3234	574.24	-0.062008	50.242	0.092430	supercritical
1280.0	28.000	108.33	0.0092310	1362.2	1620.6	3.2383	1.1110	1.3236	574.57	-0.063101	50.283	0.092529	supercritical
1281.7	28.000	108.19	0.0092430	1364.0	1622.9	3.2400	1.1113	1.3238	574.91	-0.064191	50.323	0.092627	supercritical
1283.3	28.000	108.05	0.0092549	1365.9	1625.1	3.2417	1.1115	1.3240	575.24	-0.065277	50.363	0.092726	supercritical
1285.0	28.000	107.91	0.0092668	1367.8	1627.3	3.2434	1.1118	1.3242	575.57	-0.066360	50.404	0.092825	supercritical
1286.7	28.000	107.77	0.0092787	1369.7	1629.5	3.2451	1.1121	1.3244	575.91	-0.067440	50.444	0.092924	supercritical
1288.3	28.000	107.64	0.0092906	1371.5	1631.7	3.2469	1.1123	1.3246	576.24	-0.068516	50.484	0.093022	supercritical
1290.0	28.000	107.50	0.0093025	1373.4	1633.9	3.2486	1.1126	1.3248	576.57	-0.069589	50.524	0.093121	supercritical
1291.7	28.000	107.36	0.0093144	1375.3	1636.1	3.2503	1.1129	1.3250	576.90	-0.070658	50.564	0.093220	supercritical
1293.3	28.000	107.22	0.0093263	1377.2	1638.3	3.2520	1.1131	1.3252	577.24	-0.071724	50.605	0.093318	supercritical
1295.0	28.000	107.09	0.0093382	1379.0	1640.5	3.2537	1.1134	1.3254	577.57	-0.072787	50.645	0.093417	supercritical
1296.7	28.000	106.95	0.0093501	1380.9	1642.7	3.2554	1.1137	1.3256	577.90	-0.073846	50.685	0.093515	supercritical
1298.3	28.000	106.82	0.0093620	1382.8	1644.9	3.2571	1.1139	1.3257	578.23	-0.074903	50.725	0.093613	supercritical
1300.0	28.000	106.68	0.0093738	1384.7	1647.1	3.2588	1.1142	1.3259	578.56	-0.075955	50.765	0.093712	supercritical