Temperature (K)	Pressure (MPa)	Density (kg/m3)	Volume (m3/kg)	Internal Energy (kJ/kg)	Enthalpy (kJ/kg)	Entropy (J/g*K)	Cv (J/g*K)	Cp (J/g*K)	Sound Spd. (m/s)	Joule-Thomson (K/MPa)	Viscosity (uPa*s)	Therm. Cond. (W/m*K)	Phase
300.00	29.000	955.18	0.0010469	214.52	244.88	1.0621	0.91644	1.9328	677.54	0.099422	107.77	0.11675	liquid
301.67	29.000	948.88	0.0010539	217.54	248.10	1.0729	0.91581	1.9377	669.73	0.11197	105.86	0.11541	liquid
303.33	29.000	942.54	0.0010610	220.57	251.34	1.0836	0.91522	1.9427	661.98	0.12491	103.98	0.11408	liquid
305.00	29.000	936.15	0.0010682	223.60	254.58	1.0942	0.91465	1.9479	654.28	0.13823	102.15	0.11276	supercritical
306.67	29.000	929.73	0.0010756	226.64	257.83	1.1048	0.91411	1.9531	646.65	0.15196	100.36	0.11145	supercritical
308.33	29.000	923.26	0.0010831	229.68	261.09	1.1154	0.91357	1.9584	639.08	0.16610	98.611	0.11016	supercritical
310.00	29.000	916.75	0.0010908	232.72	264.36	1.1260	0.91304	1.9638	631.57	0.18067	96.897	0.10888	supercritical
311.67	29.000	910.19	0.0010987	235.77	267.63	1.1366	0.91252	1.9692	624.14	0.19567	95.219	0.10761	supercritical
313.33	29.000	903.60	0.0011067	238.83	270.92	1.1471	0.91199	1.9747	616.76	0.21111	93.578	0.10636	supercritical
315.00	29.000	896.96	0.0011149	241.88	274.22	1.1576	0.91145	1.9801	609.46	0.22700	91.970	0.10511	supercritical
316.67	29.000	890.28	0.0011232	244.95	277.52	1.1680	0.91093	1.9856	602.23	0.24334	90.396	0.10389	supercritical
318.33	29.000	883.56	0.0011318	248.01	280.83	1.1785	0.91041	1.9911	595.06	0.26014	88.855	0.10267	supercritical
320.00	29.000	876.79	0.0011405	251.08	284.16	1.1889	0.90990	1.9965	587.97	0.27740	87.345	0.10147	supercritical
321.67	29.000	869.99	0.0011494	254.16	287.49	1.1993	0.90942	2.0020	580.95	0.29512	85.867	0.10028	supercritical
323.33	29.000	863.15	0.0011586	257.23	290.83	1.2096	0.90896	2.0074	574.01	0.31332	84.418	0.099108	supercritical
325.00	29.000	856.26	0.0011679	260.31	294.18	1.2200	0.90855	2.0128	567.14	0.33200	82.999	0.097949	supercritical
326.67	29.000	849.34	0.0011774	263.40	297.54	1.2303	0.90817	2.0182	560.36	0.35116	81.608	0.096804	supercritical
328.33	29.000	842.38	0.0011871	266.48	300.91	1.2405	0.90784	2.0236	553.66	0.37081	80.246	0.095674	supercritical
330.00	29.000	835.38	0.0011971	269.57	304.29	1.2508	0.90755	2.0289	547.05	0.39095	78.910	0.094558	supercritical
331.67	29.000	828.35	0.0012072	272.66	307.67	1.2610	0.90731	2.0343	540.54	0.41159	77.602	0.093458	supercritical
333.33	29.000	821.28	0.0012176	275.76	311.07	1.2713	0.90710	2.0396	534.12	0.43274	76.319	0.092372	supercritical
335.00	29.000	814.18	0.0012282	278.85	314.47	1.2814	0.90692	2.0448	527.81	0.45438	75.062	0.091301	supercritical
336.67	29.000	807.05	0.0012391	281.95	317.88	1.2916	0.90677	2.0500	521.59	0.47653	73.831	0.090245	supercritical
338.33	29.000	799.89	0.0012502	285.05	321.30	1.3017	0.90664	2.0551	515.49	0.49918	72.624	0.089205	supercritical
340.00	29.000	792.71	0.0012615	288.15	324.73	1.3118	0.90652	2.0601	509.50	0.52231	71.441	0.088180	supercritical
341.67	29.000	785.49	0.0012731	291.25	328.17	1.3219	0.90641	2.0649	503.63	0.54592	70.282	0.087171	supercritical
343.33	29.000	778.26	0.0012849	294.35	331.62	1.3320	0.90630	2.0694	497.87	0.56999	69.146	0.086177	supercritical
345.00	29.000	771.00	0.0012970	297.45	335.07	1.3420	0.90619	2.0738	492.24	0.59449	68.034	0.085198	supercritical
346.67	29.000	763.73	0.0013094	300.56	338.53	1.3520	0.90607	2.0778	486.73	0.61939	66.945	0.084236	supercritical
348.33	29.000	756.44	0.0013220	303.66	341.99	1.3620	0.90594	2.0815	481.35	0.64467	65.878	0.083289	supercritical
350.00	29.000	749.14	0.0013349	306.75	345.47	1.3719	0.90581	2.0847	476.11	0.67029	64.834	0.082358	supercritical
351.67	29.000	741.84	0.0013480	309.85	348.94	1.3819	0.90567	2.0876	470.99	0.69620	63.813	0.081443	supercritical
353.33	29.000	734.53	0.0013614	312.94	352.42	1.3917	0.90551	2.0899	466.02	0.72236	62.813	0.080544	supercritical
355.00	29.000	727.23	0.0013751	316.03	355.91	1.4016	0.90535	2.0918	461.19	0.74873	61.837	0.079661	supercritical
356.67	29.000	719.93	0.0013890	319.11	359.40	1.4114	0.90519	2.0930	456.49	0.77525	60.882	0.078795	supercritical
358.33	29.000	712.64	0.0014032	322.19	362.89	1.4211	0.90501	2.0937	451.94	0.80188	59.949	0.077945	supercritical
360.00	29.000	705.37	0.0014177	325.26	366.37	1.4308	0.90483	2.0937	447.54	0.82856	59.039	0.077111	supercritical
361.67	29.000	698.12	0.0014324	328.32	369.86	1.4405	0.90465	2.0932	443.28	0.85526	58.151	0.076293	supercritical
363.33	29.000	690.90	0.0014474	331.38	373.35	1.4501	0.90446	2.0919	439.17	0.88193	57.285	0.075492	supercritical
365.00	29.000	683.70	0.0014626	334.42	376.84	1.4597	0.90427	2.0901	435.20	0.90852	56.440	0.074708	supercritical
366.67	29.000	676.55	0.0014781	337.45	380.32	1.4692	0.90408	2.0876	431.37	0.93499	55.618	0.073939	supercritical
368.33	29.000	669.43	0.0014938	340.47	383.80	1.4787	0.90388	2.0845	427.69	0.96131	54.818	0.073188	supercritical
370.00	29.000	662.36	0.0015097	343.48	387.27	1.4881	0.90368	2.0807	424.15	0.98743	54.039	0.072453	supercritical
371.67	29.000	655.35	0.0015259	346.48	390.73	1.4974	0.90348	2.0764	420.75	1.0133	53.282	0.071734	supercritical
373.33	29.000	648.38	0.0015423	349.46	394.19	1.5067	0.90328	2.0715	417.49	1.0390	52.546	0.071031	supercritical
375.00	29.000	641.48	0.0015589	352.43	397.64	1.5159	0.90308	2.0660	414.37	1.0643	51.831	0.070345	supercritical
376.67	29.000	634.64	0.0015757	355.38	401.07	1.5251	0.90287	2.0600	411.37	1.0893	51.137	0.069675	supercritical
378.33	29.000	627.87	0.0015927	358.31	404.50	1.5342	0.90266	2.0535	408.51	1.1140	50.464	0.069020	supercritical
380.00	29.000	621.16	0.0016099	361.23	407.92	1.5432	0.90244	2.0465	405.78	1.1382	49.811	0.068382	supercritical
381.67	29.000	614.53	0.0016272	364.13	411.32	1.5521	0.90222	2.0391	403.18	1.1621	49.178	0.067758	supercritical
383.33	29.000	607.98	0.0016448	367.02	414.71	1.5610	0.90200	2.0312	400.69	1.1855	48.566	0.067150	supercritical
385.00	29.000	601.51	0.0016625	369.88	418.09	1.5698	0.90177	2.0230	398.33	1.2084	47.972	0.066558	supercritical
386.67	29.000	595.12	0.0016803	372.73	421.46	1.5785	0.90154	2.0144	396.09	1.2308	47.398	0.065979	supercritical
388.33	29.000	588.81	0.0016983	375.56	424.81	1.5871	0.90130	2.0054	393.96	1.2527	46.842	0.065416	supercritical
390.00	29.000	582.59	0.0017165	378.36	428.14	1.5957	0.90105	1.9961	391.95	1.2741	46.305	0.064867	supercritical
391.67	29.000	576.45	0.0017347	381.15	431.46	1.6042	0.90081	1.9865	390.04	1.2948	45.785	0.064332	supercritical
393.33	29.000	570.41	0.0017531	383.92	434.76	1.6126	0.90055	1.9766	388.24	1.3150	45.284	0.063811	supercritical
395.00	29.000	564.45	0.0017716	386.67	438.05	1.6209	0.90029	1.9665	386.54	1.3345	44.799	0.063304	supercritical
396.67	29.000	558.59	0.0017902	389.40	441.32	1.6292	0.90003	1.9561	384.94	1.3534	44.331	0.062810	supercritical
398.33	29.000	552.82	0.0018089	392.11	444.57	1.6374	0.89976	1.9456	383.43	1.3716	43.880	0.062329	supercritical
400.00	29.000	547.14	0.0018277	394.80	447.80	1.6455	0.89949	1.9348	382.02	1.3892	43.444	0.061861	supercritical
401.67	29.000	541.55	0.0018465	397.47	451.02	1.6535	0.89921	1.9239	380.70	1.4061	43.024	0.061405	supercritical
403.33	29.000	536.06	0.0018655	400.12	454.22	1.6615	0.89893	1.9129	379.46	1.4222	42.619	0.060962	supercritical
405.00	29.000	530.66	0.0018844	402.75	457.40	1.6693	0.89865	1.9017	378.31	1.4377	42.228	0.060531	supercritical
406.67	29.000	525.36	0.0019035	405.36	460.56	1.6771	0.89837	1.8905	377.23	1.4525	41.852	0.060113	supercritical
408.33	29.000	520.14	0.0019225	407.94	463.70	1.6848	0.89809	1.8791	376.23	1.4665	41.490	0.059705	supercritical
410.00	29.000	515.02	0.0019417	410.51	466.82	1.6924	0.89781	1.8678	375.31	1.4799	41.141	0.059309	supercritical
411.67	29.000	509.99	0.0019608	413.06	469.92	1.7000	0.89753	1.8564	374.45	1.4925	40.805	0.058925	supercritical
413.33	29.000	505.06	0.0019800	415.59	473.01	1.7075	0.89725	1.8450	373.67	1.5044	40.481	0.058551	supercritical
415.00	29.000	500.21	0.0019992	418.10	476.07	1.7149	0.89698	1.8336	372.94	1.5156	40.170	0.058188	supercritical
416.67	29.000	495.45	0.0020183	420.59	479.12	1.7222	0.89671	1.8222	372.28	1.5261	39.871	0.057835	supercritical
418.33	29.000	490.79	0.0020375	423.06	482.15	1.7295	0.89644	1.8109	371.68	1.5360	39.583	0.057492	supercritical
420.00	29.000	486.21	0.0020567	425.51	485.16	1.7366	0.89619	1.7996	371.13	1.5451	39.306	0.057159	supercritical
421.67	29.000	481.71	0.0020759	427.94	488.15	1.7437	0.89593	1.7884	370.64	1.5537	39.039	0.056837	supercritical
423.33	29.000	477.30	0.0020951	430.36	491.12	1.7508	0.89569	1.7773	370.20	1.5615	38.783	0.056523	supercritical
425.00	29.000	472.97	0.0021143	432.76	494.07	1.7577	0.89545	1.7663	369.80	1.5687	38.537	0.056218	supercritical
426.67	29.000	468.73	0.0021334	435.14	497.00	1.7646	0.89522	1.7555	369.46	1.5754	38.300	0.055923	supercritical
428.33	29.000	464.56	0.0021526	437.50	499.92	1.7714	0.89500	1.7447	369.15	1.5814	38.073	0.055636	supercritical
430.00	29.000	460.48	0.0021717	439.84	502.82	1.7782	0.89479	1.7341	368.89	1.5868	37.854	0.055357	supercritical
431.67	29.000	456.47	0.0021907	442.17	505.70	1.7849	0.89459	1.7236	368.67	1.5917	37.644	0.055087	supercritical
433.33	29.000	452.54	0.0022098	444.48	508.57	1.7915	0.89440	1.7133	368.49	1.5960	37.443	0.054824	supercritical
435.00	29.000	448.68	0.0022288	446.78	511.41	1.7981	0.89422	1.7031	368.34	1.5998	37.249	0.054569	supercritical
436.67	29.000	444.90	0.0022477	449.06	514.24	1.8046	0.89405	1.6931	368.22	1.6030	37.063	0.054320	supercritical
438.33	29.000	441.18	0.0022666	451.32	517.06	1.8110	0.89390	1.6832	368.14	1.6058	36.884	0.054079	supercritical
440.00	29.000	437.54	0.0022855	453.57	519.85	1.8174	0.89376	1.6735	368.09	1.6081	36.713	0.053843	supercritical
441.67	29.000	433.97	0.0023043	455.81	522.64	1.8237	0.89362	1.6640	368.07	1.6099	36.548	0.053613	supercritical
443.33	29.000	430.46	0.0023231	458.03	525.40	1.8299	0.89350	1.6547	368.08	1.6113	36.390	0.053389	supercritical
445.00	29.000	427.01	0.0023418	460.24	528.15	1.8361	0.89340	1.6455	368.11	1.6123	36.239	0.053169	supercritical
446.67	29.000	423.64	0.0023605	462.43	530.89	1.8422	0.89330	1.6365	368.17	1.6128	36.093	0.052953	supercritical
448.33	29.000	420.32	0.0023792	464.61	533.61	1.8483	0.89322	1.6277	368.25	1.6130	35.954	0.052738	supercritical
450.00	29.000	417.06	0.0023977	466.78	536.31	1.8543	0.89315	1.6190	368.36	1.6128	35.820	0.052525	supercritical
451.67	29.000	413.86	0.0024163	468.93	539.00	1.8603	0.89310	1.6106	368.48	1.6122	35.691	0.052308	supercritical
453.33	29.000	410.72	0.0024347	471.07	541.68	1.8662	0.89306	1.6023	368.63	1.6112	35.568	0.052082	supercritical
455.00	29.000	407.64	0.0024531	473.20	544.34	1.8721	0.89303	1.5942	368.79	1.6100	35.450	0.051828	supercritical
456.67	29.000	404.61	0.0024715	475.32	546.99	1.8779	0.89301	1.5862	368.98	1.6084	35.337	0.051472	supercritical
458.33	29.000	401.64	0.0024898	477.43	549.63	1.8837	0.89301	1.5784	369.18	1.6065	35.229	0.051365	supercritical
460.00	29.000	398.72	0.0025080	479.52	552.26	1.8894	0.89302	1.5708	369.40	1.6043	35.125	0.051263	supercritical
461.67	29.000	395.85	0.0025262	481.61	554.87	1.8951	0.89304	1.5634	369.64	1.6018	35.026	0.051166	supercritical
463.33	29.000	393.02	0.0025444	483.68	557.47	1.9007	0.89308	1.5561	369.89	1.5990	34.931	0.051074	supercritical
465.00	29.000	390.25	0.0025624	485.74	560.05	1.9063	0.89313	1.5490	370.15	1.5960	34.840	0.050987	supercritical
466.67	29.000	387.53	0.0025805	487.80	562.63	1.9118	0.89319	1.5420	370.43	1.5928	34.753	0.050904	supercritical
468.33	29.000	384.85	0.0025984	489.84	565.19	1.9173	0.89326	1.5352	370.72	1.5893	34.670	0.050826	supercritical
470.00	29.000	382.22	0.0026163	491.87	567.75	1.9227	0.89335	1.5286	371.02	1.5856	34.590	0.050752	supercritical
471.67	29.000	379.63	0.0026342	493.90	570.29	1.9281	0.89345	1.5221	371.34	1.5817	34.514	0.050682	supercritical
473.33	29.000	377.08	0.0026520	495.91	572.82	1.9335	0.89356	1.5157	371.67	1.5776	34.442	0.050616	supercritical
475.00	29.000	374.58	0.0026697	497.92	575.34	1.9388	0.89368	1.5095	372.00	1.5733	34.372	0.050555	supercritical
476.67	29.000	372.11	0.0026874	499.92	577.85	1.9441	0.89381	1.5035	372.35	1.5688	34.306	0.050497	supercritical
478.33	29.000	369.69	0.0027050	501.91	580.35	1.9493	0.89396	1.4975	372.71	1.5641	34.243	0.050443	supercritical
480.00	29.000	367.31	0.0027225	503.89	582.85	1.9545	0.89412	1.4918	373.07	1.5593	34.183	0.050392	supercritical
481.67	29.000	364.96	0.0027400	505.87	585.33	1.9597	0.89429	1.4861	373.45	1.5543	34.126	0.050345	supercritical
483.33	29.000	362.65	0.0027575	507.83	587.80	1.9648	0.89447	1.4806	373.83	1.5491	34.072	0.050302	supercritical
485.00	29.000	360.38	0.0027749	509.79	590.26	1.9699	0.89466	1.4752	374.22	1.5438	34.020	0.050261	supercritical
486.67	29.000	358.14	0.0027922	511.74	592.72	1.9749	0.89486	1.4699	374.62	1.5384	33.971	0.050224	supercritical
488.33	29.000	355.94	0.0028095	513.69	595.16	1.9799	0.89507	1.4648	375.03	1.5329	33.925	0.050191	supercritical
490.00	29.000	353.77	0.0028267	515.62	597.60	1.9849	0.89530	1.4598	375.44	1.5272	33.880	0.050160	supercritical
491.67	29.000	351.63	0.0028439	517.56	600.03	1.9899	0.89553	1.4549	375.86	1.5214	33.839	0.050132	supercritical
493.33	29.000	349.53	0.0028610	519.48	602.45	1.9948	0.89578	1.4501	376.28	1.5156	33.799	0.050107	supercritical
495.00	29.000	347.46	0.0028780	521.40	604.86	1.9997	0.89603	1.4454	376.71	1.5096	33.762	0.050085	supercritical
496.67	29.000	345.42	0.0028951	523.31	607.27	2.0045	0.89629	1.4408	377.15	1.5035	33.727	0.050066	supercritical
498.33	29.000	343.40	0.0029120	525.22	609.66	2.0093	0.89657	1.4364	377.59	1.4973	33.694	0.050049	supercritical
500.00	29.000	341.42	0.0029289	527.12	612.05	2.0141	0.89685	1.4320	378.04	1.4911	33.663	0.050035	supercritical
501.67	29.000	339.47	0.0029458	529.01	614.44	2.0189	0.89714	1.4277	378.49	1.4848	33.634	0.050023	supercritical
503.33	29.000	337.54	0.0029626	530.90	616.81	2.0236	0.89744	1.4236	378.94	1.4784	33.606	0.050014	supercritical
505.00	29.000	335.65	0.0029793	532.78	619.18	2.0283	0.89775	1.4195	379.40	1.4719	33.581	0.050007	supercritical
506.67	29.000	333.77	0.0029960	534.66	621.55	2.0330	0.89807	1.4156	379.87	1.4654	33.557	0.050003	supercritical
508.33	29.000	331.93	0.0030127	536.53	623.90	2.0376	0.89840	1.4117	380.33	1.4588	33.535	0.050001	supercritical
510.00	29.000	330.11	0.0030293	538.40	626.25	2.0422	0.89873	1.4079	380.80	1.4521	33.515	0.050001	supercritical
511.67	29.000	328.31	0.0030459	540.26	628.59	2.0468	0.89907	1.4042	381.28	1.4454	33.496	0.050003	supercritical
513.33	29.000	326.55	0.0030624	542.12	630.93	2.0514	0.89942	1.4006	381.76	1.4387	33.479	0.050008	supercritical
515.00	29.000	324.80	0.0030788	543.98	633.26	2.0559	0.89978	1.3971	382.24	1.4319	33.463	0.050014	supercritical
516.67	29.000	323.08	0.0030952	545.83	635.59	2.0604	0.90015	1.3936	382.72	1.4250	33.449	0.050023	supercritical
518.33	29.000	321.38	0.0031116	547.67	637.91	2.0649	0.90052	1.3903	383.21	1.4182	33.437	0.050033	supercritical
520.00	29.000	319.70	0.0031279	549.51	640.22	2.0694	0.90090	1.3870	383.70	1.4112	33.425	0.050045	supercritical
521.67	29.000	318.05	0.0031442	551.35	642.53	2.0738	0.90129	1.3838	384.19	1.4043	33.415	0.050059	supercritical
523.33	29.000	316.41	0.0031604	553.18	644.84	2.0782	0.90169	1.3806	384.68	1.3973	33.406	0.050075	supercritical
525.00	29.000	314.80	0.0031766	555.01	647.13	2.0826	0.90209	1.3776	385.18	1.3904	33.399	0.050093	supercritical
526.67	29.000	313.21	0.0031928	556.84	649.43	2.0870	0.90250	1.3746	385.68	1.3833	33.393	0.050113	supercritical
528.33	29.000	311.64	0.0032089	558.66	651.72	2.0913	0.90291	1.3717	386.18	1.3763	33.388	0.050134	supercritical
530.00	29.000	310.08	0.0032249	560.48	654.00	2.0956	0.90333	1.3688	386.68	1.3693	33.384	0.050157	supercritical
531.67	29.000	308.55	0.0032409	562.29	656.28	2.0999	0.90376	1.3660	387.19	1.3622	33.381	0.050181	supercritical
533.33	29.000	307.04	0.0032569	564.10	658.55	2.1042	0.90419	1.3633	387.69	1.3551	33.379	0.050207	supercritical
535.00	29.000	305.55	0.0032728	565.91	660.82	2.1084	0.90463	1.3606	388.20	1.3480	33.379	0.050235	supercritical
536.67	29.000	304.07	0.0032887	567.72	663.09	2.1127	0.90508	1.3580	388.71	1.3409	33.379	0.050264	supercritical
538.33	29.000	302.61	0.0033046	569.52	665.35	2.1169	0.90553	1.3555	389.22	1.3338	33.381	0.050295	supercritical
540.00	29.000	301.17	0.0033204	571.32	667.61	2.1211	0.90598	1.3530	389.73	1.3267	33.383	0.050327	supercritical
541.67	29.000	299.75	0.0033362	573.11	669.86	2.1252	0.90645	1.3506	390.24	1.3196	33.387	0.050360	supercritical
543.33	29.000	298.34	0.0033519	574.90	672.11	2.1294	0.90691	1.3482	390.76	1.3125	33.391	0.050395	supercritical
545.00	29.000	296.95	0.0033676	576.69	674.35	2.1335	0.90738	1.3459	391.27	1.3054	33.396	0.050431	supercritical
546.67	29.000	295.58	0.0033832	578.48	676.60	2.1376	0.90786	1.3437	391.79	1.2983	33.402	0.050468	supercritical
548.33	29.000	294.22	0.0033988	580.27	678.83	2.1417	0.90834	1.3415	392.30	1.2912	33.409	0.050507	supercritical
550.00	29.000	292.88	0.0034144	582.05	681.07	2.1458	0.90883	1.3393	392.82	1.2841	33.417	0.050547	supercritical
551.67	29.000	291.55	0.0034300	583.83	683.30	2.1498	0.90932	1.3372	393.34	1.2770	33.426	0.050588	supercritical
553.33	29.000	290.24	0.0034455	585.61	685.52	2.1538	0.90981	1.3351	393.86	1.2699	33.435	0.050631	supercritical
555.00	29.000	288.94	0.0034609	587.38	687.75	2.1578	0.91031	1.3331	394.38	1.2629	33.445	0.050674	supercritical
556.67	29.000	287.66	0.0034764	589.15	689.97	2.1618	0.91081	1.3312	394.90	1.2558	33.456	0.050719	supercritical
558.33	29.000	286.39	0.0034918	590.92	692.19	2.1658	0.91132	1.3292	395.42	1.2487	33.468	0.050765	supercritical
560.00	29.000	285.13	0.0035071	592.69	694.40	2.1698	0.91183	1.3274	395.94	1.2417	33.480	0.050812	supercritical
561.67	29.000	283.89	0.0035224	594.46	696.61	2.1737	0.91235	1.3255	396.46	1.2347	33.493	0.050860	supercritical
563.33	29.000	282.67	0.0035377	596.22	698.82	2.1776	0.91286	1.3237	396.98	1.2277	33.507	0.050909	supercritical
565.00	29.000	281.45	0.0035530	597.99	701.02	2.1815	0.91339	1.3220	397.50	1.2207	33.521	0.050959	supercritical
566.67	29.000	280.25	0.0035682	599.75	703.22	2.1854	0.91391	1.3203	398.02	1.2137	33.536	0.051010	supercritical
568.33	29.000	279.06	0.0035834	601.50	705.42	2.1893	0.91444	1.3186	398.55	1.2067	33.552	0.051063	supercritical
570.00	29.000	277.89	0.0035986	603.26	707.62	2.1932	0.91497	1.3170	399.07	1.1998	33.568	0.051116	supercritical
571.67	29.000	276.73	0.0036137	605.02	709.81	2.1970	0.91551	1.3154	399.59	1.1929	33.585	0.051170	supercritical
573.33	29.000	275.57	0.0036288	606.77	712.00	2.2008	0.91605	1.3138	400.12	1.1860	33.602	0.051225	supercritical
575.00	29.000	274.44	0.0036438	608.52	714.19	2.2047	0.91659	1.3123	400.64	1.1791	33.620	0.051281	supercritical
576.67	29.000	273.31	0.0036589	610.27	716.38	2.2085	0.91714	1.3108	401.16	1.1722	33.639	0.051338	supercritical
578.33	29.000	272.19	0.0036739	612.02	718.56	2.2122	0.91768	1.3094	401.68	1.1654	33.658	0.051396	supercritical
580.00	29.000	271.09	0.0036888	613.77	720.74	2.2160	0.91823	1.3080	402.21	1.1586	33.677	0.051454	supercritical
581.67	29.000	269.99	0.0037038	615.51	722.92	2.2197	0.91879	1.3066	402.73	1.1518	33.698	0.051514	supercritical
583.33	29.000	268.91	0.0037187	617.26	725.10	2.2235	0.91934	1.3052	403.25	1.1450	33.718	0.051574	supercritical
585.00	29.000	267.84	0.0037336	619.00	727.27	2.2272	0.91990	1.3039	403.78	1.1383	33.739	0.051635	supercritical
586.67	29.000	266.78	0.0037484	620.74	729.44	2.2309	0.92046	1.3026	404.30	1.1315	33.761	0.051697	supercritical
588.33	29.000	265.73	0.0037633	622.48	731.61	2.2346	0.92103	1.3014	404.82	1.1249	33.783	0.051760	supercritical
590.00	29.000	264.69	0.0037780	624.22	733.78	2.2383	0.92159	1.3001	405.34	1.1182	33.805	0.051823	supercritical
591.67	29.000	263.66	0.0037928	625.96	735.95	2.2420	0.92216	1.2989	405.86	1.1115	33.828	0.051887	supercritical
593.33	29.000	262.64	0.0038075	627.69	738.11	2.2456	0.92273	1.2978	406.39	1.1049	33.852	0.051952	supercritical
595.00	29.000	261.63	0.0038223	629.43	740.27	2.2492	0.92330	1.2966	406.91	1.0983	33.875	0.052018	supercritical
596.67	29.000	260.62	0.0038369	631.16	742.43	2.2529	0.92387	1.2955	407.43	1.0917	33.900	0.052084	supercritical
598.33	29.000	259.63	0.0038516	632.90	744.59	2.2565	0.92445	1.2944	407.95	1.0852	33.924	0.052151	supercritical
600.00	29.000	258.65	0.0038662	634.63	746.75	2.2601	0.92503	1.2933	408.47	1.0787	33.949	0.052219	supercritical
601.67	29.000	257.68	0.0038808	636.36	748.90	2.2637	0.92561	1.2923	408.99	1.0722	33.975	0.052287	supercritical
603.33	29.000	256.71	0.0038954	638.09	751.06	2.2672	0.92619	1.2913	409.51	1.0657	34.000	0.052357	supercritical
605.00	29.000	255.76	0.0039099	639.82	753.21	2.2708	0.92677	1.2903	410.03	1.0593	34.027	0.052426	supercritical
606.67	29.000	254.81	0.0039245	641.55	755.36	2.2743	0.92736	1.2893	410.55	1.0529	34.053	0.052497	supercritical
608.33	29.000	253.87	0.0039390	643.28	757.51	2.2779	0.92794	1.2884	411.07	1.0465	34.080	0.052568	supercritical
610.00	29.000	252.94	0.0039534	645.00	759.65	2.2814	0.92853	1.2875	411.58	1.0402	34.107	0.052639	supercritical
611.67	29.000	252.02	0.0039679	646.73	761.80	2.2849	0.92912	1.2866	412.10	1.0339	34.135	0.052711	supercritical
613.33	29.000	251.11	0.0039823	648.45	763.94	2.2884	0.92971	1.2857	412.62	1.0276	34.163	0.052784	supercritical
615.00	29.000	250.21	0.0039967	650.18	766.08	2.2919	0.93030	1.2849	413.14	1.0213	34.191	0.052858	supercritical
616.67	29.000	249.31	0.0040111	651.90	768.22	2.2954	0.93089	1.2840	413.65	1.0151	34.219	0.052932	supercritical
618.33	29.000	248.42	0.0040254	653.63	770.36	2.2988	0.93149	1.2832	414.17	1.0089	34.248	0.053006	supercritical
620.00	29.000	247.54	0.0040398	655.35	772.50	2.3023	0.93208	1.2824	414.68	1.0027	34.277	0.053081	supercritical
621.67	29.000	246.67	0.0040541	657.07	774.64	2.3057	0.93268	1.2817	415.20	0.99658	34.307	0.053157	supercritical
623.33	29.000	245.80	0.0040684	658.79	776.77	2.3092	0.93327	1.2809	415.71	0.99046	34.336	0.053233	supercritical
625.00	29.000	244.94	0.0040826	660.51	778.91	2.3126	0.93387	1.2802	416.22	0.98438	34.366	0.053309	supercritical
626.67	29.000	244.09	0.0040969	662.23	781.04	2.3160	0.93447	1.2795	416.74	0.97832	34.396	0.053387	supercritical
628.33	29.000	243.25	0.0041111	663.95	783.17	2.3194	0.93507	1.2788	417.25	0.97230	34.427	0.053464	supercritical
630.00	29.000	242.41	0.0041253	665.67	785.30	2.3228	0.93567	1.2781	417.76	0.96630	34.458	0.053542	supercritical
631.67	29.000	241.58	0.0041394	667.39	787.43	2.3262	0.93627	1.2774	418.27	0.96033	34.489	0.053621	supercritical
633.33	29.000	240.76	0.0041536	669.11	789.56	2.3295	0.93688	1.2768	418.78	0.95440	34.520	0.053700	supercritical
635.00	29.000	239.94	0.0041677	670.83	791.69	2.3329	0.93748	1.2762	419.30	0.94849	34.551	0.053780	supercritical
636.67	29.000	239.13	0.0041818	672.54	793.82	2.3362	0.93808	1.2756	419.80	0.94261	34.583	0.053860	supercritical
638.33	29.000	238.33	0.0041959	674.26	795.94	2.3396	0.93869	1.2750	420.31	0.93676	34.615	0.053940	supercritical
640.00	29.000	237.53	0.0042100	675.98	798.07	2.3429	0.93929	1.2744	420.82	0.93094	34.647	0.054021	supercritical
641.67	29.000	236.74	0.0042240	677.69	800.19	2.3462	0.93990	1.2738	421.33	0.92516	34.680	0.054102	supercritical
643.33	29.000	235.96	0.0042380	679.41	802.31	2.3495	0.94050	1.2733	421.84	0.91940	34.713	0.054184	supercritical
645.00	29.000	235.18	0.0042520	681.12	804.43	2.3528	0.94111	1.2727	422.34	0.91367	34.746	0.054266	supercritical
646.67	29.000	234.41	0.0042660	682.84	806.55	2.3561	0.94172	1.2722	422.85	0.90796	34.779	0.054349	supercritical
648.33	29.000	233.65	0.0042800	684.56	808.67	2.3594	0.94233	1.2717	423.36	0.90229	34.812	0.054432	supercritical
650.00	29.000	232.89	0.0042939	686.27	810.79	2.3626	0.94293	1.2712	423.86	0.89665	34.845	0.054515	supercritical
651.67	29.000	232.14	0.0043078	687.98	812.91	2.3659	0.94354	1.2708	424.36	0.89104	34.879	0.054599	supercritical
653.33	29.000	231.39	0.0043217	689.70	815.03	2.3691	0.94415	1.2703	424.87	0.88545	34.913	0.054683	supercritical
655.00	29.000	230.65	0.0043356	691.41	817.15	2.3724	0.94476	1.2699	425.37	0.87990	34.947	0.054768	supercritical
656.67	29.000	229.91	0.0043495	693.13	819.26	2.3756	0.94537	1.2694	425.87	0.87437	34.981	0.054853	supercritical
658.33	29.000	229.18	0.0043633	694.84	821.38	2.3788	0.94598	1.2690	426.37	0.86888	35.016	0.054938	supercritical
660.00	29.000	228.46	0.0043772	696.55	823.49	2.3820	0.94658	1.2686	426.87	0.86341	35.051	0.055024	supercritical
661.67	29.000	227.74	0.0043910	698.27	825.61	2.3852	0.94719	1.2682	427.37	0.85797	35.085	0.055110	supercritical
663.33	29.000	227.03	0.0044048	699.98	827.72	2.3884	0.94780	1.2678	427.87	0.85256	35.120	0.055196	supercritical
665.00	29.000	226.32	0.0044185	701.69	829.83	2.3916	0.94841	1.2674	428.37	0.84718	35.156	0.055283	supercritical
666.67	29.000	225.62	0.0044323	703.41	831.94	2.3947	0.94902	1.2671	428.87	0.84183	35.191	0.055370	supercritical
668.33	29.000	224.92	0.0044460	705.12	834.06	2.3979	0.94963	1.2667	429.37	0.83650	35.226	0.055457	supercritical
670.00	29.000	224.23	0.0044598	706.83	836.17	2.4011	0.95024	1.2664	429.87	0.83120	35.262	0.055545	supercritical
671.67	29.000	223.54	0.0044735	708.55	838.28	2.4042	0.95085	1.2661	430.36	0.82594	35.298	0.055633	supercritical
673.33	29.000	222.86	0.0044871	710.26	840.39	2.4073	0.95146	1.2658	430.86	0.82070	35.334	0.055721	supercritical
675.00	29.000	222.18	0.0045008	711.97	842.50	2.4105	0.95207	1.2655	431.35	0.81548	35.370	0.055810	supercritical
676.67	29.000	221.51	0.0045145	713.69	844.61	2.4136	0.95268	1.2652	431.85	0.81030	35.406	0.055899	supercritical
678.33	29.000	220.84	0.0045281	715.40	846.71	2.4167	0.95329	1.2649	432.34	0.80514	35.442	0.055988	supercritical
680.00	29.000	220.18	0.0045417	717.11	848.82	2.4198	0.95389	1.2646	432.83	0.80002	35.479	0.056077	supercritical
681.67	29.000	219.52	0.0045553	718.82	850.93	2.4229	0.95450	1.2643	433.32	0.79491	35.516	0.056167	supercritical
683.33	29.000	218.87	0.0045689	720.54	853.04	2.4260	0.95511	1.2641	433.82	0.78984	35.552	0.056257	supercritical
685.00	29.000	218.22	0.0045825	722.25	855.14	2.4291	0.95572	1.2638	434.31	0.78479	35.589	0.056347	supercritical
686.67	29.000	217.58	0.0045960	723.96	857.25	2.4321	0.95633	1.2636	434.80	0.77978	35.626	0.056438	supercritical
688.33	29.000	216.94	0.0046096	725.68	859.35	2.4352	0.95693	1.2634	435.29	0.77478	35.664	0.056529	supercritical
690.00	29.000	216.31	0.0046231	727.39	861.46	2.4383	0.95754	1.2632	435.77	0.76982	35.701	0.056620	supercritical
691.67	29.000	215.67	0.0046366	729.10	863.56	2.4413	0.95815	1.2630	436.26	0.76488	35.738	0.056712	supercritical
693.33	29.000	215.05	0.0046501	730.82	865.67	2.4444	0.95875	1.2628	436.75	0.75997	35.776	0.056803	supercritical
695.00	29.000	214.43	0.0046636	732.53	867.77	2.4474	0.95936	1.2626	437.24	0.75508	35.813	0.056895	supercritical
696.67	29.000	213.81	0.0046770	734.24	869.88	2.4504	0.95996	1.2624	437.72	0.75023	35.851	0.056987	supercritical
698.33	29.000	213.20	0.0046905	735.96	871.98	2.4534	0.96057	1.2622	438.21	0.74539	35.889	0.057080	supercritical
700.00	29.000	212.59	0.0047039	737.67	874.09	2.4564	0.96117	1.2620	438.69	0.74059	35.927	0.057173	supercritical
701.67	29.000	211.98	0.0047173	739.39	876.19	2.4594	0.96178	1.2619	439.17	0.73581	35.965	0.057265	supercritical
703.33	29.000	211.38	0.0047307	741.10	878.29	2.4624	0.96238	1.2617	439.66	0.73105	36.003	0.057359	supercritical
705.00	29.000	210.79	0.0047441	742.81	880.39	2.4654	0.96298	1.2616	440.14	0.72632	36.042	0.057452	supercritical
706.67	29.000	210.19	0.0047575	744.53	882.50	2.4684	0.96359	1.2614	440.62	0.72162	36.080	0.057546	supercritical
708.33	29.000	209.61	0.0047709	746.24	884.60	2.4714	0.96419	1.2613	441.10	0.71694	36.118	0.057639	supercritical
710.00	29.000	209.02	0.0047842	747.96	886.70	2.4743	0.96479	1.2612	441.58	0.71229	36.157	0.057733	supercritical
711.67	29.000	208.44	0.0047975	749.67	888.80	2.4773	0.96539	1.2611	442.06	0.70766	36.196	0.057828	supercritical
713.33	29.000	207.86	0.0048109	751.39	890.91	2.4802	0.96599	1.2610	442.54	0.70306	36.235	0.057922	supercritical
715.00	29.000	207.29	0.0048242	753.11	893.01	2.4832	0.96659	1.2609	443.02	0.69848	36.273	0.058017	supercritical
716.67	29.000	206.72	0.0048375	754.82	895.11	2.4861	0.96719	1.2608	443.50	0.69393	36.312	0.058112	supercritical
718.33	29.000	206.15	0.0048507	756.54	897.21	2.4890	0.96779	1.2607	443.97	0.68941	36.351	0.058207	supercritical
720.00	29.000	205.59	0.0048640	758.25	899.31	2.4920	0.96839	1.2606	444.45	0.68490	36.390	0.058302	supercritical
721.67	29.000	205.03	0.0048773	759.97	901.41	2.4949	0.96898	1.2605	444.93	0.68042	36.430	0.058397	supercritical
723.33	29.000	204.48	0.0048905	761.69	903.51	2.4978	0.96958	1.2605	445.40	0.67597	36.469	0.058493	supercritical
725.00	29.000	203.93	0.0049037	763.41	905.61	2.5007	0.97018	1.2604	445.87	0.67154	36.508	0.058589	supercritical
726.67	29.000	203.38	0.0049169	765.12	907.71	2.5036	0.97077	1.2603	446.35	0.66713	36.548	0.058685	supercritical
728.33	29.000	202.83	0.0049301	766.84	909.81	2.5065	0.97137	1.2603	446.82	0.66275	36.587	0.058781	supercritical
730.00	29.000	202.29	0.0049433	768.56	911.91	2.5093	0.97196	1.2602	447.29	0.65839	36.627	0.058877	supercritical
731.67	29.000	201.76	0.0049565	770.28	914.01	2.5122	0.97255	1.2602	447.76	0.65405	36.667	0.058974	supercritical
733.33	29.000	201.22	0.0049697	772.00	916.12	2.5151	0.97314	1.2602	448.23	0.64974	36.706	0.059070	supercritical
735.00	29.000	200.69	0.0049828	773.71	918.22	2.5179	0.97374	1.2601	448.70	0.64545	36.746	0.059167	supercritical
736.67	29.000	200.16	0.0049959	775.43	920.32	2.5208	0.97433	1.2601	449.17	0.64119	36.786	0.059264	supercritical
738.33	29.000	199.64	0.0050091	777.15	922.42	2.5237	0.97492	1.2601	449.64	0.63694	36.826	0.059362	supercritical
740.00	29.000	199.12	0.0050222	778.87	924.52	2.5265	0.97550	1.2601	450.11	0.63272	36.866	0.059459	supercritical
741.67	29.000	198.60	0.0050353	780.59	926.62	2.5293	0.97609	1.2601	450.58	0.62853	36.906	0.059556	supercritical
743.33	29.000	198.08	0.0050484	782.31	928.72	2.5322	0.97668	1.2601	451.04	0.62435	36.946	0.059654	supercritical
745.00	29.000	197.57	0.0050614	784.03	930.82	2.5350	0.97727	1.2601	451.51	0.62020	36.986	0.059752	supercritical
746.67	29.000	197.06	0.0050745	785.76	932.92	2.5378	0.97785	1.2601	451.98	0.61607	37.027	0.059850	supercritical
748.33	29.000	196.56	0.0050876	787.48	935.02	2.5406	0.97844	1.2601	452.44	0.61196	37.067	0.059948	supercritical
750.00	29.000	196.06	0.0051006	789.20	937.12	2.5434	0.97902	1.2601	452.90	0.60787	37.107	0.060046	supercritical
751.67	29.000	195.56	0.0051136	790.92	939.22	2.5462	0.97960	1.2601	453.37	0.60381	37.148	0.060145	supercritical
753.33	29.000	195.06	0.0051267	792.64	941.32	2.5490	0.98019	1.2602	453.83	0.59977	37.188	0.060243	supercritical
755.00	29.000	194.57	0.0051397	794.37	943.42	2.5518	0.98077	1.2602	454.29	0.59575	37.229	0.060342	supercritical
756.67	29.000	194.07	0.0051527	796.09	945.52	2.5546	0.98135	1.2602	454.75	0.59175	37.269	0.060441	supercritical
758.33	29.000	193.59	0.0051656	797.81	947.62	2.5573	0.98193	1.2603	455.22	0.58777	37.310	0.060540	supercritical
760.00	29.000	193.10	0.0051786	799.54	949.72	2.5601	0.98251	1.2603	455.68	0.58381	37.351	0.060639	supercritical
761.67	29.000	192.62	0.0051916	801.26	951.82	2.5629	0.98308	1.2604	456.13	0.57988	37.391	0.060738	supercritical
763.33	29.000	192.14	0.0052045	802.99	953.92	2.5656	0.98366	1.2604	456.59	0.57596	37.432	0.060837	supercritical
765.00	29.000	191.66	0.0052175	804.71	956.02	2.5684	0.98424	1.2605	457.05	0.57207	37.473	0.060937	supercritical
766.67	29.000	191.19	0.0052304	806.44	958.12	2.5711	0.98481	1.2605	457.51	0.56819	37.514	0.061036	supercritical
768.33	29.000	190.72	0.0052433	808.17	960.22	2.5738	0.98538	1.2606	457.97	0.56434	37.555	0.061136	supercritical
770.00	29.000	190.25	0.0052563	809.89	962.32	2.5766	0.98596	1.2607	458.42	0.56051	37.596	0.061236	supercritical
771.67	29.000	189.78	0.0052692	811.62	964.42	2.5793	0.98653	1.2607	458.88	0.55669	37.637	0.061336	supercritical
773.33	29.000	189.32	0.0052820	813.35	966.53	2.5820	0.98710	1.2608	459.33	0.55290	37.678	0.061436	supercritical
775.00	29.000	188.86	0.0052949	815.07	968.63	2.5847	0.98767	1.2609	459.79	0.54913	37.719	0.061536	supercritical
776.67	29.000	188.40	0.0053078	816.80	970.73	2.5874	0.98824	1.2610	460.24	0.54538	37.760	0.061636	supercritical
778.33	29.000	187.95	0.0053207	818.53	972.83	2.5901	0.98881	1.2610	460.69	0.54164	37.802	0.061736	supercritical
780.00	29.000	187.49	0.0053335	820.26	974.93	2.5928	0.98937	1.2611	461.15	0.53793	37.843	0.061837	supercritical
781.67	29.000	187.04	0.0053464	821.99	977.03	2.5955	0.98994	1.2612	461.60	0.53424	37.884	0.061937	supercritical
783.33	29.000	186.60	0.0053592	823.72	979.14	2.5982	0.99050	1.2613	462.05	0.53056	37.925	0.062038	supercritical
785.00	29.000	186.15	0.0053720	825.45	981.24	2.6009	0.99107	1.2614	462.50	0.52691	37.967	0.062139	supercritical
786.67	29.000	185.71	0.0053848	827.18	983.34	2.6036	0.99163	1.2615	462.95	0.52327	38.008	0.062240	supercritical
788.33	29.000	185.27	0.0053976	828.91	985.44	2.6062	0.99219	1.2616	463.40	0.51965	38.049	0.062341	supercritical
790.00	29.000	184.83	0.0054104	830.64	987.55	2.6089	0.99275	1.2617	463.85	0.51605	38.091	0.062442	supercritical
791.67	29.000	184.39	0.0054232	832.38	989.65	2.6116	0.99331	1.2618	464.30	0.51247	38.132	0.062543	supercritical
793.33	29.000	183.96	0.0054360	834.11	991.75	2.6142	0.99387	1.2619	464.74	0.50891	38.174	0.062644	supercritical
795.00	29.000	183.53	0.0054487	835.84	993.86	2.6169	0.99443	1.2621	465.19	0.50537	38.215	0.062746	supercritical
796.67	29.000	183.10	0.0054615	837.58	995.96	2.6195	0.99499	1.2622	465.64	0.50185	38.257	0.062847	supercritical
798.33	29.000	182.67	0.0054742	839.31	998.06	2.6222	0.99554	1.2623	466.08	0.49834	38.299	0.062948	supercritical
800.00	29.000	182.25	0.0054870	841.05	1000.2	2.6248	0.99610	1.2624	466.53	0.49485	38.340	0.063050	supercritical
801.67	29.000	181.83	0.0054997	842.78	1002.3	2.6274	0.99665	1.2626	466.97	0.49138	38.382	0.063152	supercritical
803.33	29.000	181.41	0.0055124	844.52	1004.4	2.6300	0.99720	1.2627	467.42	0.48793	38.424	0.063253	supercritical
805.00	29.000	180.99	0.0055251	846.25	1006.5	2.6327	0.99775	1.2628	467.86	0.48450	38.465	0.063355	supercritical
806.67	29.000	180.58	0.0055378	847.99	1008.6	2.6353	0.99830	1.2629	468.30	0.48108	38.507	0.063457	supercritical
808.33	29.000	180.16	0.0055505	849.73	1010.7	2.6379	0.99885	1.2631	468.75	0.47768	38.549	0.063559	supercritical
810.00	29.000	179.75	0.0055632	851.46	1012.8	2.6405	0.99940	1.2632	469.19	0.47430	38.591	0.063661	supercritical
811.67	29.000	179.34	0.0055759	853.20	1014.9	2.6431	0.99995	1.2634	469.63	0.47094	38.633	0.063763	supercritical
813.33	29.000	178.94	0.0055885	854.94	1017.0	2.6457	1.0005	1.2635	470.07	0.46759	38.674	0.063865	supercritical
815.00	29.000	178.53	0.0056012	856.68	1019.1	2.6483	1.0010	1.2636	470.51	0.46426	38.716	0.063968	supercritical
816.67	29.000	178.13	0.0056139	858.42	1021.2	2.6508	1.0016	1.2638	470.95	0.46094	38.758	0.064070	supercritical
818.33	29.000	177.73	0.0056265	860.16	1023.3	2.6534	1.0021	1.2639	471.39	0.45765	38.800	0.064172	supercritical
820.00	29.000	177.33	0.0056391	861.90	1025.4	2.6560	1.0027	1.2641	471.82	0.45437	38.842	0.064275	supercritical
821.67	29.000	176.94	0.0056518	863.64	1027.5	2.6585	1.0032	1.2643	472.26	0.45111	38.884	0.064377	supercritical
823.33	29.000	176.54	0.0056644	865.38	1029.6	2.6611	1.0037	1.2644	472.70	0.44786	38.926	0.064480	supercritical
825.00	29.000	176.15	0.0056770	867.12	1031.8	2.6637	1.0043	1.2646	473.13	0.44463	38.968	0.064583	supercritical
826.67	29.000	175.76	0.0056896	868.86	1033.9	2.6662	1.0048	1.2647	473.57	0.44142	39.010	0.064685	supercritical
828.33	29.000	175.37	0.0057022	870.61	1036.0	2.6688	1.0054	1.2649	474.00	0.43822	39.052	0.064788	supercritical
830.00	29.000	174.99	0.0057148	872.35	1038.1	2.6713	1.0059	1.2651	474.44	0.43504	39.094	0.064891	supercritical
831.67	29.000	174.60	0.0057273	874.09	1040.2	2.6738	1.0064	1.2652	474.87	0.43187	39.136	0.064994	supercritical
833.33	29.000	174.22	0.0057399	875.84	1042.3	2.6764	1.0070	1.2654	475.31	0.42872	39.178	0.065097	supercritical
835.00	29.000	173.84	0.0057525	877.58	1044.4	2.6789	1.0075	1.2656	475.74	0.42559	39.220	0.065200	supercritical
836.67	29.000	173.46	0.0057650	879.33	1046.5	2.6814	1.0080	1.2657	476.17	0.42247	39.263	0.065303	supercritical
838.33	29.000	173.08	0.0057776	881.07	1048.6	2.6840	1.0085	1.2659	476.60	0.41937	39.305	0.065406	supercritical
840.00	29.000	172.71	0.0057901	882.82	1050.7	2.6865	1.0091	1.2661	477.03	0.41628	39.347	0.065509	supercritical
841.67	29.000	172.34	0.0058026	884.57	1052.8	2.6890	1.0096	1.2663	477.47	0.41321	39.389	0.065612	supercritical
843.33	29.000	171.96	0.0058152	886.31	1055.0	2.6915	1.0101	1.2664	477.90	0.41015	39.431	0.065716	supercritical
845.00	29.000	171.60	0.0058277	888.06	1057.1	2.6940	1.0106	1.2666	478.32	0.40711	39.473	0.065819	supercritical
846.67	29.000	171.23	0.0058402	889.81	1059.2	2.6965	1.0112	1.2668	478.75	0.40408	39.516	0.065922	supercritical
848.33	29.000	170.86	0.0058527	891.56	1061.3	2.6990	1.0117	1.2670	479.18	0.40107	39.558	0.066026	supercritical
850.00	29.000	170.50	0.0058652	893.31	1063.4	2.7015	1.0122	1.2672	479.61	0.39808	39.600	0.066129	supercritical
851.67	29.000	170.14	0.0058777	895.06	1065.5	2.7039	1.0127	1.2673	480.04	0.39509	39.642	0.066232	supercritical
853.33	29.000	169.78	0.0058901	896.81	1067.6	2.7064	1.0132	1.2675	480.46	0.39213	39.685	0.066336	supercritical
855.00	29.000	169.42	0.0059026	898.56	1069.7	2.7089	1.0138	1.2677	480.89	0.38917	39.727	0.066440	supercritical
856.67	29.000	169.06	0.0059151	900.31	1071.8	2.7114	1.0143	1.2679	481.32	0.38624	39.769	0.066543	supercritical
858.33	29.000	168.70	0.0059275	902.06	1074.0	2.7138	1.0148	1.2681	481.74	0.38331	39.811	0.066647	supercritical
860.00	29.000	168.35	0.0059400	903.82	1076.1	2.7163	1.0153	1.2683	482.17	0.38040	39.854	0.066750	supercritical
861.67	29.000	168.00	0.0059524	905.57	1078.2	2.7187	1.0158	1.2685	482.59	0.37751	39.896	0.066854	supercritical
863.33	29.000	167.65	0.0059649	907.32	1080.3	2.7212	1.0163	1.2687	483.01	0.37463	39.938	0.066958	supercritical
865.00	29.000	167.30	0.0059773	909.08	1082.4	2.7236	1.0168	1.2689	483.44	0.37176	39.981	0.067062	supercritical
866.67	29.000	166.95	0.0059897	910.83	1084.5	2.7261	1.0174	1.2691	483.86	0.36891	40.023	0.067165	supercritical
868.33	29.000	166.61	0.0060021	912.59	1086.7	2.7285	1.0179	1.2693	484.28	0.36607	40.065	0.067269	supercritical
870.00	29.000	166.26	0.0060145	914.34	1088.8	2.7310	1.0184	1.2695	484.70	0.36324	40.108	0.067373	supercritical
871.67	29.000	165.92	0.0060269	916.10	1090.9	2.7334	1.0189	1.2697	485.12	0.36043	40.150	0.067477	supercritical
873.33	29.000	165.58	0.0060393	917.86	1093.0	2.7358	1.0194	1.2699	485.54	0.35763	40.192	0.067581	supercritical
875.00	29.000	165.24	0.0060517	919.61	1095.1	2.7382	1.0199	1.2701	485.96	0.35485	40.235	0.067685	supercritical
876.67	29.000	164.90	0.0060641	921.37	1097.2	2.7406	1.0204	1.2703	486.38	0.35207	40.277	0.067789	supercritical
878.33	29.000	164.57	0.0060765	923.13	1099.3	2.7431	1.0209	1.2705	486.80	0.34931	40.320	0.067893	supercritical
880.00	29.000	164.23	0.0060888	924.89	1101.5	2.7455	1.0214	1.2707	487.22	0.34657	40.362	0.067997	supercritical
881.67	29.000	163.90	0.0061012	926.65	1103.6	2.7479	1.0219	1.2709	487.64	0.34384	40.404	0.068101	supercritical
883.33	29.000	163.57	0.0061136	928.41	1105.7	2.7503	1.0224	1.2711	488.06	0.34112	40.447	0.068205	supercritical
885.00	29.000	163.24	0.0061259	930.17	1107.8	2.7527	1.0229	1.2713	488.47	0.33841	40.489	0.068309	supercritical
886.67	29.000	162.91	0.0061383	931.93	1109.9	2.7551	1.0234	1.2715	488.89	0.33572	40.532	0.068413	supercritical
888.33	29.000	162.59	0.0061506	933.69	1112.1	2.7574	1.0239	1.2718	489.31	0.33304	40.574	0.068518	supercritical
890.00	29.000	162.26	0.0061629	935.46	1114.2	2.7598	1.0244	1.2720	489.72	0.33037	40.617	0.068622	supercritical
891.67	29.000	161.94	0.0061753	937.22	1116.3	2.7622	1.0249	1.2722	490.14	0.32772	40.659	0.068726	supercritical
893.33	29.000	161.61	0.0061876	938.98	1118.4	2.7646	1.0253	1.2724	490.55	0.32507	40.701	0.068830	supercritical
895.00	29.000	161.29	0.0061999	940.74	1120.5	2.7670	1.0258	1.2726	490.96	0.32244	40.744	0.068934	supercritical
896.67	29.000	160.97	0.0062122	942.51	1122.7	2.7693	1.0263	1.2728	491.38	0.31982	40.786	0.069039	supercritical
898.33	29.000	160.66	0.0062245	944.27	1124.8	2.7717	1.0268	1.2731	491.79	0.31722	40.829	0.069143	supercritical
900.00	29.000	160.34	0.0062368	946.04	1126.9	2.7741	1.0273	1.2733	492.20	0.31463	40.871	0.069247	supercritical
901.67	29.000	160.02	0.0062491	947.81	1129.0	2.7764	1.0278	1.2735	492.61	0.31204	40.914	0.069352	supercritical
903.33	29.000	159.71	0.0062614	949.57	1131.2	2.7788	1.0283	1.2737	493.03	0.30947	40.956	0.069456	supercritical
905.00	29.000	159.40	0.0062736	951.34	1133.3	2.7811	1.0287	1.2739	493.44	0.30692	40.998	0.069560	supercritical
906.67	29.000	159.09	0.0062859	953.11	1135.4	2.7835	1.0292	1.2741	493.85	0.30437	41.041	0.069665	supercritical
908.33	29.000	158.78	0.0062982	954.87	1137.5	2.7858	1.0297	1.2744	494.26	0.30184	41.083	0.069769	supercritical
910.00	29.000	158.47	0.0063104	956.64	1139.6	2.7881	1.0302	1.2746	494.67	0.29932	41.126	0.069873	supercritical
911.67	29.000	158.16	0.0063227	958.41	1141.8	2.7905	1.0307	1.2748	495.08	0.29681	41.168	0.069978	supercritical
913.33	29.000	157.85	0.0063349	960.18	1143.9	2.7928	1.0311	1.2750	495.48	0.29431	41.211	0.070082	supercritical
915.00	29.000	157.55	0.0063472	961.95	1146.0	2.7951	1.0316	1.2753	495.89	0.29182	41.253	0.070187	supercritical
916.67	29.000	157.25	0.0063594	963.72	1148.1	2.7974	1.0321	1.2755	496.30	0.28935	41.296	0.070291	supercritical
918.33	29.000	156.95	0.0063716	965.49	1150.3	2.7998	1.0326	1.2757	496.71	0.28688	41.338	0.070395	supercritical
920.00	29.000	156.64	0.0063839	967.27	1152.4	2.8021	1.0330	1.2759	497.11	0.28443	41.381	0.070500	supercritical
921.67	29.000	156.35	0.0063961	969.04	1154.5	2.8044	1.0335	1.2762	497.52	0.28199	41.423	0.070604	supercritical
923.33	29.000	156.05	0.0064083	970.81	1156.7	2.8067	1.0340	1.2764	497.92	0.27956	41.465	0.070709	supercritical
925.00	29.000	155.75	0.0064205	972.58	1158.8	2.8090	1.0344	1.2766	498.33	0.27714	41.508	0.070813	supercritical
926.67	29.000	155.46	0.0064327	974.36	1160.9	2.8113	1.0349	1.2768	498.73	0.27473	41.550	0.070918	supercritical
928.33	29.000	155.16	0.0064449	976.13	1163.0	2.8136	1.0354	1.2771	499.14	0.27233	41.593	0.071022	supercritical
930.00	29.000	154.87	0.0064571	977.91	1165.2	2.8159	1.0358	1.2773	499.54	0.26994	41.635	0.071127	supercritical
931.67	29.000	154.58	0.0064693	979.68	1167.3	2.8182	1.0363	1.2775	499.95	0.26757	41.678	0.071231	supercritical
933.33	29.000	154.29	0.0064815	981.46	1169.4	2.8204	1.0368	1.2778	500.35	0.26520	41.720	0.071336	supercritical
935.00	29.000	154.00	0.0064936	983.24	1171.6	2.8227	1.0372	1.2780	500.75	0.26285	41.763	0.071440	supercritical
936.67	29.000	153.71	0.0065058	985.01	1173.7	2.8250	1.0377	1.2782	501.15	0.26050	41.805	0.071544	supercritical
938.33	29.000	153.42	0.0065180	986.79	1175.8	2.8273	1.0381	1.2785	501.56	0.25817	41.847	0.071649	supercritical
940.00	29.000	153.14	0.0065301	988.57	1177.9	2.8295	1.0386	1.2787	501.96	0.25585	41.890	0.071753	supercritical
941.67	29.000	152.85	0.0065423	990.35	1180.1	2.8318	1.0391	1.2789	502.36	0.25353	41.932	0.071858	supercritical
943.33	29.000	152.57	0.0065545	992.13	1182.2	2.8341	1.0395	1.2791	502.76	0.25123	41.975	0.071962	supercritical
945.00	29.000	152.29	0.0065666	993.91	1184.3	2.8363	1.0400	1.2794	503.16	0.24894	42.017	0.072067	supercritical
946.67	29.000	152.00	0.0065787	995.69	1186.5	2.8386	1.0404	1.2796	503.56	0.24666	42.059	0.072171	supercritical
948.33	29.000	151.72	0.0065909	997.47	1188.6	2.8408	1.0409	1.2798	503.96	0.24439	42.102	0.072276	supercritical
950.00	29.000	151.45	0.0066030	999.25	1190.7	2.8431	1.0413	1.2801	504.35	0.24213	42.144	0.072380	supercritical
951.67	29.000	151.17	0.0066151	1001.0	1192.9	2.8453	1.0418	1.2803	504.75	0.23987	42.187	0.072485	supercritical
953.33	29.000	150.89	0.0066272	1002.8	1195.0	2.8476	1.0422	1.2805	505.15	0.23763	42.229	0.072589	supercritical
955.00	29.000	150.62	0.0066394	1004.6	1197.1	2.8498	1.0427	1.2808	505.55	0.23540	42.271	0.072694	supercritical
956.67	29.000	150.34	0.0066515	1006.4	1199.3	2.8520	1.0431	1.2810	505.94	0.23318	42.314	0.072798	supercritical
958.33	29.000	150.07	0.0066636	1008.2	1201.4	2.8543	1.0436	1.2813	506.34	0.23097	42.356	0.072903	supercritical
960.00	29.000	149.80	0.0066757	1010.0	1203.5	2.8565	1.0440	1.2815	506.74	0.22877	42.399	0.073007	supercritical
961.67	29.000	149.53	0.0066878	1011.7	1205.7	2.8587	1.0445	1.2817	507.13	0.22657	42.441	0.073112	supercritical
963.33	29.000	149.26	0.0066999	1013.5	1207.8	2.8609	1.0449	1.2820	507.53	0.22439	42.483	0.073216	supercritical
965.00	29.000	148.99	0.0067120	1015.3	1210.0	2.8631	1.0453	1.2822	507.92	0.22222	42.526	0.073320	supercritical
966.67	29.000	148.72	0.0067240	1017.1	1212.1	2.8654	1.0458	1.2824	508.31	0.22005	42.568	0.073425	supercritical
968.33	29.000	148.45	0.0067361	1018.9	1214.2	2.8676	1.0462	1.2827	508.71	0.21790	42.610	0.073529	supercritical
970.00	29.000	148.19	0.0067482	1020.7	1216.4	2.8698	1.0467	1.2829	509.10	0.21575	42.653	0.073634	supercritical
971.67	29.000	147.92	0.0067603	1022.5	1218.5	2.8720	1.0471	1.2831	509.49	0.21362	42.695	0.073738	supercritical
973.33	29.000	147.66	0.0067723	1024.2	1220.6	2.8742	1.0475	1.2834	509.89	0.21149	42.737	0.073842	supercritical
975.00	29.000	147.40	0.0067844	1026.0	1222.8	2.8764	1.0480	1.2836	510.28	0.20937	42.780	0.073947	supercritical
976.67	29.000	147.14	0.0067964	1027.8	1224.9	2.8786	1.0484	1.2839	510.67	0.20726	42.822	0.074051	supercritical
978.33	29.000	146.88	0.0068085	1029.6	1227.1	2.8808	1.0488	1.2841	511.06	0.20516	42.864	0.074156	supercritical
980.00	29.000	146.62	0.0068205	1031.4	1229.2	2.8829	1.0493	1.2843	511.45	0.20307	42.907	0.074260	supercritical
981.67	29.000	146.36	0.0068326	1033.2	1231.3	2.8851	1.0497	1.2846	511.84	0.20099	42.949	0.074364	supercritical
983.33	29.000	146.10	0.0068446	1035.0	1233.5	2.8873	1.0501	1.2848	512.23	0.19892	42.991	0.074469	supercritical
985.00	29.000	145.84	0.0068566	1036.8	1235.6	2.8895	1.0506	1.2850	512.62	0.19685	43.033	0.074573	supercritical
986.67	29.000	145.59	0.0068687	1038.6	1237.8	2.8917	1.0510	1.2853	513.01	0.19480	43.076	0.074677	supercritical
988.33	29.000	145.33	0.0068807	1040.4	1239.9	2.8938	1.0514	1.2855	513.40	0.19275	43.118	0.074782	supercritical
990.00	29.000	145.08	0.0068927	1042.2	1242.1	2.8960	1.0518	1.2858	513.79	0.19072	43.160	0.074886	supercritical
991.67	29.000	144.83	0.0069047	1044.0	1244.2	2.8981	1.0523	1.2860	514.18	0.18869	43.203	0.074990	supercritical
993.33	29.000	144.58	0.0069167	1045.8	1246.3	2.9003	1.0527	1.2862	514.56	0.18667	43.245	0.075094	supercritical
995.00	29.000	144.33	0.0069287	1047.6	1248.5	2.9025	1.0531	1.2865	514.95	0.18466	43.287	0.075199	supercritical
996.67	29.000	144.08	0.0069407	1049.3	1250.6	2.9046	1.0535	1.2867	515.34	0.18265	43.329	0.075303	supercritical
998.33	29.000	143.83	0.0069527	1051.1	1252.8	2.9068	1.0539	1.2870	515.72	0.18066	43.371	0.075407	supercritical
1000.0	29.000	143.58	0.0069647	1052.9	1254.9	2.9089	1.0544	1.2872	516.11	0.17867	43.414	0.075511	supercritical
1001.7	29.000	143.33	0.0069767	1054.7	1257.1	2.9111	1.0548	1.2874	516.49	0.17669	43.456	0.075615	supercritical
1003.3	29.000	143.09	0.0069887	1056.5	1259.2	2.9132	1.0552	1.2877	516.88	0.17472	43.498	0.075720	supercritical
1005.0	29.000	142.84	0.0070007	1058.3	1261.4	2.9153	1.0556	1.2879	517.26	0.17276	43.540	0.075824	supercritical
1006.7	29.000	142.60	0.0070127	1060.1	1263.5	2.9175	1.0560	1.2881	517.65	0.17081	43.582	0.075928	supercritical
1008.3	29.000	142.36	0.0070246	1061.9	1265.7	2.9196	1.0564	1.2884	518.03	0.16886	43.625	0.076032	supercritical
1010.0	29.000	142.11	0.0070366	1063.7	1267.8	2.9217	1.0568	1.2886	518.42	0.16692	43.667	0.076136	supercritical
1011.7	29.000	141.87	0.0070486	1065.5	1269.9	2.9239	1.0573	1.2889	518.80	0.16500	43.709	0.076240	supercritical
1013.3	29.000	141.63	0.0070605	1067.3	1272.1	2.9260	1.0577	1.2891	519.18	0.16307	43.751	0.076344	supercritical
1015.0	29.000	141.39	0.0070725	1069.1	1274.2	2.9281	1.0581	1.2893	519.56	0.16116	43.793	0.076448	supercritical
1016.7	29.000	141.15	0.0070844	1070.9	1276.4	2.9302	1.0585	1.2896	519.95	0.15926	43.835	0.076552	supercritical
1018.3	29.000	140.92	0.0070964	1072.7	1278.5	2.9323	1.0589	1.2898	520.33	0.15736	43.877	0.076656	supercritical
1020.0	29.000	140.68	0.0071083	1074.6	1280.7	2.9344	1.0593	1.2901	520.71	0.15547	43.920	0.076760	supercritical
1021.7	29.000	140.44	0.0071203	1076.4	1282.8	2.9365	1.0597	1.2903	521.09	0.15359	43.962	0.076864	supercritical
1023.3	29.000	140.21	0.0071322	1078.2	1285.0	2.9386	1.0601	1.2905	521.47	0.15171	44.004	0.076968	supercritical
1025.0	29.000	139.97	0.0071441	1080.0	1287.1	2.9407	1.0605	1.2908	521.85	0.14984	44.046	0.077072	supercritical
1026.7	29.000	139.74	0.0071561	1081.8	1289.3	2.9428	1.0609	1.2910	522.23	0.14799	44.088	0.077176	supercritical
1028.3	29.000	139.51	0.0071680	1083.6	1291.4	2.9449	1.0613	1.2912	522.61	0.14613	44.130	0.077280	supercritical
1030.0	29.000	139.28	0.0071799	1085.4	1293.6	2.9470	1.0617	1.2915	522.99	0.14429	44.172	0.077384	supercritical
1031.7	29.000	139.05	0.0071918	1087.2	1295.8	2.9491	1.0621	1.2917	523.37	0.14245	44.214	0.077487	supercritical
1033.3	29.000	138.82	0.0072037	1089.0	1297.9	2.9512	1.0625	1.2920	523.74	0.14062	44.256	0.077591	supercritical
1035.0	29.000	138.59	0.0072157	1090.8	1300.1	2.9533	1.0629	1.2922	524.12	0.13880	44.298	0.077695	supercritical
1036.7	29.000	138.36	0.0072276	1092.6	1302.2	2.9554	1.0633	1.2924	524.50	0.13699	44.340	0.077799	supercritical
1038.3	29.000	138.13	0.0072395	1094.4	1304.4	2.9574	1.0637	1.2927	524.88	0.13518	44.382	0.077902	supercritical
1040.0	29.000	137.91	0.0072514	1096.2	1306.5	2.9595	1.0641	1.2929	525.25	0.13338	44.424	0.078006	supercritical
1041.7	29.000	137.68	0.0072633	1098.0	1308.7	2.9616	1.0645	1.2931	525.63	0.13159	44.466	0.078110	supercritical
1043.3	29.000	137.45	0.0072752	1099.9	1310.8	2.9636	1.0649	1.2934	526.01	0.12980	44.508	0.078214	supercritical
1045.0	29.000	137.23	0.0072870	1101.7	1313.0	2.9657	1.0652	1.2936	526.38	0.12803	44.550	0.078317	supercritical
1046.7	29.000	137.01	0.0072989	1103.5	1315.1	2.9678	1.0656	1.2939	526.76	0.12625	44.592	0.078421	supercritical
1048.3	29.000	136.78	0.0073108	1105.3	1317.3	2.9698	1.0660	1.2941	527.13	0.12449	44.634	0.078524	supercritical
1050.0	29.000	136.56	0.0073227	1107.1	1319.5	2.9719	1.0664	1.2943	527.51	0.12273	44.676	0.078628	supercritical
1051.7	29.000	136.34	0.0073346	1108.9	1321.6	2.9739	1.0668	1.2946	527.88	0.12098	44.718	0.078732	supercritical
1053.3	29.000	136.12	0.0073464	1110.7	1323.8	2.9760	1.0672	1.2948	528.25	0.11924	44.760	0.078835	supercritical
1055.0	29.000	135.90	0.0073583	1112.5	1325.9	2.9780	1.0676	1.2950	528.63	0.11750	44.801	0.078939	supercritical
1056.7	29.000	135.68	0.0073702	1114.4	1328.1	2.9801	1.0680	1.2953	529.00	0.11577	44.843	0.079042	supercritical
1058.3	29.000	135.46	0.0073820	1116.2	1330.2	2.9821	1.0683	1.2955	529.37	0.11405	44.885	0.079145	supercritical
1060.0	29.000	135.25	0.0073939	1118.0	1332.4	2.9842	1.0687	1.2958	529.75	0.11234	44.927	0.079249	supercritical
1061.7	29.000	135.03	0.0074057	1119.8	1334.6	2.9862	1.0691	1.2960	530.12	0.11063	44.969	0.079352	supercritical
1063.3	29.000	134.81	0.0074176	1121.6	1336.7	2.9882	1.0695	1.2962	530.49	0.10892	45.011	0.079456	supercritical
1065.0	29.000	134.60	0.0074294	1123.4	1338.9	2.9903	1.0699	1.2965	530.86	0.10723	45.053	0.079559	supercritical
1066.7	29.000	134.39	0.0074413	1125.3	1341.0	2.9923	1.0702	1.2967	531.23	0.10554	45.094	0.079662	supercritical
1068.3	29.000	134.17	0.0074531	1127.1	1343.2	2.9943	1.0706	1.2969	531.60	0.10386	45.136	0.079766	supercritical
1070.0	29.000	133.96	0.0074649	1128.9	1345.4	2.9963	1.0710	1.2972	531.97	0.10218	45.178	0.079869	supercritical
1071.7	29.000	133.75	0.0074768	1130.7	1347.5	2.9984	1.0714	1.2974	532.34	0.10051	45.220	0.079972	supercritical
1073.3	29.000	133.54	0.0074886	1132.5	1349.7	3.0004	1.0717	1.2976	532.71	0.098847	45.262	0.080075	supercritical
1075.0	29.000	133.33	0.0075004	1134.3	1351.9	3.0024	1.0721	1.2979	533.08	0.097191	45.303	0.080178	supercritical
1076.7	29.000	133.12	0.0075122	1136.2	1354.0	3.0044	1.0725	1.2981	533.45	0.095541	45.345	0.080282	supercritical
1078.3	29.000	132.91	0.0075241	1138.0	1356.2	3.0064	1.0728	1.2983	533.82	0.093897	45.387	0.080385	supercritical
1080.0	29.000	132.70	0.0075359	1139.8	1358.4	3.0084	1.0732	1.2986	534.19	0.092259	45.428	0.080488	supercritical
1081.7	29.000	132.49	0.0075477	1141.6	1360.5	3.0104	1.0736	1.2988	534.55	0.090628	45.470	0.080591	supercritical
1083.3	29.000	132.28	0.0075595	1143.5	1362.7	3.0124	1.0739	1.2990	534.92	0.089003	45.512	0.080694	supercritical
1085.0	29.000	132.08	0.0075713	1145.3	1364.8	3.0144	1.0743	1.2993	535.29	0.087384	45.554	0.080797	supercritical
1086.7	29.000	131.87	0.0075831	1147.1	1367.0	3.0164	1.0747	1.2995	535.66	0.085771	45.595	0.080900	supercritical
1088.3	29.000	131.67	0.0075949	1148.9	1369.2	3.0184	1.0750	1.2997	536.02	0.084165	45.637	0.081003	supercritical
1090.0	29.000	131.46	0.0076067	1150.7	1371.3	3.0204	1.0754	1.3000	536.39	0.082565	45.679	0.081106	supercritical
1091.7	29.000	131.26	0.0076185	1152.6	1373.5	3.0224	1.0758	1.3002	536.75	0.080970	45.720	0.081208	supercritical
1093.3	29.000	131.06	0.0076303	1154.4	1375.7	3.0244	1.0761	1.3004	537.12	0.079382	45.762	0.081311	supercritical
1095.0	29.000	130.85	0.0076421	1156.2	1377.8	3.0263	1.0765	1.3007	537.49	0.077800	45.803	0.081414	supercritical
1096.7	29.000	130.65	0.0076539	1158.1	1380.0	3.0283	1.0768	1.3009	537.85	0.076224	45.845	0.081517	supercritical
1098.3	29.000	130.45	0.0076657	1159.9	1382.2	3.0303	1.0772	1.3011	538.21	0.074654	45.887	0.081620	supercritical
1100.0	29.000	130.25	0.0076774	1161.7	1384.4	3.0323	1.0776	1.3014	538.58	0.073089	45.928	0.081722	supercritical
1101.7	29.000	130.05	0.0076892	1163.5	1386.5	3.0342	1.0779	1.3016	538.94	0.071531	45.970	0.081825	supercritical
1103.3	29.000	129.85	0.0077010	1165.4	1388.7	3.0362	1.0783	1.3018	539.31	0.069978	46.011	0.081928	supercritical
1105.0	29.000	129.66	0.0077127	1167.2	1390.9	3.0382	1.0786	1.3020	539.67	0.068431	46.053	0.082030	supercritical
1106.7	29.000	129.46	0.0077245	1169.0	1393.0	3.0401	1.0790	1.3023	540.03	0.066890	46.094	0.082133	supercritical
1108.3	29.000	129.26	0.0077363	1170.8	1395.2	3.0421	1.0793	1.3025	540.39	0.065355	46.136	0.082235	supercritical
1110.0	29.000	129.07	0.0077480	1172.7	1397.4	3.0440	1.0797	1.3027	540.76	0.063826	46.177	0.082338	supercritical
1111.7	29.000	128.87	0.0077598	1174.5	1399.5	3.0460	1.0800	1.3030	541.12	0.062302	46.219	0.082440	supercritical
1113.3	29.000	128.67	0.0077715	1176.3	1401.7	3.0480	1.0804	1.3032	541.48	0.060784	46.260	0.082543	supercritical
1115.0	29.000	128.48	0.0077833	1178.2	1403.9	3.0499	1.0807	1.3034	541.84	0.059271	46.302	0.082645	supercritical
1116.7	29.000	128.29	0.0077950	1180.0	1406.1	3.0519	1.0811	1.3037	542.20	0.057764	46.343	0.082748	supercritical
1118.3	29.000	128.09	0.0078068	1181.8	1408.2	3.0538	1.0814	1.3039	542.56	0.056263	46.385	0.082850	supercritical
1120.0	29.000	127.90	0.0078185	1183.7	1410.4	3.0557	1.0818	1.3041	542.92	0.054767	46.426	0.082952	supercritical
1121.7	29.000	127.71	0.0078303	1185.5	1412.6	3.0577	1.0821	1.3043	543.28	0.053276	46.468	0.083055	supercritical
1123.3	29.000	127.52	0.0078420	1187.3	1414.8	3.0596	1.0825	1.3046	543.64	0.051792	46.509	0.083157	supercritical
1125.0	29.000	127.33	0.0078537	1189.2	1416.9	3.0615	1.0828	1.3048	544.00	0.050312	46.550	0.083259	supercritical
1126.7	29.000	127.14	0.0078655	1191.0	1419.1	3.0635	1.0832	1.3050	544.36	0.048838	46.592	0.083361	supercritical
1128.3	29.000	126.95	0.0078772	1192.8	1421.3	3.0654	1.0835	1.3052	544.72	0.047370	46.633	0.083464	supercritical
1130.0	29.000	126.76	0.0078889	1194.7	1423.5	3.0673	1.0838	1.3055	545.08	0.045906	46.674	0.083566	supercritical
1131.7	29.000	126.57	0.0079006	1196.5	1425.6	3.0693	1.0842	1.3057	545.44	0.044448	46.716	0.083668	supercritical
1133.3	29.000	126.38	0.0079124	1198.3	1427.8	3.0712	1.0845	1.3059	545.79	0.042996	46.757	0.083770	supercritical
1135.0	29.000	126.20	0.0079241	1200.2	1430.0	3.0731	1.0849	1.3061	546.15	0.041548	46.798	0.083872	supercritical
1136.7	29.000	126.01	0.0079358	1202.0	1432.2	3.0750	1.0852	1.3064	546.51	0.040106	46.840	0.083974	supercritical
1138.3	29.000	125.83	0.0079475	1203.9	1434.3	3.0769	1.0855	1.3066	546.87	0.038669	46.881	0.084076	supercritical
1140.0	29.000	125.64	0.0079592	1205.7	1436.5	3.0788	1.0859	1.3068	547.22	0.037238	46.922	0.084178	supercritical
1141.7	29.000	125.46	0.0079709	1207.5	1438.7	3.0808	1.0862	1.3070	547.58	0.035811	46.964	0.084280	supercritical
1143.3	29.000	125.27	0.0079826	1209.4	1440.9	3.0827	1.0865	1.3073	547.93	0.034390	47.005	0.084381	supercritical
1145.0	29.000	125.09	0.0079943	1211.2	1443.1	3.0846	1.0869	1.3075	548.29	0.032973	47.046	0.084483	supercritical
1146.7	29.000	124.91	0.0080060	1213.1	1445.2	3.0865	1.0872	1.3077	548.65	0.031562	47.087	0.084585	supercritical
1148.3	29.000	124.72	0.0080177	1214.9	1447.4	3.0884	1.0875	1.3079	549.00	0.030156	47.129	0.084687	supercritical
1150.0	29.000	124.54	0.0080294	1216.7	1449.6	3.0903	1.0879	1.3082	549.35	0.028755	47.170	0.084788	supercritical
1151.7	29.000	124.36	0.0080411	1218.6	1451.8	3.0922	1.0882	1.3084	549.71	0.027359	47.211	0.084890	supercritical
1153.3	29.000	124.18	0.0080528	1220.4	1454.0	3.0941	1.0885	1.3086	550.06	0.025968	47.252	0.084992	supercritical
1155.0	29.000	124.00	0.0080645	1222.3	1456.1	3.0959	1.0889	1.3088	550.42	0.024581	47.293	0.085093	supercritical
1156.7	29.000	123.82	0.0080762	1224.1	1458.3	3.0978	1.0892	1.3090	550.77	0.023200	47.334	0.085195	supercritical
1158.3	29.000	123.64	0.0080878	1225.9	1460.5	3.0997	1.0895	1.3093	551.12	0.021824	47.376	0.085296	supercritical
1160.0	29.000	123.46	0.0080995	1227.8	1462.7	3.1016	1.0898	1.3095	551.48	0.020452	47.417	0.085398	supercritical
1161.7	29.000	123.29	0.0081112	1229.6	1464.9	3.1035	1.0902	1.3097	551.83	0.019085	47.458	0.085499	supercritical
1163.3	29.000	123.11	0.0081229	1231.5	1467.0	3.1054	1.0905	1.3099	552.18	0.017724	47.499	0.085601	supercritical
1165.0	29.000	122.93	0.0081345	1233.3	1469.2	3.1072	1.0908	1.3101	552.53	0.016366	47.540	0.085702	supercritical
1166.7	29.000	122.76	0.0081462	1235.2	1471.4	3.1091	1.0911	1.3104	552.89	0.015014	47.581	0.085803	supercritical
1168.3	29.000	122.58	0.0081579	1237.0	1473.6	3.1110	1.0915	1.3106	553.24	0.013667	47.622	0.085905	supercritical
1170.0	29.000	122.41	0.0081695	1238.9	1475.8	3.1128	1.0918	1.3108	553.59	0.012324	47.663	0.086006	supercritical
1171.7	29.000	122.23	0.0081812	1240.7	1478.0	3.1147	1.0921	1.3110	553.94	0.010986	47.704	0.086107	supercritical
1173.3	29.000	122.06	0.0081928	1242.6	1480.1	3.1166	1.0924	1.3112	554.29	0.0096520	47.745	0.086208	supercritical
1175.0	29.000	121.88	0.0082045	1244.4	1482.3	3.1184	1.0927	1.3115	554.64	0.0083232	47.786	0.086310	supercritical
1176.7	29.000	121.71	0.0082161	1246.3	1484.5	3.1203	1.0930	1.3117	554.99	0.0069989	47.827	0.086411	supercritical
1178.3	29.000	121.54	0.0082278	1248.1	1486.7	3.1221	1.0934	1.3119	555.34	0.0056793	47.868	0.086512	supercritical
1180.0	29.000	121.37	0.0082394	1249.9	1488.9	3.1240	1.0937	1.3121	555.69	0.0043643	47.909	0.086613	supercritical
1181.7	29.000	121.20	0.0082511	1251.8	1491.1	3.1259	1.0940	1.3123	556.04	0.0030537	47.950	0.086714	supercritical
1183.3	29.000	121.03	0.0082627	1253.6	1493.3	3.1277	1.0943	1.3125	556.39	0.0017478	47.991	0.086815	supercritical
1185.0	29.000	120.86	0.0082744	1255.5	1495.5	3.1296	1.0946	1.3128	556.74	0.00044628	48.032	0.086916	supercritical
1186.7	29.000	120.69	0.0082860	1257.3	1497.6	3.1314	1.0949	1.3130	557.08	-0.00085072	48.073	0.087017	supercritical
1188.3	29.000	120.52	0.0082976	1259.2	1499.8	3.1332	1.0952	1.3132	557.43	-0.0021433	48.114	0.087117	supercritical
1190.0	29.000	120.35	0.0083093	1261.1	1502.0	3.1351	1.0956	1.3134	557.78	-0.0034314	48.155	0.087218	supercritical
1191.7	29.000	120.18	0.0083209	1262.9	1504.2	3.1369	1.0959	1.3136	558.13	-0.0047151	48.195	0.087319	supercritical
1193.3	29.000	120.01	0.0083325	1264.8	1506.4	3.1388	1.0962	1.3138	558.47	-0.0059944	48.236	0.087420	supercritical
1195.0	29.000	119.84	0.0083442	1266.6	1508.6	3.1406	1.0965	1.3140	558.82	-0.0072693	48.277	0.087520	supercritical
1196.7	29.000	119.68	0.0083558	1268.5	1510.8	3.1424	1.0968	1.3143	559.17	-0.0085399	48.318	0.087621	supercritical
1198.3	29.000	119.51	0.0083674	1270.3	1513.0	3.1443	1.0971	1.3145	559.51	-0.0098062	48.359	0.087722	supercritical
1200.0	29.000	119.35	0.0083790	1272.2	1515.2	3.1461	1.0974	1.3147	559.86	-0.011068	48.399	0.087822	supercritical
1201.7	29.000	119.18	0.0083906	1274.0	1517.4	3.1479	1.0977	1.3149	560.21	-0.012326	48.440	0.087923	supercritical
1203.3	29.000	119.02	0.0084023	1275.9	1519.5	3.1497	1.0980	1.3151	560.55	-0.013579	48.481	0.088023	supercritical
1205.0	29.000	118.85	0.0084139	1277.7	1521.7	3.1515	1.0983	1.3153	560.90	-0.014829	48.522	0.088124	supercritical
1206.7	29.000	118.69	0.0084255	1279.6	1523.9	3.1534	1.0986	1.3155	561.24	-0.016074	48.563	0.088224	supercritical
1208.3	29.000	118.52	0.0084371	1281.4	1526.1	3.1552	1.0989	1.3157	561.59	-0.017314	48.603	0.088324	supercritical
1210.0	29.000	118.36	0.0084487	1283.3	1528.3	3.1570	1.0992	1.3159	561.93	-0.018551	48.644	0.088425	supercritical
1211.7	29.000	118.20	0.0084603	1285.2	1530.5	3.1588	1.0995	1.3162	562.27	-0.019783	48.685	0.088525	supercritical
1213.3	29.000	118.04	0.0084719	1287.0	1532.7	3.1606	1.0998	1.3164	562.62	-0.021012	48.725	0.088625	supercritical
1215.0	29.000	117.88	0.0084835	1288.9	1534.9	3.1624	1.1001	1.3166	562.96	-0.022236	48.766	0.088726	supercritical
1216.7	29.000	117.72	0.0084951	1290.7	1537.1	3.1642	1.1004	1.3168	563.31	-0.023456	48.807	0.088826	supercritical
1218.3	29.000	117.55	0.0085067	1292.6	1539.3	3.1660	1.1007	1.3170	563.65	-0.024672	48.847	0.088926	supercritical
1220.0	29.000	117.39	0.0085183	1294.5	1541.5	3.1678	1.1010	1.3172	563.99	-0.025884	48.888	0.089026	supercritical
1221.7	29.000	117.24	0.0085299	1296.3	1543.7	3.1696	1.1013	1.3174	564.33	-0.027092	48.929	0.089126	supercritical
1223.3	29.000	117.08	0.0085414	1298.2	1545.9	3.1714	1.1016	1.3176	564.68	-0.028296	48.969	0.089226	supercritical
1225.0	29.000	116.92	0.0085530	1300.0	1548.1	3.1732	1.1019	1.3178	565.02	-0.029496	49.010	0.089326	supercritical
1226.7	29.000	116.76	0.0085646	1301.9	1550.3	3.1750	1.1022	1.3180	565.36	-0.030692	49.050	0.089426	supercritical
1228.3	29.000	116.60	0.0085762	1303.8	1552.5	3.1768	1.1025	1.3182	565.70	-0.031884	49.091	0.089526	supercritical
1230.0	29.000	116.44	0.0085878	1305.6	1554.7	3.1786	1.1028	1.3184	566.04	-0.033072	49.132	0.089626	supercritical
1231.7	29.000	116.29	0.0085993	1307.5	1556.9	3.1804	1.1031	1.3186	566.38	-0.034257	49.172	0.089725	supercritical
1233.3	29.000	116.13	0.0086109	1309.3	1559.1	3.1822	1.1034	1.3189	566.72	-0.035437	49.213	0.089825	supercritical
1235.0	29.000	115.98	0.0086225	1311.2	1561.3	3.1839	1.1036	1.3191	567.06	-0.036614	49.253	0.089925	supercritical
1236.7	29.000	115.82	0.0086341	1313.1	1563.5	3.1857	1.1039	1.3193	567.40	-0.037786	49.294	0.090025	supercritical
1238.3	29.000	115.67	0.0086456	1314.9	1565.6	3.1875	1.1042	1.3195	567.74	-0.038955	49.334	0.090124	supercritical
1240.0	29.000	115.51	0.0086572	1316.8	1567.8	3.1893	1.1045	1.3197	568.08	-0.040120	49.375	0.090224	supercritical
1241.7	29.000	115.36	0.0086688	1318.7	1570.0	3.1910	1.1048	1.3199	568.42	-0.041281	49.415	0.090323	supercritical
1243.3	29.000	115.20	0.0086803	1320.5	1572.2	3.1928	1.1051	1.3201	568.76	-0.042439	49.455	0.090423	supercritical
1245.0	29.000	115.05	0.0086919	1322.4	1574.4	3.1946	1.1054	1.3203	569.10	-0.043592	49.496	0.090522	supercritical
1246.7	29.000	114.90	0.0087034	1324.3	1576.6	3.1963	1.1056	1.3205	569.44	-0.044742	49.536	0.090622	supercritical
1248.3	29.000	114.74	0.0087150	1326.1	1578.9	3.1981	1.1059	1.3207	569.78	-0.045888	49.577	0.090721	supercritical
1250.0	29.000	114.59	0.0087265	1328.0	1581.1	3.1999	1.1062	1.3209	570.12	-0.047031	49.617	0.090821	supercritical
1251.7	29.000	114.44	0.0087381	1329.8	1583.3	3.2016	1.1065	1.3211	570.45	-0.048169	49.657	0.090920	supercritical
1253.3	29.000	114.29	0.0087496	1331.7	1585.5	3.2034	1.1068	1.3213	570.79	-0.049305	49.698	0.091019	supercritical
1255.0	29.000	114.14	0.0087612	1333.6	1587.7	3.2051	1.1071	1.3215	571.13	-0.050436	49.738	0.091118	supercritical
1256.7	29.000	113.99	0.0087727	1335.5	1589.9	3.2069	1.1073	1.3217	571.47	-0.051564	49.779	0.091218	supercritical
1258.3	29.000	113.84	0.0087843	1337.3	1592.1	3.2087	1.1076	1.3219	571.80	-0.052688	49.819	0.091317	supercritical
1260.0	29.000	113.69	0.0087958	1339.2	1594.3	3.2104	1.1079	1.3221	572.14	-0.053809	49.859	0.091416	supercritical
1261.7	29.000	113.54	0.0088074	1341.1	1596.5	3.2122	1.1082	1.3223	572.48	-0.054926	49.899	0.091515	supercritical
1263.3	29.000	113.39	0.0088189	1342.9	1598.7	3.2139	1.1085	1.3225	572.81	-0.056039	49.940	0.091614	supercritical
1265.0	29.000	113.24	0.0088304	1344.8	1600.9	3.2156	1.1087	1.3227	573.15	-0.057149	49.980	0.091713	supercritical
1266.7	29.000	113.10	0.0088420	1346.7	1603.1	3.2174	1.1090	1.3229	573.48	-0.058256	50.020	0.091812	supercritical
1268.3	29.000	112.95	0.0088535	1348.5	1605.3	3.2191	1.1093	1.3231	573.82	-0.059358	50.060	0.091911	supercritical
1270.0	29.000	112.80	0.0088650	1350.4	1607.5	3.2209	1.1096	1.3233	574.15	-0.060458	50.101	0.092010	supercritical
1271.7	29.000	112.66	0.0088766	1352.3	1609.7	3.2226	1.1098	1.3235	574.49	-0.061554	50.141	0.092109	supercritical
1273.3	29.000	112.51	0.0088881	1354.2	1611.9	3.2243	1.1101	1.3237	574.82	-0.062646	50.181	0.092207	supercritical
1275.0	29.000	112.36	0.0088996	1356.0	1614.1	3.2261	1.1104	1.3239	575.16	-0.063735	50.221	0.092306	supercritical
1276.7	29.000	112.22	0.0089111	1357.9	1616.3	3.2278	1.1106	1.3241	575.49	-0.064821	50.261	0.092405	supercritical
1278.3	29.000	112.07	0.0089227	1359.8	1618.5	3.2295	1.1109	1.3243	575.82	-0.065903	50.302	0.092503	supercritical
1280.0	29.000	111.93	0.0089342	1361.6	1620.7	3.2312	1.1112	1.3245	576.16	-0.066981	50.342	0.092602	supercritical
1281.7	29.000	111.79	0.0089457	1363.5	1622.9	3.2330	1.1115	1.3247	576.49	-0.068057	50.382	0.092701	supercritical
1283.3	29.000	111.64	0.0089572	1365.4	1625.1	3.2347	1.1117	1.3249	576.82	-0.069129	50.422	0.092799	supercritical
1285.0	29.000	111.50	0.0089687	1367.3	1627.4	3.2364	1.1120	1.3250	577.16	-0.070197	50.462	0.092898	supercritical
1286.7	29.000	111.36	0.0089802	1369.1	1629.6	3.2381	1.1123	1.3252	577.49	-0.071263	50.502	0.092996	supercritical
1288.3	29.000	111.21	0.0089917	1371.0	1631.8	3.2398	1.1125	1.3254	577.82	-0.072325	50.542	0.093095	supercritical
1290.0	29.000	111.07	0.0090032	1372.9	1634.0	3.2416	1.1128	1.3256	578.15	-0.073383	50.582	0.093193	supercritical
1291.7	29.000	110.93	0.0090148	1374.8	1636.2	3.2433	1.1131	1.3258	578.49	-0.074439	50.622	0.093291	supercritical
1293.3	29.000	110.79	0.0090263	1376.6	1638.4	3.2450	1.1133	1.3260	578.82	-0.075491	50.662	0.093389	supercritical
1295.0	29.000	110.65	0.0090378	1378.5	1640.6	3.2467	1.1136	1.3262	579.15	-0.076540	50.702	0.093488	supercritical
1296.7	29.000	110.51	0.0090493	1380.4	1642.8	3.2484	1.1138	1.3264	579.48	-0.077585	50.742	0.093586	supercritical
1298.3	29.000	110.37	0.0090608	1382.3	1645.0	3.2501	1.1141	1.3266	579.81	-0.078628	50.782	0.093684	supercritical
1300.0	29.000	110.23	0.0090723	1384.1	1647.2	3.2518	1.1144	1.3268	580.14	-0.079667	50.822	0.093782	supercritical