Temperature (K)	Pressure (MPa)	Density (kg/m3)	Volume (m3/kg)	Internal Energy (kJ/kg)	Enthalpy (kJ/kg)	Entropy (J/g*K)	Cv (J/g*K)	Cp (J/g*K)	Sound Spd. (m/s)	Joule-Thomson (K/MPa)	Viscosity (uPa*s)	Therm. Cond. (W/m*K)	Phase
300	30	959.7	0.001042	213.44	244.7	1.0581	0.91659	1.9186	686.21	0.08472	109.15	0.11781	liquid
301.67	30	953.52	0.0010487	216.44	247.9	1.0687	0.91594	1.9231	678.52	0.096577	107.24	0.11648	liquid
303.33	30	947.3	0.0010556	219.44	251.11	1.0793	0.91531	1.9276	670.88	0.10878	105.36	0.11516	liquid
305	30	941.04	0.0010627	222.45	254.33	1.0899	0.91471	1.9322	663.31	0.12134	103.53	0.11385	supercritical
306.67	30	934.74	0.0010698	225.46	257.55	1.1004	0.91413	1.9369	655.79	0.13426	101.74	0.11255	supercritical
308.33	30	928.41	0.0010771	228.47	260.78	1.1109	0.91357	1.9416	648.34	0.14756	99.995	0.11127	supercritical
310	30	922.04	0.0010846	231.49	264.02	1.1214	0.91301	1.9464	640.96	0.16124	98.283	0.11	supercritical
311.67	30	915.63	0.0010921	234.51	267.27	1.1319	0.91246	1.9513	633.64	0.17531	96.608	0.10874	supercritical
313.33	30	909.18	0.0010999	237.53	270.53	1.1423	0.9119	1.9562	626.38	0.18977	94.969	0.1075	supercritical
315	30	902.69	0.0011078	240.56	273.79	1.1527	0.91135	1.961	619.2	0.20464	93.365	0.10627	supercritical
316.67	30	896.16	0.0011159	243.59	277.06	1.163	0.9108	1.9659	612.08	0.21991	91.794	0.10505	supercritical
318.33	30	889.6	0.0011241	246.62	280.34	1.1734	0.91026	1.9708	605.03	0.23559	90.257	0.10385	supercritical
320	30	883	0.0011325	249.66	283.63	1.1837	0.90973	1.9756	598.05	0.25169	88.751	0.10266	supercritical
321.67	30	876.37	0.0011411	252.7	286.93	1.194	0.90922	1.9804	591.15	0.2682	87.277	0.10148	supercritical
323.33	30	869.69	0.0011498	255.74	290.23	1.2042	0.90874	1.9852	584.32	0.28513	85.833	0.10032	supercritical
325	30	862.99	0.0011588	258.78	293.55	1.2144	0.9083	1.9899	577.56	0.30249	84.419	0.099171	supercritical
326.67	30	856.24	0.0011679	261.83	296.87	1.2246	0.90789	1.9947	570.89	0.32027	83.033	0.098037	supercritical
328.33	30	849.47	0.0011772	264.88	300.2	1.2348	0.90753	1.9994	564.29	0.33849	81.676	0.096918	supercritical
330	30	842.66	0.0011867	267.93	303.53	1.2449	0.90721	2.0041	557.78	0.35715	80.346	0.095813	supercritical
331.67	30	835.82	0.0011964	270.98	306.88	1.255	0.90693	2.0087	551.36	0.37624	79.043	0.094723	supercritical
333.33	30	828.96	0.0012063	274.04	310.23	1.2651	0.90669	2.0133	545.03	0.39578	77.766	0.093647	supercritical
335	30	822.06	0.0012165	277.09	313.59	1.2752	0.90648	2.0179	538.8	0.41577	76.515	0.092587	supercritical
336.67	30	815.14	0.0012268	280.15	316.95	1.2852	0.9063	2.0224	532.67	0.4362	75.289	0.091541	supercritical
338.33	30	808.19	0.0012373	283.21	320.33	1.2952	0.90614	2.0269	526.64	0.45707	74.088	0.090511	supercritical
340	30	801.21	0.0012481	286.27	323.71	1.3051	0.90599	2.0312	520.72	0.47838	72.911	0.089496	supercritical
341.67	30	794.22	0.0012591	289.33	327.1	1.3151	0.90586	2.0354	514.91	0.50012	71.758	0.088496	supercritical
343.33	30	787.2	0.0012703	292.38	330.49	1.325	0.90573	2.0394	509.2	0.52226	70.628	0.087511	supercritical
345	30	780.17	0.0012818	295.44	333.9	1.3349	0.9056	2.0432	503.62	0.54481	69.521	0.086541	supercritical
346.67	30	773.12	0.0012935	298.5	337.3	1.3447	0.90547	2.0467	498.15	0.56773	68.437	0.085588	supercritical
348.33	30	766.06	0.0013054	301.56	340.72	1.3546	0.90534	2.05	492.8	0.59099	67.375	0.084649	supercritical
350	30	758.98	0.0013176	304.61	344.14	1.3644	0.9052	2.0529	487.58	0.61457	66.336	0.083726	supercritical
351.67	30	751.91	0.00133	307.66	347.56	1.3741	0.90506	2.0555	482.48	0.63844	65.318	0.082819	supercritical
353.33	30	744.83	0.0013426	310.71	350.99	1.3838	0.90491	2.0577	477.51	0.66256	64.323	0.081927	supercritical
355	30	737.75	0.0013555	313.76	354.42	1.3935	0.90476	2.0594	472.67	0.68688	63.349	0.081051	supercritical
356.67	30	730.67	0.0013686	316.8	357.85	1.4032	0.9046	2.0607	467.96	0.71137	62.396	0.080191	supercritical
358.33	30	723.6	0.001382	319.83	361.29	1.4128	0.90444	2.0615	463.39	0.73599	61.466	0.079346	supercritical
360	30	716.55	0.0013956	322.86	364.73	1.4224	0.90427	2.0618	458.95	0.76069	60.556	0.078518	supercritical
361.67	30	709.51	0.0014094	325.88	368.16	1.4319	0.9041	2.0615	454.65	0.78542	59.668	0.077705	supercritical
363.33	30	702.5	0.0014235	328.89	371.6	1.4414	0.90393	2.0607	450.49	0.81015	58.801	0.076908	supercritical
365	30	695.51	0.0014378	331.9	375.03	1.4508	0.90376	2.0592	446.47	0.83484	57.955	0.076127	supercritical
366.67	30	688.56	0.0014523	334.89	378.46	1.4602	0.90358	2.0573	442.58	0.85945	57.131	0.075362	supercritical
368.33	30	681.63	0.0014671	337.88	381.89	1.4695	0.90341	2.0548	438.83	0.88394	56.327	0.074613	supercritical
370	30	674.75	0.001482	340.85	385.31	1.4788	0.90323	2.0517	435.21	0.90828	55.544	0.07388	supercritical
371.67	30	667.91	0.0014972	343.81	388.73	1.488	0.90305	2.048	431.73	0.93243	54.782	0.073162	supercritical
373.33	30	661.12	0.0015126	346.76	392.14	1.4971	0.90288	2.0439	428.39	0.95638	54.04	0.072461	supercritical
375	30	654.38	0.0015282	349.69	395.54	1.5062	0.9027	2.0392	425.17	0.98008	53.318	0.071775	supercritical
376.67	30	647.7	0.0015439	352.62	398.93	1.5153	0.90252	2.0341	422.08	1.0035	52.617	0.071104	supercritical
378.33	30	641.07	0.0015599	355.52	402.32	1.5242	0.90233	2.0285	419.12	1.0267	51.936	0.070449	supercritical
380	30	634.51	0.001576	358.41	405.69	1.5331	0.90215	2.0224	416.28	1.0495	51.274	0.069809	supercritical
381.67	30	628.01	0.0015923	361.29	409.06	1.542	0.90196	2.016	413.57	1.0719	50.632	0.069184	supercritical
383.33	30	621.58	0.0016088	364.15	412.41	1.5507	0.90178	2.0091	410.97	1.094	50.008	0.068574	supercritical
385	30	615.22	0.0016254	366.99	415.76	1.5594	0.90158	2.0018	408.49	1.1158	49.404	0.067979	supercritical
386.67	30	608.94	0.0016422	369.82	419.09	1.5681	0.90139	1.9942	406.13	1.137	48.818	0.067398	supercritical
388.33	30	602.73	0.0016591	372.63	422.4	1.5766	0.90119	1.9863	403.87	1.1579	48.25	0.066831	supercritical
390	30	596.59	0.0016762	375.42	425.71	1.5851	0.90099	1.9781	401.73	1.1783	47.7	0.066278	supercritical
391.67	30	590.54	0.0016934	378.2	429	1.5935	0.90078	1.9695	399.69	1.1982	47.167	0.065739	supercritical
393.33	30	584.56	0.0017107	380.95	432.27	1.6019	0.90057	1.9608	397.76	1.2176	46.652	0.065213	supercritical
395	30	578.67	0.0017281	383.69	435.53	1.6101	0.90036	1.9517	395.92	1.2364	46.153	0.064701	supercritical
396.67	30	572.86	0.0017456	386.41	438.78	1.6183	0.90014	1.9424	394.18	1.2548	45.67	0.064202	supercritical
398.33	30	567.14	0.0017632	389.11	442.01	1.6265	0.89992	1.933	392.54	1.2725	45.204	0.063715	supercritical
400	30	561.5	0.001781	391.79	445.22	1.6345	0.8997	1.9233	390.99	1.2897	44.753	0.063242	supercritical
401.67	30	555.94	0.0017988	394.46	448.42	1.6425	0.89948	1.9135	389.53	1.3063	44.317	0.06278	supercritical
403.33	30	550.47	0.0018166	397.1	451.6	1.6504	0.89925	1.9035	388.15	1.3223	43.896	0.06233	supercritical
405	30	545.09	0.0018346	399.73	454.76	1.6582	0.89902	1.8934	386.86	1.3377	43.49	0.061893	supercritical
406.67	30	539.79	0.0018526	402.33	457.91	1.666	0.89879	1.8832	385.64	1.3525	43.098	0.061467	supercritical
408.33	30	534.58	0.0018706	404.92	461.04	1.6737	0.89856	1.8729	384.51	1.3666	42.719	0.061052	supercritical
410	30	529.46	0.0018887	407.49	464.15	1.6813	0.89833	1.8625	383.45	1.3801	42.354	0.060648	supercritical
411.67	30	524.42	0.0019069	410.04	467.25	1.6888	0.89809	1.852	382.46	1.393	42.001	0.060255	supercritical
413.33	30	519.46	0.0019251	412.57	470.33	1.6963	0.89787	1.8415	381.54	1.4052	41.661	0.059873	supercritical
415	30	514.6	0.0019433	415.09	473.39	1.7037	0.89764	1.831	380.68	1.4168	41.333	0.059501	supercritical
416.67	30	509.81	0.0019615	417.58	476.43	1.711	0.89742	1.8205	379.89	1.4278	41.018	0.05914	supercritical
418.33	30	505.11	0.0019798	420.06	479.46	1.7182	0.8972	1.81	379.16	1.4381	40.713	0.058788	supercritical
420	30	500.5	0.001998	422.52	482.46	1.7254	0.89698	1.7995	378.49	1.4479	40.42	0.058446	supercritical
421.67	30	495.96	0.0020163	424.97	485.45	1.7325	0.89677	1.789	377.87	1.457	40.137	0.058113	supercritical
423.33	30	491.51	0.0020346	427.39	488.43	1.7395	0.89656	1.7786	377.31	1.4655	39.865	0.05779	supercritical
425	30	487.13	0.0020528	429.8	491.38	1.7465	0.89636	1.7683	376.8	1.4734	39.603	0.057476	supercritical
426.67	30	482.84	0.0020711	432.19	494.32	1.7534	0.89617	1.758	376.33	1.4807	39.35	0.05717	supercritical
428.33	30	478.62	0.0020893	434.56	497.24	1.7602	0.89599	1.7479	375.92	1.4875	39.107	0.056873	supercritical
430	30	474.48	0.0021076	436.92	500.15	1.767	0.89581	1.7378	375.55	1.4937	38.873	0.056584	supercritical
431.67	30	470.41	0.0021258	439.26	503.04	1.7737	0.89564	1.7278	375.22	1.4993	38.648	0.056302	supercritical
433.33	30	466.42	0.002144	441.59	505.91	1.7804	0.89548	1.718	374.93	1.5045	38.431	0.056029	supercritical
435	30	462.5	0.0021622	443.9	508.76	1.7869	0.89533	1.7083	374.68	1.5091	38.223	0.055763	supercritical
436.67	30	458.65	0.0021803	446.19	511.6	1.7934	0.89519	1.6986	374.46	1.5132	38.022	0.055503	supercritical
438.33	30	454.87	0.0021984	448.47	514.42	1.7999	0.89506	1.6892	374.28	1.5168	37.829	0.05525	supercritical
440	30	451.16	0.0022165	450.74	517.23	1.8063	0.89494	1.6799	374.14	1.52	37.643	0.055004	supercritical
441.67	30	447.51	0.0022346	452.99	520.02	1.8126	0.89484	1.6707	374.03	1.5227	37.465	0.054763	supercritical
443.33	30	443.93	0.0022526	455.22	522.8	1.8189	0.89474	1.6616	373.94	1.525	37.293	0.054527	supercritical
445	30	440.42	0.0022706	457.45	525.56	1.8251	0.89465	1.6527	373.89	1.5269	37.128	0.054295	supercritical
446.67	30	436.97	0.0022885	459.66	528.31	1.8313	0.89458	1.644	373.86	1.5283	36.969	0.054067	supercritical
448.33	30	433.58	0.0023064	461.85	531.04	1.8374	0.89451	1.6354	373.86	1.5293	36.817	0.053842	supercritical
450	30	430.25	0.0023242	464.03	533.76	1.8434	0.89446	1.627	373.89	1.53	36.67	0.053616	supercritical
451.67	30	426.98	0.002342	466.2	536.47	1.8494	0.89442	1.6187	373.93	1.5303	36.529	0.053387	supercritical
453.33	30	423.76	0.0023598	468.36	539.16	1.8554	0.89439	1.6106	374.01	1.5303	36.394	0.053149	supercritical
455	30	420.61	0.0023775	470.51	541.83	1.8613	0.89437	1.6026	374.1	1.5299	36.264	0.052881	supercritical
456.67	30	417.5	0.0023952	472.64	544.5	1.8671	0.89437	1.5948	374.21	1.5292	36.139	0.052509	supercritical
458.33	30	414.45	0.0024128	474.77	547.15	1.8729	0.89438	1.5871	374.34	1.5282	36.02	0.052391	supercritical
460	30	411.46	0.0024304	476.88	549.79	1.8787	0.8944	1.5796	374.49	1.5268	35.905	0.052279	supercritical
461.67	30	408.51	0.0024479	478.98	552.42	1.8844	0.89443	1.5723	374.66	1.5252	35.794	0.052171	supercritical
463.33	30	405.62	0.0024654	481.07	555.03	1.89	0.89447	1.5651	374.85	1.5233	35.688	0.052069	supercritical
465	30	402.77	0.0024828	483.15	557.63	1.8956	0.89452	1.558	375.05	1.5212	35.587	0.051972	supercritical
466.67	30	399.98	0.0025002	485.22	560.22	1.9012	0.89459	1.5511	375.27	1.5188	35.489	0.051879	supercritical
468.33	30	397.22	0.0025175	487.28	562.8	1.9067	0.89467	1.5444	375.5	1.5162	35.396	0.051791	supercritical
470	30	394.52	0.0025347	489.33	565.37	1.9122	0.89476	1.5378	375.74	1.5133	35.307	0.051707	supercritical
471.67	30	391.86	0.002552	491.37	567.93	1.9176	0.89486	1.5313	376	1.5102	35.221	0.051628	supercritical
473.33	30	389.24	0.0025691	493.4	570.48	1.923	0.89497	1.525	376.27	1.5069	35.139	0.051553	supercritical
475	30	386.66	0.0025862	495.43	573.01	1.9284	0.8951	1.5188	376.56	1.5034	35.06	0.051482	supercritical
476.67	30	384.13	0.0026033	497.44	575.54	1.9337	0.89524	1.5128	376.85	1.4997	34.985	0.051415	supercritical
478.33	30	381.64	0.0026203	499.45	578.06	1.9389	0.89538	1.5068	377.16	1.4958	34.913	0.051352	supercritical
480	30	379.18	0.0026373	501.45	580.56	1.9442	0.89554	1.5011	377.47	1.4917	34.844	0.051293	supercritical
481.67	30	376.77	0.0026542	503.43	583.06	1.9494	0.89571	1.4954	377.8	1.4875	34.778	0.051237	supercritical
483.33	30	374.39	0.002671	505.42	585.55	1.9545	0.89589	1.4899	378.13	1.4831	34.716	0.051185	supercritical
485	30	372.05	0.0026878	507.39	588.03	1.9596	0.89608	1.4844	378.48	1.4786	34.656	0.051136	supercritical
486.67	30	369.74	0.0027046	509.36	590.5	1.9647	0.89628	1.4792	378.83	1.4739	34.599	0.051091	supercritical
488.33	30	367.47	0.0027213	511.32	592.96	1.9698	0.89649	1.474	379.19	1.4691	34.544	0.051049	supercritical
490	30	365.24	0.0027379	513.27	595.41	1.9748	0.89671	1.4689	379.56	1.4642	34.492	0.05101	supercritical
491.67	30	363.04	0.0027545	515.22	597.85	1.9798	0.89694	1.464	379.94	1.4591	34.443	0.050974	supercritical
493.33	30	360.87	0.0027711	517.16	600.29	1.9847	0.89718	1.4592	380.32	1.454	34.396	0.050941	supercritical
495	30	358.73	0.0027876	519.09	602.72	1.9896	0.89743	1.4545	380.71	1.4487	34.352	0.050912	supercritical
496.67	30	356.63	0.002804	521.02	605.14	1.9945	0.89769	1.4498	381.11	1.4433	34.309	0.050885	supercritical
498.33	30	354.55	0.0028205	522.94	607.55	1.9993	0.89796	1.4453	381.51	1.4378	34.269	0.05086	supercritical
500	30	352.51	0.0028368	524.85	609.96	2.0042	0.89824	1.4409	381.92	1.4322	34.231	0.050839	supercritical
501.67	30	350.49	0.0028531	526.76	612.35	2.009	0.89853	1.4366	382.34	1.4265	34.196	0.05082	supercritical
503.33	30	348.51	0.0028694	528.66	614.74	2.0137	0.89882	1.4324	382.76	1.4208	34.162	0.050804	supercritical
505	30	346.55	0.0028856	530.56	617.13	2.0184	0.89913	1.4283	383.18	1.4149	34.13	0.05079	supercritical
506.67	30	344.62	0.0029018	532.45	619.5	2.0231	0.89944	1.4243	383.61	1.409	34.1	0.050779	supercritical
508.33	30	342.71	0.0029179	534.34	621.88	2.0278	0.89976	1.4204	384.05	1.403	34.072	0.05077	supercritical
510	30	340.83	0.002934	536.22	624.24	2.0325	0.90009	1.4165	384.49	1.397	34.045	0.050763	supercritical
511.67	30	338.98	0.00295	538.1	626.6	2.0371	0.90043	1.4128	384.93	1.3909	34.021	0.050758	supercritical
513.33	30	337.15	0.002966	539.97	628.95	2.0417	0.90077	1.4091	385.38	1.3847	33.998	0.050756	supercritical
515	30	335.35	0.0029819	541.84	631.29	2.0462	0.90112	1.4055	385.83	1.3785	33.976	0.050756	supercritical
516.67	30	333.57	0.0029978	543.7	633.63	2.0508	0.90148	1.402	386.28	1.3723	33.957	0.050758	supercritical
518.33	30	331.82	0.0030137	545.56	635.97	2.0553	0.90185	1.3986	386.74	1.366	33.938	0.050762	supercritical
520	30	330.09	0.0030295	547.41	638.3	2.0597	0.90222	1.3952	387.2	1.3596	33.921	0.050768	supercritical
521.67	30	328.38	0.0030453	549.26	640.62	2.0642	0.90261	1.392	387.66	1.3532	33.906	0.050777	supercritical
523.33	30	326.69	0.003061	551.11	642.94	2.0686	0.90299	1.3888	388.13	1.3468	33.892	0.050786	supercritical
525	30	325.03	0.0030767	552.95	645.25	2.0731	0.90339	1.3857	388.6	1.3404	33.88	0.050798	supercritical
526.67	30	323.38	0.0030923	554.78	647.55	2.0774	0.90379	1.3826	389.07	1.3339	33.868	0.050812	supercritical
528.33	30	321.76	0.0031079	556.62	649.86	2.0818	0.9042	1.3796	389.55	1.3274	33.858	0.050827	supercritical
530	30	320.15	0.0031235	558.45	652.15	2.0861	0.90461	1.3767	390.03	1.3208	33.85	0.050844	supercritical
531.67	30	318.57	0.003139	560.28	654.45	2.0905	0.90503	1.3739	390.51	1.3143	33.842	0.050863	supercritical
533.33	30	317.01	0.0031545	562.1	656.73	2.0948	0.90546	1.3711	390.99	1.3077	33.836	0.050884	supercritical
535	30	315.46	0.0031699	563.92	659.02	2.099	0.90589	1.3684	391.47	1.3011	33.831	0.050906	supercritical
536.67	30	313.94	0.0031853	565.73	661.29	2.1033	0.90633	1.3657	391.96	1.2945	33.827	0.050929	supercritical
538.33	30	312.43	0.0032007	567.55	663.57	2.1075	0.90677	1.3631	392.44	1.2879	33.824	0.050955	supercritical
540	30	310.94	0.003216	569.36	665.84	2.1117	0.90722	1.3606	392.93	1.2812	33.822	0.050981	supercritical
541.67	30	309.47	0.0032313	571.16	668.1	2.1159	0.90767	1.3581	393.42	1.2746	33.821	0.05101	supercritical
543.33	30	308.02	0.0032466	572.97	670.36	2.1201	0.90813	1.3556	393.92	1.2679	33.821	0.051039	supercritical
545	30	306.58	0.0032618	574.77	672.62	2.1242	0.9086	1.3533	394.41	1.2613	33.822	0.05107	supercritical
546.67	30	305.16	0.0032769	576.57	674.88	2.1284	0.90906	1.351	394.91	1.2546	33.824	0.051103	supercritical
548.33	30	303.76	0.0032921	578.36	677.13	2.1325	0.90954	1.3487	395.4	1.2479	33.827	0.051136	supercritical
550	30	302.37	0.0033072	580.16	679.37	2.1366	0.91002	1.3465	395.9	1.2413	33.831	0.051172	supercritical
551.67	30	301	0.0033223	581.95	681.61	2.1406	0.9105	1.3443	396.4	1.2346	33.836	0.051208	supercritical
553.33	30	299.64	0.0033373	583.73	683.85	2.1447	0.91099	1.3422	396.9	1.2279	33.841	0.051246	supercritical
555	30	298.3	0.0033523	585.52	686.09	2.1487	0.91148	1.3401	397.4	1.2213	33.848	0.051285	supercritical
556.67	30	296.98	0.0033673	587.3	688.32	2.1527	0.91197	1.3381	397.9	1.2146	33.855	0.051325	supercritical
558.33	30	295.67	0.0033822	589.08	690.55	2.1567	0.91247	1.3361	398.4	1.208	33.863	0.051366	supercritical
560	30	294.37	0.0033971	590.86	692.77	2.1607	0.91298	1.3342	398.91	1.2013	33.872	0.051408	supercritical
561.67	30	293.09	0.003412	592.64	695	2.1647	0.91349	1.3323	399.41	1.1947	33.881	0.051452	supercritical
563.33	30	291.82	0.0034268	594.41	697.21	2.1686	0.914	1.3305	399.92	1.1881	33.891	0.051497	supercritical
565	30	290.56	0.0034416	596.18	699.43	2.1725	0.91451	1.3287	400.42	1.1815	33.902	0.051542	supercritical
566.67	30	289.32	0.0034563	597.95	701.64	2.1765	0.91503	1.3269	400.93	1.1749	33.914	0.051589	supercritical
568.33	30	288.09	0.0034711	599.72	703.85	2.1803	0.91555	1.3252	401.43	1.1683	33.926	0.051637	supercritical
570	30	286.88	0.0034858	601.49	706.06	2.1842	0.91608	1.3235	401.94	1.1617	33.939	0.051686	supercritical
571.67	30	285.68	0.0035005	603.25	708.27	2.1881	0.91661	1.3218	402.45	1.1551	33.953	0.051736	supercritical
573.33	30	284.49	0.0035151	605.01	710.47	2.1919	0.91714	1.3202	402.96	1.1486	33.967	0.051787	supercritical
575	30	283.31	0.0035297	606.77	712.67	2.1958	0.91767	1.3187	403.46	1.142	33.982	0.051839	supercritical
576.67	30	282.14	0.0035443	608.53	714.86	2.1996	0.91821	1.3171	403.97	1.1355	33.998	0.051892	supercritical
578.33	30	280.99	0.0035588	610.29	717.06	2.2034	0.91875	1.3156	404.48	1.129	34.014	0.051946	supercritical
580	30	279.85	0.0035734	612.05	719.25	2.2072	0.9193	1.3142	404.99	1.1225	34.03	0.052	supercritical
581.67	30	278.72	0.0035879	613.8	721.44	2.2109	0.91984	1.3127	405.5	1.1161	34.048	0.052056	supercritical
583.33	30	277.6	0.0036023	615.55	723.62	2.2147	0.92039	1.3113	406.01	1.1096	34.065	0.052112	supercritical
585	30	276.49	0.0036168	617.31	725.81	2.2184	0.92094	1.31	406.52	1.1032	34.084	0.052169	supercritical
586.67	30	275.39	0.0036312	619.06	727.99	2.2221	0.9215	1.3086	407.02	1.0968	34.103	0.052228	supercritical
588.33	30	274.31	0.0036455	620.8	730.17	2.2259	0.92205	1.3073	407.53	1.0904	34.122	0.052287	supercritical
590	30	273.23	0.0036599	622.55	732.35	2.2296	0.92261	1.306	408.04	1.0841	34.142	0.052346	supercritical
591.67	30	272.17	0.0036742	624.3	734.52	2.2332	0.92317	1.3048	408.55	1.0777	34.162	0.052407	supercritical
593.33	30	271.11	0.0036885	626.04	736.7	2.2369	0.92374	1.3036	409.06	1.0714	34.183	0.052468	supercritical
595	30	270.07	0.0037028	627.79	738.87	2.2406	0.9243	1.3024	409.57	1.0651	34.204	0.05253	supercritical
596.67	30	269.03	0.003717	629.53	741.04	2.2442	0.92487	1.3012	410.08	1.0588	34.226	0.052593	supercritical
598.33	30	268.01	0.0037313	631.27	743.21	2.2478	0.92544	1.3001	410.59	1.0526	34.248	0.052657	supercritical
600	30	266.99	0.0037454	633.01	745.37	2.2514	0.92601	1.299	411.1	1.0463	34.27	0.052721	supercritical
601.67	30	265.98	0.0037596	634.75	747.54	2.255	0.92658	1.2979	411.61	1.0401	34.293	0.052786	supercritical
603.33	30	264.99	0.0037738	636.49	749.7	2.2586	0.92716	1.2968	412.12	1.034	34.316	0.052852	supercritical
605	30	264	0.0037879	638.22	751.86	2.2622	0.92773	1.2958	412.62	1.0278	34.34	0.052918	supercritical
606.67	30	263.02	0.003802	639.96	754.02	2.2658	0.92831	1.2948	413.13	1.0217	34.364	0.052985	supercritical
608.33	30	262.05	0.003816	641.69	756.17	2.2693	0.92889	1.2938	413.64	1.0156	34.389	0.053053	supercritical
610	30	261.09	0.0038301	643.43	758.33	2.2729	0.92947	1.2929	414.15	1.0095	34.414	0.053121	supercritical
611.67	30	260.14	0.0038441	645.16	760.48	2.2764	0.93005	1.2919	414.65	1.0034	34.439	0.05319	supercritical
613.33	30	259.2	0.0038581	646.89	762.64	2.2799	0.93064	1.291	415.16	0.99738	34.465	0.05326	supercritical
615	30	258.26	0.0038721	648.63	764.79	2.2834	0.93122	1.2901	415.67	0.99138	34.491	0.05333	supercritical
616.67	30	257.33	0.003886	650.36	766.94	2.2869	0.93181	1.2892	416.17	0.9854	34.517	0.053401	supercritical
618.33	30	256.41	0.0038999	652.09	769.09	2.2904	0.9324	1.2884	416.68	0.97944	34.544	0.053472	supercritical
620	30	255.5	0.0039138	653.82	771.23	2.2938	0.93299	1.2876	417.19	0.97352	34.571	0.053544	supercritical
621.67	30	254.6	0.0039277	655.55	773.38	2.2973	0.93358	1.2867	417.69	0.96761	34.598	0.053617	supercritical
623.33	30	253.71	0.0039416	657.27	775.52	2.3007	0.93417	1.286	418.2	0.96174	34.626	0.05369	supercritical
625	30	252.82	0.0039554	659	777.66	2.3042	0.93476	1.2852	418.7	0.95589	34.653	0.053764	supercritical
626.67	30	251.94	0.0039692	660.73	779.81	2.3076	0.93536	1.2844	419.2	0.95007	34.682	0.053838	supercritical
628.33	30	251.07	0.003983	662.45	781.95	2.311	0.93595	1.2837	419.71	0.94427	34.71	0.053913	supercritical
630	30	250.2	0.0039968	664.18	784.08	2.3144	0.93655	1.283	420.21	0.9385	34.739	0.053988	supercritical
631.67	30	249.34	0.0040105	665.91	786.22	2.3178	0.93714	1.2823	420.71	0.93276	34.768	0.054064	supercritical
633.33	30	248.49	0.0040243	667.63	788.36	2.3212	0.93774	1.2816	421.22	0.92705	34.798	0.05414	supercritical
635	30	247.65	0.004038	669.36	790.49	2.3245	0.93834	1.281	421.72	0.92136	34.827	0.054217	supercritical
636.67	30	246.81	0.0040516	671.08	792.63	2.3279	0.93893	1.2803	422.22	0.9157	34.857	0.054294	supercritical
638.33	30	245.98	0.0040653	672.8	794.76	2.3312	0.93953	1.2797	422.72	0.91006	34.887	0.054372	supercritical
640	30	245.16	0.004079	674.53	796.89	2.3346	0.94013	1.2791	423.22	0.90445	34.918	0.05445	supercritical
641.67	30	244.34	0.0040926	676.25	799.03	2.3379	0.94073	1.2785	423.72	0.89887	34.948	0.054529	supercritical
643.33	30	243.54	0.0041062	677.97	801.16	2.3412	0.94133	1.2779	424.22	0.89332	34.979	0.054608	supercritical
645	30	242.73	0.0041198	679.69	803.28	2.3445	0.94194	1.2773	424.72	0.88779	35.01	0.054687	supercritical
646.67	30	241.94	0.0041333	681.41	805.41	2.3478	0.94254	1.2768	425.22	0.8823	35.042	0.054767	supercritical
648.33	30	241.15	0.0041469	683.13	807.54	2.3511	0.94314	1.2762	425.72	0.87682	35.073	0.054848	supercritical
650	30	240.36	0.0041604	684.86	809.67	2.3544	0.94374	1.2757	426.21	0.87138	35.105	0.054929	supercritical
651.67	30	239.58	0.0041739	686.58	811.79	2.3576	0.94435	1.2752	426.71	0.86596	35.137	0.05501	supercritical
653.33	30	238.81	0.0041874	688.3	813.92	2.3609	0.94495	1.2747	427.21	0.86057	35.169	0.055091	supercritical
655	30	238.05	0.0042009	690.02	816.04	2.3642	0.94555	1.2743	427.7	0.8552	35.202	0.055173	supercritical
656.67	30	237.29	0.0042143	691.74	818.17	2.3674	0.94616	1.2738	428.2	0.84987	35.235	0.055256	supercritical
658.33	30	236.53	0.0042278	693.46	820.29	2.3706	0.94676	1.2733	428.69	0.84456	35.267	0.055339	supercritical
660	30	235.78	0.0042412	695.17	822.41	2.3738	0.94736	1.2729	429.18	0.83927	35.3	0.055422	supercritical
661.67	30	235.04	0.0042546	696.89	824.53	2.377	0.94797	1.2725	429.68	0.83402	35.334	0.055506	supercritical
663.33	30	234.3	0.004268	698.61	826.65	2.3802	0.94857	1.2721	430.17	0.82878	35.367	0.05559	supercritical
665	30	233.57	0.0042813	700.33	828.77	2.3834	0.94918	1.2717	430.66	0.82358	35.401	0.055674	supercritical
666.67	30	232.85	0.0042947	702.05	830.89	2.3866	0.94978	1.2713	431.15	0.8184	35.435	0.055759	supercritical
668.33	30	232.13	0.004308	703.77	833.01	2.3898	0.95039	1.2709	431.65	0.81325	35.469	0.055844	supercritical
670	30	231.41	0.0043213	705.49	835.13	2.393	0.95099	1.2705	432.14	0.80813	35.503	0.055929	supercritical
671.67	30	230.7	0.0043346	707.21	837.24	2.3961	0.9516	1.2702	432.63	0.80303	35.537	0.056015	supercritical
673.33	30	230	0.0043479	708.92	839.36	2.3993	0.9522	1.2698	433.12	0.79796	35.572	0.056101	supercritical
675	30	229.3	0.0043612	710.64	841.48	2.4024	0.95281	1.2695	433.6	0.79291	35.606	0.056187	supercritical
676.67	30	228.6	0.0043744	712.36	843.59	2.4055	0.95341	1.2692	434.09	0.78789	35.641	0.056274	supercritical
678.33	30	227.91	0.0043876	714.08	845.71	2.4087	0.95401	1.2689	434.58	0.7829	35.676	0.056361	supercritical
680	30	227.23	0.0044008	715.8	847.82	2.4118	0.95462	1.2686	435.07	0.77793	35.711	0.056448	supercritical
681.67	30	226.55	0.004414	717.52	849.94	2.4149	0.95522	1.2683	435.55	0.77299	35.746	0.056536	supercritical
683.33	30	225.88	0.0044272	719.23	852.05	2.418	0.95583	1.268	436.04	0.76807	35.782	0.056624	supercritical
685	30	225.21	0.0044404	720.95	854.16	2.4211	0.95643	1.2677	436.52	0.76318	35.817	0.056712	supercritical
686.67	30	224.54	0.0044535	722.67	856.28	2.4241	0.95703	1.2675	437.01	0.75832	35.853	0.0568	supercritical
688.33	30	223.88	0.0044667	724.39	858.39	2.4272	0.95764	1.2672	437.49	0.75348	35.889	0.056889	supercritical
690	30	223.22	0.0044798	726.11	860.5	2.4303	0.95824	1.267	437.97	0.74866	35.925	0.056978	supercritical
691.67	30	222.57	0.0044929	727.82	862.61	2.4333	0.95884	1.2667	438.46	0.74388	35.961	0.057068	supercritical
693.33	30	221.93	0.004506	729.54	864.72	2.4364	0.95944	1.2665	438.94	0.73911	35.997	0.057157	supercritical
695	30	221.29	0.0045191	731.26	866.83	2.4394	0.96005	1.2663	439.42	0.73437	36.034	0.057247	supercritical
696.67	30	220.65	0.0045321	732.98	868.94	2.4425	0.96065	1.2661	439.9	0.72966	36.07	0.057337	supercritical
698.33	30	220.01	0.0045452	734.7	871.05	2.4455	0.96125	1.2659	440.38	0.72497	36.107	0.057428	supercritical
700	30	219.39	0.0045582	736.42	873.16	2.4485	0.96185	1.2657	440.86	0.7203	36.144	0.057519	supercritical
701.67	30	218.76	0.0045712	738.14	875.27	2.4515	0.96245	1.2655	441.34	0.71566	36.181	0.05761	supercritical
703.33	30	218.14	0.0045842	739.85	877.38	2.4545	0.96305	1.2653	441.82	0.71105	36.218	0.057701	supercritical
705	30	217.52	0.0045972	741.57	879.49	2.4575	0.96365	1.2652	442.29	0.70646	36.255	0.057792	supercritical
706.67	30	216.91	0.0046102	743.29	881.6	2.4605	0.96425	1.265	442.77	0.70189	36.292	0.057884	supercritical
708.33	30	216.3	0.0046231	745.01	883.71	2.4635	0.96484	1.2649	443.25	0.69735	36.329	0.057976	supercritical
710	30	215.7	0.0046361	746.73	885.81	2.4664	0.96544	1.2647	443.72	0.69283	36.367	0.058068	supercritical
711.67	30	215.1	0.004649	748.45	887.92	2.4694	0.96604	1.2646	444.2	0.68833	36.404	0.05816	supercritical
713.33	30	214.5	0.0046619	750.17	890.03	2.4724	0.96664	1.2644	444.67	0.68386	36.442	0.058253	supercritical
715	30	213.91	0.0046748	751.89	892.14	2.4753	0.96723	1.2643	445.15	0.67941	36.48	0.058346	supercritical
716.67	30	213.32	0.0046877	753.61	894.24	2.4783	0.96783	1.2642	445.62	0.67499	36.517	0.058439	supercritical
718.33	30	212.74	0.0047006	755.33	896.35	2.4812	0.96842	1.2641	446.09	0.67059	36.555	0.058532	supercritical
720	30	212.16	0.0047135	757.05	898.46	2.4841	0.96902	1.264	446.56	0.66621	36.593	0.058625	supercritical
721.67	30	211.58	0.0047263	758.77	900.56	2.487	0.96961	1.2639	447.03	0.66186	36.631	0.058719	supercritical
723.33	30	211.01	0.0047392	760.5	902.67	2.49	0.9702	1.2638	447.5	0.65752	36.67	0.058813	supercritical
725	30	210.44	0.004752	762.22	904.78	2.4929	0.9708	1.2637	447.97	0.65321	36.708	0.058907	supercritical
726.67	30	209.87	0.0047648	763.94	906.88	2.4958	0.97139	1.2636	448.44	0.64893	36.746	0.059001	supercritical
728.33	30	209.31	0.0047776	765.66	908.99	2.4987	0.97198	1.2636	448.91	0.64466	36.785	0.059096	supercritical
730	30	208.75	0.0047904	767.38	911.09	2.5016	0.97257	1.2635	449.38	0.64042	36.823	0.05919	supercritical
731.67	30	208.2	0.0048032	769.11	913.2	2.5044	0.97316	1.2635	449.85	0.63621	36.862	0.059285	supercritical
733.33	30	207.64	0.004816	770.83	915.31	2.5073	0.97375	1.2634	450.31	0.63201	36.901	0.05938	supercritical
735	30	207.09	0.0048287	772.55	917.41	2.5102	0.97433	1.2634	450.78	0.62783	36.94	0.059475	supercritical
736.67	30	206.55	0.0048414	774.27	919.52	2.513	0.97492	1.2633	451.25	0.62368	36.978	0.059571	supercritical
738.33	30	206.01	0.0048542	776	921.62	2.5159	0.97551	1.2633	451.71	0.61955	37.017	0.059666	supercritical
740	30	205.47	0.0048669	777.72	923.73	2.5187	0.97609	1.2632	452.17	0.61544	37.056	0.059762	supercritical
741.67	30	204.93	0.0048796	779.45	925.83	2.5216	0.97668	1.2632	452.64	0.61136	37.096	0.059858	supercritical
743.33	30	204.4	0.0048923	781.17	927.94	2.5244	0.97726	1.2632	453.1	0.60729	37.135	0.059954	supercritical
745	30	203.87	0.004905	782.9	930.04	2.5273	0.97785	1.2632	453.56	0.60325	37.174	0.06005	supercritical
746.67	30	203.35	0.0049177	784.62	932.15	2.5301	0.97843	1.2632	454.02	0.59922	37.213	0.060147	supercritical
748.33	30	202.83	0.0049303	786.35	934.26	2.5329	0.97901	1.2632	454.49	0.59522	37.253	0.060243	supercritical
750	30	202.31	0.004943	788.07	936.36	2.5357	0.97959	1.2632	454.95	0.59124	37.292	0.06034	supercritical
751.67	30	201.79	0.0049556	789.8	938.47	2.5385	0.98017	1.2632	455.41	0.58728	37.332	0.060437	supercritical
753.33	30	201.28	0.0049682	791.52	940.57	2.5413	0.98075	1.2632	455.86	0.58334	37.371	0.060534	supercritical
755	30	200.77	0.0049808	793.25	942.68	2.5441	0.98133	1.2632	456.32	0.57942	37.411	0.060631	supercritical
756.67	30	200.26	0.0049935	794.98	944.78	2.5469	0.98191	1.2632	456.78	0.57552	37.451	0.060728	supercritical
758.33	30	199.76	0.005006	796.71	946.89	2.5497	0.98248	1.2632	457.24	0.57165	37.49	0.060825	supercritical
760	30	199.26	0.0050186	798.43	948.99	2.5524	0.98306	1.2633	457.7	0.56779	37.53	0.060923	supercritical
761.67	30	198.76	0.0050312	800.16	951.1	2.5552	0.98363	1.2633	458.15	0.56395	37.57	0.061021	supercritical
763.33	30	198.26	0.0050438	801.89	953.2	2.558	0.98421	1.2633	458.61	0.56013	37.61	0.061119	supercritical
765	30	197.77	0.0050563	803.62	955.31	2.5607	0.98478	1.2634	459.06	0.55634	37.65	0.061217	supercritical
766.67	30	197.28	0.0050689	805.35	957.41	2.5635	0.98535	1.2634	459.52	0.55256	37.69	0.061315	supercritical
768.33	30	196.8	0.0050814	807.08	959.52	2.5662	0.98592	1.2634	459.97	0.5488	37.73	0.061413	supercritical
770	30	196.31	0.0050939	808.81	961.63	2.5689	0.98649	1.2635	460.42	0.54506	37.77	0.061511	supercritical
771.67	30	195.83	0.0051064	810.54	963.73	2.5717	0.98706	1.2636	460.88	0.54134	37.81	0.06161	supercritical
773.33	30	195.35	0.0051189	812.27	965.84	2.5744	0.98763	1.2636	461.33	0.53764	37.851	0.061708	supercritical
775	30	194.88	0.0051314	814	967.94	2.5771	0.9882	1.2637	461.78	0.53396	37.891	0.061807	supercritical
776.67	30	194.41	0.0051439	815.73	970.05	2.5798	0.98876	1.2637	462.23	0.5303	37.931	0.061906	supercritical
778.33	30	193.93	0.0051564	817.47	972.16	2.5826	0.98933	1.2638	462.68	0.52666	37.972	0.062005	supercritical
780	30	193.47	0.0051688	819.2	974.26	2.5853	0.98989	1.2639	463.13	0.52303	38.012	0.062104	supercritical
781.67	30	193	0.0051813	820.93	976.37	2.588	0.99046	1.264	463.58	0.51943	38.053	0.062203	supercritical
783.33	30	192.54	0.0051937	822.66	978.48	2.5906	0.99102	1.264	464.03	0.51584	38.093	0.062303	supercritical
785	30	192.08	0.0052062	824.4	980.58	2.5933	0.99158	1.2641	464.47	0.51227	38.134	0.062402	supercritical
786.67	30	191.62	0.0052186	826.13	982.69	2.596	0.99214	1.2642	464.92	0.50872	38.174	0.062501	supercritical
788.33	30	191.17	0.005231	827.87	984.8	2.5987	0.9927	1.2643	465.37	0.50519	38.215	0.062601	supercritical
790	30	190.72	0.0052434	829.6	986.9	2.6014	0.99326	1.2644	465.81	0.50168	38.256	0.062701	supercritical
791.67	30	190.27	0.0052558	831.34	989.01	2.604	0.99381	1.2645	466.26	0.49818	38.296	0.062801	supercritical
793.33	30	189.82	0.0052682	833.07	991.12	2.6067	0.99437	1.2646	466.7	0.4947	38.337	0.062901	supercritical
795	30	189.37	0.0052806	834.81	993.23	2.6093	0.99493	1.2647	467.15	0.49124	38.378	0.063001	supercritical
796.67	30	188.93	0.0052929	836.55	995.33	2.612	0.99548	1.2648	467.59	0.4878	38.419	0.063101	supercritical
798.33	30	188.49	0.0053053	838.28	997.44	2.6146	0.99603	1.2649	468.03	0.48438	38.46	0.063201	supercritical
800	30	188.05	0.0053176	840.02	999.55	2.6173	0.99658	1.265	468.48	0.48097	38.501	0.063301	supercritical
801.67	30	187.62	0.00533	841.76	1001.7	2.6199	0.99714	1.2651	468.92	0.47758	38.542	0.063402	supercritical
803.33	30	187.18	0.0053423	843.5	1003.8	2.6225	0.99769	1.2652	469.36	0.47421	38.582	0.063502	supercritical
805	30	186.75	0.0053546	845.24	1005.9	2.6251	0.99823	1.2653	469.8	0.47085	38.623	0.063603	supercritical
806.67	30	186.33	0.005367	846.98	1008	2.6278	0.99878	1.2655	470.24	0.46751	38.665	0.063703	supercritical
808.33	30	185.9	0.0053793	848.72	1010.1	2.6304	0.99933	1.2656	470.68	0.46419	38.706	0.063804	supercritical
810	30	185.48	0.0053916	850.46	1012.2	2.633	0.99987	1.2657	471.12	0.46088	38.747	0.063905	supercritical
811.67	30	185.05	0.0054039	852.2	1014.3	2.6356	1.0004	1.2658	471.56	0.45759	38.788	0.064006	supercritical
813.33	30	184.63	0.0054161	853.94	1016.4	2.6382	1.001	1.266	471.99	0.45432	38.829	0.064107	supercritical
815	30	184.22	0.0054284	855.68	1018.5	2.6408	1.0015	1.2661	472.43	0.45107	38.87	0.064208	supercritical
816.67	30	183.8	0.0054407	857.42	1020.6	2.6434	1.002	1.2662	472.87	0.44783	38.911	0.064309	supercritical
818.33	30	183.39	0.0054529	859.17	1022.8	2.6459	1.0026	1.2664	473.3	0.44461	38.953	0.06441	supercritical
820	30	182.98	0.0054652	860.91	1024.9	2.6485	1.0031	1.2665	473.74	0.4414	38.994	0.064512	supercritical
821.67	30	182.57	0.0054774	862.65	1027	2.6511	1.0037	1.2667	474.17	0.43821	39.035	0.064613	supercritical
823.33	30	182.16	0.0054896	864.4	1029.1	2.6537	1.0042	1.2668	474.61	0.43503	39.077	0.064714	supercritical
825	30	181.76	0.0055019	866.14	1031.2	2.6562	1.0047	1.2669	475.04	0.43187	39.118	0.064816	supercritical
826.67	30	181.35	0.0055141	867.89	1033.3	2.6588	1.0053	1.2671	475.48	0.42873	39.159	0.064917	supercritical
828.33	30	180.95	0.0055263	869.63	1035.4	2.6613	1.0058	1.2672	475.91	0.4256	39.201	0.065019	supercritical
830	30	180.55	0.0055385	871.38	1037.5	2.6639	1.0063	1.2674	476.34	0.42249	39.242	0.065121	supercritical
831.67	30	180.16	0.0055507	873.13	1039.6	2.6664	1.0069	1.2676	476.77	0.41939	39.284	0.065223	supercritical
833.33	30	179.76	0.0055629	874.87	1041.8	2.669	1.0074	1.2677	477.2	0.41631	39.325	0.065324	supercritical
835	30	179.37	0.0055751	876.62	1043.9	2.6715	1.0079	1.2679	477.63	0.41325	39.367	0.065426	supercritical
836.67	30	178.98	0.0055872	878.37	1046	2.674	1.0085	1.268	478.06	0.4102	39.408	0.065528	supercritical
838.33	30	178.59	0.0055994	880.12	1048.1	2.6765	1.009	1.2682	478.49	0.40716	39.45	0.06563	supercritical
840	30	178.2	0.0056115	881.87	1050.2	2.6791	1.0095	1.2684	478.92	0.40414	39.491	0.065732	supercritical
841.67	30	177.82	0.0056237	883.62	1052.3	2.6816	1.01	1.2685	479.35	0.40113	39.533	0.065834	supercritical
843.33	30	177.44	0.0056358	885.37	1054.4	2.6841	1.0106	1.2687	479.78	0.39814	39.574	0.065937	supercritical
845	30	177.06	0.005648	887.12	1056.6	2.6866	1.0111	1.2689	480.21	0.39516	39.616	0.066039	supercritical
846.67	30	176.68	0.0056601	888.87	1058.7	2.6891	1.0116	1.269	480.63	0.3922	39.657	0.066141	supercritical
848.33	30	176.3	0.0056722	890.62	1060.8	2.6916	1.0121	1.2692	481.06	0.38925	39.699	0.066243	supercritical
850	30	175.92	0.0056843	892.37	1062.9	2.6941	1.0126	1.2694	481.49	0.38632	39.741	0.066346	supercritical
851.67	30	175.55	0.0056964	894.13	1065	2.6966	1.0132	1.2695	481.91	0.3834	39.782	0.066448	supercritical
853.33	30	175.18	0.0057085	895.88	1067.1	2.699	1.0137	1.2697	482.34	0.3805	39.824	0.066551	supercritical
855	30	174.81	0.0057206	897.63	1069.3	2.7015	1.0142	1.2699	482.76	0.37761	39.866	0.066653	supercritical
856.67	30	174.44	0.0057327	899.39	1071.4	2.704	1.0147	1.2701	483.18	0.37473	39.908	0.066756	supercritical
858.33	30	174.07	0.0057448	901.14	1073.5	2.7065	1.0152	1.2703	483.61	0.37187	39.949	0.066858	supercritical
860	30	173.71	0.0057568	902.9	1075.6	2.7089	1.0157	1.2704	484.03	0.36902	39.991	0.066961	supercritical
861.67	30	173.34	0.0057689	904.65	1077.7	2.7114	1.0162	1.2706	484.45	0.36618	40.033	0.067064	supercritical
863.33	30	172.98	0.0057809	906.41	1079.8	2.7138	1.0167	1.2708	484.87	0.36336	40.075	0.067167	supercritical
865	30	172.62	0.005793	908.16	1082	2.7163	1.0173	1.271	485.29	0.36055	40.116	0.067269	supercritical
866.67	30	172.26	0.005805	909.92	1084.1	2.7187	1.0178	1.2712	485.71	0.35776	40.158	0.067372	supercritical
868.33	30	171.91	0.0058171	911.68	1086.2	2.7212	1.0183	1.2714	486.13	0.35497	40.2	0.067475	supercritical
870	30	171.55	0.0058291	913.44	1088.3	2.7236	1.0188	1.2716	486.55	0.35221	40.242	0.067578	supercritical
871.67	30	171.2	0.0058411	915.2	1090.4	2.7261	1.0193	1.2718	486.97	0.34945	40.284	0.067681	supercritical
873.33	30	170.85	0.0058531	916.96	1092.6	2.7285	1.0198	1.272	487.39	0.34671	40.325	0.067784	supercritical
875	30	170.5	0.0058651	918.72	1094.7	2.7309	1.0203	1.2721	487.81	0.34398	40.367	0.067887	supercritical
876.67	30	170.15	0.0058771	920.48	1096.8	2.7333	1.0208	1.2723	488.23	0.34126	40.409	0.06799	supercritical
878.33	30	169.8	0.0058891	922.24	1098.9	2.7358	1.0213	1.2725	488.64	0.33856	40.451	0.068093	supercritical
880	30	169.46	0.0059011	924	1101	2.7382	1.0218	1.2727	489.06	0.33587	40.493	0.068196	supercritical
881.67	30	169.12	0.0059131	925.76	1103.2	2.7406	1.0223	1.2729	489.48	0.33319	40.535	0.068299	supercritical
883.33	30	168.77	0.0059251	927.52	1105.3	2.743	1.0228	1.2731	489.89	0.33053	40.577	0.068402	supercritical
885	30	168.43	0.0059371	929.29	1107.4	2.7454	1.0233	1.2733	490.31	0.32788	40.619	0.068506	supercritical
886.67	30	168.09	0.005949	931.05	1109.5	2.7478	1.0238	1.2735	490.72	0.32524	40.66	0.068609	supercritical
888.33	30	167.76	0.005961	932.81	1111.6	2.7502	1.0243	1.2737	491.14	0.32261	40.702	0.068712	supercritical
890	30	167.42	0.0059729	934.58	1113.8	2.7526	1.0247	1.2739	491.55	0.31999	40.744	0.068815	supercritical
891.67	30	167.09	0.0059849	936.34	1115.9	2.7549	1.0252	1.2742	491.96	0.31739	40.786	0.068919	supercritical
893.33	30	166.76	0.0059968	938.11	1118	2.7573	1.0257	1.2744	492.38	0.3148	40.828	0.069022	supercritical
895	30	166.42	0.0060088	939.87	1120.1	2.7597	1.0262	1.2746	492.79	0.31222	40.87	0.069125	supercritical
896.67	30	166.09	0.0060207	941.64	1122.3	2.7621	1.0267	1.2748	493.2	0.30965	40.912	0.069229	supercritical
898.33	30	165.77	0.0060326	943.41	1124.4	2.7644	1.0272	1.275	493.61	0.3071	40.954	0.069332	supercritical
900	30	165.44	0.0060445	945.18	1126.5	2.7668	1.0277	1.2752	494.02	0.30456	40.996	0.069436	supercritical
901.67	30	165.11	0.0060564	946.94	1128.6	2.7692	1.0281	1.2754	494.43	0.30203	41.038	0.069539	supercritical
903.33	30	164.79	0.0060683	948.71	1130.8	2.7715	1.0286	1.2756	494.84	0.29951	41.08	0.069642	supercritical
905	30	164.47	0.0060802	950.48	1132.9	2.7739	1.0291	1.2758	495.25	0.297	41.122	0.069746	supercritical
906.67	30	164.15	0.0060921	952.25	1135	2.7762	1.0296	1.276	495.66	0.2945	41.164	0.069849	supercritical
908.33	30	163.83	0.006104	954.02	1137.1	2.7786	1.0301	1.2762	496.07	0.29202	41.206	0.069953	supercritical
910	30	163.51	0.0061159	955.79	1139.3	2.7809	1.0305	1.2765	496.48	0.28954	41.248	0.070056	supercritical
911.67	30	163.19	0.0061278	957.56	1141.4	2.7832	1.031	1.2767	496.88	0.28708	41.29	0.07016	supercritical
913.33	30	162.88	0.0061396	959.34	1143.5	2.7856	1.0315	1.2769	497.29	0.28463	41.332	0.070264	supercritical
915	30	162.56	0.0061515	961.11	1145.7	2.7879	1.032	1.2771	497.7	0.28219	41.374	0.070367	supercritical
916.67	30	162.25	0.0061634	962.88	1147.8	2.7902	1.0324	1.2773	498.1	0.27976	41.416	0.070471	supercritical
918.33	30	161.94	0.0061752	964.66	1149.9	2.7925	1.0329	1.2775	498.51	0.27734	41.458	0.070574	supercritical
920	30	161.63	0.0061871	966.43	1152	2.7948	1.0334	1.2778	498.91	0.27494	41.5	0.070678	supercritical
921.67	30	161.32	0.0061989	968.2	1154.2	2.7972	1.0339	1.278	499.32	0.27254	41.542	0.070782	supercritical
923.33	30	161.01	0.0062107	969.98	1156.3	2.7995	1.0343	1.2782	499.72	0.27016	41.584	0.070885	supercritical
925	30	160.71	0.0062226	971.75	1158.4	2.8018	1.0348	1.2784	500.12	0.26778	41.626	0.070989	supercritical
926.67	30	160.4	0.0062344	973.53	1160.6	2.8041	1.0353	1.2786	500.53	0.26542	41.668	0.071093	supercritical
928.33	30	160.1	0.0062462	975.31	1162.7	2.8064	1.0357	1.2789	500.93	0.26307	41.71	0.071196	supercritical
930	30	159.79	0.006258	977.08	1164.8	2.8087	1.0362	1.2791	501.33	0.26073	41.752	0.0713	supercritical
931.67	30	159.49	0.0062698	978.86	1167	2.811	1.0366	1.2793	501.74	0.25839	41.794	0.071404	supercritical
933.33	30	159.19	0.0062816	980.64	1169.1	2.8132	1.0371	1.2795	502.14	0.25607	41.836	0.071507	supercritical
935	30	158.9	0.0062934	982.42	1171.2	2.8155	1.0376	1.2797	502.54	0.25376	41.878	0.071611	supercritical
936.67	30	158.6	0.0063052	984.2	1173.4	2.8178	1.038	1.28	502.94	0.25146	41.92	0.071715	supercritical
938.33	30	158.3	0.006317	985.98	1175.5	2.8201	1.0385	1.2802	503.34	0.24917	41.962	0.071818	supercritical
940	30	158.01	0.0063288	987.76	1177.6	2.8224	1.0389	1.2804	503.74	0.24689	42.004	0.071922	supercritical
941.67	30	157.71	0.0063406	989.54	1179.8	2.8246	1.0394	1.2806	504.14	0.24462	42.046	0.072026	supercritical
943.33	30	157.42	0.0063524	991.32	1181.9	2.8269	1.0399	1.2809	504.54	0.24236	42.088	0.07213	supercritical
945	30	157.13	0.0063641	993.1	1184	2.8292	1.0403	1.2811	504.93	0.24011	42.13	0.072233	supercritical
946.67	30	156.84	0.0063759	994.88	1186.2	2.8314	1.0408	1.2813	505.33	0.23787	42.172	0.072337	supercritical
948.33	30	156.55	0.0063877	996.67	1188.3	2.8337	1.0412	1.2815	505.73	0.23564	42.214	0.072441	supercritical
950	30	156.26	0.0063994	998.45	1190.4	2.8359	1.0417	1.2818	506.13	0.23342	42.256	0.072545	supercritical
951.67	30	155.98	0.0064112	1000.2	1192.6	2.8382	1.0421	1.282	506.52	0.23121	42.298	0.072648	supercritical
953.33	30	155.69	0.0064229	1002	1194.7	2.8404	1.0426	1.2822	506.92	0.22901	42.34	0.072752	supercritical
955	30	155.41	0.0064346	1003.8	1196.8	2.8426	1.043	1.2824	507.32	0.22682	42.382	0.072856	supercritical
956.67	30	155.13	0.0064464	1005.6	1199	2.8449	1.0435	1.2827	507.71	0.22464	42.424	0.07296	supercritical
958.33	30	154.84	0.0064581	1007.4	1201.1	2.8471	1.0439	1.2829	508.11	0.22246	42.466	0.073063	supercritical
960	30	154.56	0.0064698	1009.2	1203.3	2.8493	1.0443	1.2831	508.5	0.2203	42.508	0.073167	supercritical
961.67	30	154.28	0.0064816	1010.9	1205.4	2.8516	1.0448	1.2834	508.89	0.21815	42.55	0.073271	supercritical
963.33	30	154.01	0.0064933	1012.7	1207.5	2.8538	1.0452	1.2836	509.29	0.216	42.592	0.073375	supercritical
965	30	153.73	0.006505	1014.5	1209.7	2.856	1.0457	1.2838	509.68	0.21387	42.634	0.073478	supercritical
966.67	30	153.45	0.0065167	1016.3	1211.8	2.8582	1.0461	1.2841	510.07	0.21174	42.676	0.073582	supercritical
968.33	30	153.18	0.0065284	1018.1	1214	2.8604	1.0465	1.2843	510.47	0.20963	42.718	0.073686	supercritical
970	30	152.9	0.0065401	1019.9	1216.1	2.8626	1.047	1.2845	510.86	0.20752	42.76	0.073789	supercritical
971.67	30	152.63	0.0065518	1021.7	1218.2	2.8649	1.0474	1.2847	511.25	0.20542	42.802	0.073893	supercritical
973.33	30	152.36	0.0065635	1023.5	1220.4	2.8671	1.0478	1.285	511.64	0.20333	42.844	0.073997	supercritical
975	30	152.09	0.0065752	1025.3	1222.5	2.8693	1.0483	1.2852	512.03	0.20125	42.885	0.074101	supercritical
976.67	30	151.82	0.0065868	1027.1	1224.7	2.8714	1.0487	1.2854	512.42	0.19918	42.927	0.074204	supercritical
978.33	30	151.55	0.0065985	1028.8	1226.8	2.8736	1.0491	1.2857	512.81	0.19712	42.969	0.074308	supercritical
980	30	151.28	0.0066102	1030.6	1228.9	2.8758	1.0496	1.2859	513.2	0.19506	43.011	0.074412	supercritical
981.67	30	151.02	0.0066219	1032.4	1231.1	2.878	1.05	1.2861	513.59	0.19302	43.053	0.074515	supercritical
983.33	30	150.75	0.0066335	1034.2	1233.2	2.8802	1.0504	1.2864	513.98	0.19098	43.095	0.074619	supercritical
985	30	150.49	0.0066452	1036	1235.4	2.8824	1.0509	1.2866	514.37	0.18895	43.137	0.074723	supercritical
986.67	30	150.22	0.0066568	1037.8	1237.5	2.8845	1.0513	1.2868	514.75	0.18693	43.179	0.074826	supercritical
988.33	30	149.96	0.0066685	1039.6	1239.7	2.8867	1.0517	1.2871	515.14	0.18492	43.221	0.07493	supercritical
990	30	149.7	0.0066801	1041.4	1241.8	2.8889	1.0521	1.2873	515.53	0.18292	43.263	0.075034	supercritical
991.67	30	149.44	0.0066918	1043.2	1244	2.8911	1.0526	1.2875	515.92	0.18093	43.305	0.075137	supercritical
993.33	30	149.18	0.0067034	1045	1246.1	2.8932	1.053	1.2878	516.3	0.17894	43.347	0.075241	supercritical
995	30	148.92	0.006715	1046.8	1248.3	2.8954	1.0534	1.288	516.69	0.17696	43.388	0.075344	supercritical
996.67	30	148.66	0.0067267	1048.6	1250.4	2.8975	1.0538	1.2882	517.07	0.175	43.43	0.075448	supercritical
998.33	30	148.41	0.0067383	1050.4	1252.5	2.8997	1.0542	1.2885	517.46	0.17304	43.472	0.075552	supercritical
1000	30	148.15	0.0067499	1052.2	1254.7	2.9018	1.0547	1.2887	517.84	0.17108	43.514	0.075655	supercritical
1001.7	30	147.9	0.0067615	1054	1256.8	2.904	1.0551	1.2889	518.23	0.16914	43.556	0.075759	supercritical
1003.3	30	147.64	0.0067731	1055.8	1259	2.9061	1.0555	1.2891	518.61	0.1672	43.598	0.075862	supercritical
1005	30	147.39	0.0067847	1057.6	1261.1	2.9083	1.0559	1.2894	519	0.16527	43.64	0.075966	supercritical
1006.7	30	147.14	0.0067963	1059.4	1263.3	2.9104	1.0563	1.2896	519.38	0.16335	43.681	0.076069	supercritical
1008.3	30	146.89	0.0068079	1061.2	1265.4	2.9125	1.0567	1.2898	519.76	0.16144	43.723	0.076173	supercritical
1010	30	146.64	0.0068195	1063	1267.6	2.9147	1.0571	1.2901	520.14	0.15954	43.765	0.076276	supercritical
1011.7	30	146.39	0.0068311	1064.8	1269.7	2.9168	1.0575	1.2903	520.53	0.15764	43.807	0.07638	supercritical
1013.3	30	146.14	0.0068427	1066.6	1271.9	2.9189	1.058	1.2905	520.91	0.15575	43.849	0.076483	supercritical
1015	30	145.89	0.0068543	1068.4	1274	2.921	1.0584	1.2908	521.29	0.15387	43.891	0.076587	supercritical
1016.7	30	145.65	0.0068659	1070.2	1276.2	2.9232	1.0588	1.291	521.67	0.152	43.932	0.07669	supercritical
1018.3	30	145.4	0.0068774	1072	1278.3	2.9253	1.0592	1.2912	522.05	0.15013	43.974	0.076793	supercritical
1020	30	145.16	0.006889	1073.8	1280.5	2.9274	1.0596	1.2915	522.43	0.14827	44.016	0.076897	supercritical
1021.7	30	144.92	0.0069006	1075.6	1282.6	2.9295	1.06	1.2917	522.81	0.14642	44.058	0.077	supercritical
1023.3	30	144.67	0.0069121	1077.4	1284.8	2.9316	1.0604	1.2919	523.19	0.14458	44.099	0.077104	supercritical
1025	30	144.43	0.0069237	1079.2	1287	2.9337	1.0608	1.2922	523.57	0.14274	44.141	0.077207	supercritical
1026.7	30	144.19	0.0069353	1081.1	1289.1	2.9358	1.0612	1.2924	523.95	0.14091	44.183	0.07731	supercritical
1028.3	30	143.95	0.0069468	1082.9	1291.3	2.9379	1.0616	1.2926	524.32	0.13909	44.225	0.077414	supercritical
1030	30	143.71	0.0069584	1084.7	1293.4	2.94	1.062	1.2929	524.7	0.13728	44.266	0.077517	supercritical
1031.7	30	143.47	0.0069699	1086.5	1295.6	2.9421	1.0624	1.2931	525.08	0.13547	44.308	0.07762	supercritical
1033.3	30	143.24	0.0069814	1088.3	1297.7	2.9442	1.0628	1.2933	525.46	0.13368	44.35	0.077723	supercritical
1035	30	143	0.006993	1090.1	1299.9	2.9463	1.0632	1.2936	525.83	0.13188	44.392	0.077827	supercritical
1036.7	30	142.77	0.0070045	1091.9	1302	2.9483	1.0636	1.2938	526.21	0.1301	44.433	0.07793	supercritical
1038.3	30	142.53	0.007016	1093.7	1304.2	2.9504	1.064	1.294	526.59	0.12832	44.475	0.078033	supercritical
1040	30	142.3	0.0070276	1095.5	1306.4	2.9525	1.0643	1.2943	526.96	0.12655	44.517	0.078136	supercritical
1041.7	30	142.06	0.0070391	1097.3	1308.5	2.9546	1.0647	1.2945	527.34	0.12479	44.558	0.078239	supercritical
1043.3	30	141.83	0.0070506	1099.1	1310.7	2.9566	1.0651	1.2947	527.71	0.12303	44.6	0.078342	supercritical
1045	30	141.6	0.0070621	1101	1312.8	2.9587	1.0655	1.295	528.09	0.12128	44.642	0.078445	supercritical
1046.7	30	141.37	0.0070736	1102.8	1315	2.9608	1.0659	1.2952	528.46	0.11954	44.683	0.078549	supercritical
1048.3	30	141.14	0.0070852	1104.6	1317.1	2.9628	1.0663	1.2954	528.83	0.11781	44.725	0.078652	supercritical
1050	30	140.91	0.0070967	1106.4	1319.3	2.9649	1.0667	1.2957	529.21	0.11608	44.767	0.078755	supercritical
1051.7	30	140.68	0.0071082	1108.2	1321.5	2.9669	1.0671	1.2959	529.58	0.11435	44.808	0.078858	supercritical
1053.3	30	140.46	0.0071197	1110	1323.6	2.969	1.0674	1.2961	529.95	0.11264	44.85	0.078961	supercritical
1055	30	140.23	0.0071312	1111.8	1325.8	2.971	1.0678	1.2964	530.33	0.11093	44.891	0.079064	supercritical
1056.7	30	140	0.0071426	1113.7	1327.9	2.9731	1.0682	1.2966	530.7	0.10923	44.933	0.079167	supercritical
1058.3	30	139.78	0.0071541	1115.5	1330.1	2.9751	1.0686	1.2968	531.07	0.10753	44.975	0.07927	supercritical
1060	30	139.56	0.0071656	1117.3	1332.3	2.9772	1.069	1.2971	531.44	0.10585	45.016	0.079372	supercritical
1061.7	30	139.33	0.0071771	1119.1	1334.4	2.9792	1.0694	1.2973	531.81	0.10416	45.058	0.079475	supercritical
1063.3	30	139.11	0.0071886	1120.9	1336.6	2.9812	1.0697	1.2975	532.18	0.10249	45.099	0.079578	supercritical
1065	30	138.89	0.0072	1122.8	1338.8	2.9833	1.0701	1.2978	532.55	0.10082	45.141	0.079681	supercritical
1066.7	30	138.67	0.0072115	1124.6	1340.9	2.9853	1.0705	1.298	532.92	0.099159	45.182	0.079784	supercritical
1068.3	30	138.45	0.007223	1126.4	1343.1	2.9873	1.0709	1.2982	533.29	0.097503	45.224	0.079887	supercritical
1070	30	138.23	0.0072344	1128.2	1345.2	2.9894	1.0712	1.2984	533.66	0.095853	45.265	0.079989	supercritical
1071.7	30	138.01	0.0072459	1130	1347.4	2.9914	1.0716	1.2987	534.03	0.09421	45.307	0.080092	supercritical
1073.3	30	137.79	0.0072574	1131.9	1349.6	2.9934	1.072	1.2989	534.4	0.092574	45.348	0.080195	supercritical
1075	30	137.57	0.0072688	1133.7	1351.7	2.9954	1.0724	1.2991	534.77	0.090943	45.39	0.080297	supercritical
1076.7	30	137.36	0.0072803	1135.5	1353.9	2.9974	1.0727	1.2994	535.14	0.089319	45.431	0.0804	supercritical
1078.3	30	137.14	0.0072917	1137.3	1356.1	2.9994	1.0731	1.2996	535.5	0.087701	45.473	0.080503	supercritical
1080	30	136.93	0.0073032	1139.1	1358.2	3.0014	1.0735	1.2998	535.87	0.086089	45.514	0.080605	supercritical
1081.7	30	136.71	0.0073146	1141	1360.4	3.0034	1.0738	1.3001	536.24	0.084484	45.556	0.080708	supercritical
1083.3	30	136.5	0.007326	1142.8	1362.6	3.0054	1.0742	1.3003	536.6	0.082884	45.597	0.08081	supercritical
1085	30	136.29	0.0073375	1144.6	1364.7	3.0074	1.0746	1.3005	536.97	0.081291	45.638	0.080913	supercritical
1086.7	30	136.07	0.0073489	1146.4	1366.9	3.0094	1.0749	1.3007	537.34	0.079703	45.68	0.081015	supercritical
1088.3	30	135.86	0.0073603	1148.3	1369.1	3.0114	1.0753	1.301	537.7	0.078122	45.721	0.081118	supercritical
1090	30	135.65	0.0073718	1150.1	1371.2	3.0134	1.0756	1.3012	538.07	0.076547	45.763	0.08122	supercritical
1091.7	30	135.44	0.0073832	1151.9	1373.4	3.0154	1.076	1.3014	538.43	0.074977	45.804	0.081323	supercritical
1093.3	30	135.23	0.0073946	1153.7	1375.6	3.0174	1.0764	1.3016	538.8	0.073414	45.845	0.081425	supercritical
1095	30	135.03	0.007406	1155.6	1377.7	3.0194	1.0767	1.3019	539.16	0.071856	45.887	0.081527	supercritical
1096.7	30	134.82	0.0074174	1157.4	1379.9	3.0214	1.0771	1.3021	539.52	0.070304	45.928	0.08163	supercritical
1098.3	30	134.61	0.0074288	1159.2	1382.1	3.0233	1.0774	1.3023	539.89	0.068758	45.969	0.081732	supercritical
1100	30	134.4	0.0074403	1161.1	1384.3	3.0253	1.0778	1.3026	540.25	0.067218	46.011	0.081834	supercritical
1101.7	30	134.2	0.0074517	1162.9	1386.4	3.0273	1.0782	1.3028	540.61	0.065684	46.052	0.081936	supercritical
1103.3	30	133.99	0.0074631	1164.7	1388.6	3.0293	1.0785	1.303	540.98	0.064155	46.093	0.082039	supercritical
1105	30	133.79	0.0074745	1166.5	1390.8	3.0312	1.0789	1.3032	541.34	0.062632	46.135	0.082141	supercritical
1106.7	30	133.59	0.0074859	1168.4	1392.9	3.0332	1.0792	1.3035	541.7	0.061115	46.176	0.082243	supercritical
1108.3	30	133.38	0.0074972	1170.2	1395.1	3.0351	1.0796	1.3037	542.06	0.059603	46.217	0.082345	supercritical
1110	30	133.18	0.0075086	1172	1397.3	3.0371	1.0799	1.3039	542.42	0.058097	46.258	0.082447	supercritical
1111.7	30	132.98	0.00752	1173.9	1399.5	3.0391	1.0803	1.3041	542.78	0.056596	46.3	0.082549	supercritical
1113.3	30	132.78	0.0075314	1175.7	1401.6	3.041	1.0806	1.3044	543.15	0.055101	46.341	0.082651	supercritical
1115	30	132.58	0.0075428	1177.5	1403.8	3.043	1.081	1.3046	543.51	0.053612	46.382	0.082753	supercritical
1116.7	30	132.38	0.0075542	1179.4	1406	3.0449	1.0813	1.3048	543.87	0.052128	46.423	0.082855	supercritical
1118.3	30	132.18	0.0075655	1181.2	1408.2	3.0469	1.0817	1.305	544.23	0.050649	46.465	0.082957	supercritical
1120	30	131.98	0.0075769	1183	1410.3	3.0488	1.082	1.3053	544.59	0.049176	46.506	0.083059	supercritical
1121.7	30	131.78	0.0075883	1184.9	1412.5	3.0507	1.0824	1.3055	544.94	0.047708	46.547	0.083161	supercritical
1123.3	30	131.59	0.0075996	1186.7	1414.7	3.0527	1.0827	1.3057	545.3	0.046246	46.588	0.083263	supercritical
1125	30	131.39	0.007611	1188.5	1416.9	3.0546	1.083	1.3059	545.66	0.044789	46.629	0.083364	supercritical
1126.7	30	131.19	0.0076224	1190.4	1419	3.0566	1.0834	1.3062	546.02	0.043337	46.67	0.083466	supercritical
1128.3	30	131	0.0076337	1192.2	1421.2	3.0585	1.0837	1.3064	546.38	0.041891	46.711	0.083568	supercritical
1130	30	130.8	0.0076451	1194	1423.4	3.0604	1.0841	1.3066	546.74	0.040449	46.753	0.08367	supercritical
1131.7	30	130.61	0.0076564	1195.9	1425.6	3.0623	1.0844	1.3068	547.09	0.039013	46.794	0.083771	supercritical
1133.3	30	130.42	0.0076678	1197.7	1427.8	3.0643	1.0848	1.307	547.45	0.037582	46.835	0.083873	supercritical
1135	30	130.22	0.0076791	1199.6	1429.9	3.0662	1.0851	1.3073	547.81	0.036157	46.876	0.083975	supercritical
1136.7	30	130.03	0.0076905	1201.4	1432.1	3.0681	1.0854	1.3075	548.16	0.034736	46.917	0.084076	supercritical
1138.3	30	129.84	0.0077018	1203.2	1434.3	3.07	1.0858	1.3077	548.52	0.033321	46.958	0.084178	supercritical
1140	30	129.65	0.0077132	1205.1	1436.5	3.0719	1.0861	1.3079	548.87	0.03191	46.999	0.084279	supercritical
1141.7	30	129.46	0.0077245	1206.9	1438.6	3.0738	1.0864	1.3081	549.23	0.030505	47.04	0.084381	supercritical
1143.3	30	129.27	0.0077358	1208.8	1440.8	3.0758	1.0868	1.3084	549.58	0.029105	47.081	0.084482	supercritical
1145	30	129.08	0.0077472	1210.6	1443	3.0777	1.0871	1.3086	549.94	0.027709	47.122	0.084584	supercritical
1146.7	30	128.89	0.0077585	1212.4	1445.2	3.0796	1.0874	1.3088	550.29	0.026319	47.163	0.084685	supercritical
1148.3	30	128.7	0.0077698	1214.3	1447.4	3.0815	1.0878	1.309	550.65	0.024934	47.204	0.084786	supercritical
1150	30	128.52	0.0077811	1216.1	1449.6	3.0834	1.0881	1.3092	551	0.023553	47.245	0.084888	supercritical
1151.7	30	128.33	0.0077925	1218	1451.7	3.0853	1.0884	1.3095	551.36	0.022178	47.286	0.084989	supercritical
1153.3	30	128.14	0.0078038	1219.8	1453.9	3.0872	1.0887	1.3097	551.71	0.020807	47.327	0.08509	supercritical
1155	30	127.96	0.0078151	1221.7	1456.1	3.089	1.0891	1.3099	552.06	0.019441	47.368	0.085191	supercritical
1156.7	30	127.77	0.0078264	1223.5	1458.3	3.0909	1.0894	1.3101	552.41	0.01808	47.409	0.085292	supercritical
1158.3	30	127.59	0.0078377	1225.3	1460.5	3.0928	1.0897	1.3103	552.77	0.016724	47.45	0.085394	supercritical
1160	30	127.4	0.007849	1227.2	1462.7	3.0947	1.0901	1.3105	553.12	0.015373	47.491	0.085495	supercritical
1161.7	30	127.22	0.0078603	1229	1464.8	3.0966	1.0904	1.3108	553.47	0.014026	47.531	0.085596	supercritical
1163.3	30	127.04	0.0078716	1230.9	1467	3.0985	1.0907	1.311	553.82	0.012684	47.572	0.085697	supercritical
1165	30	126.86	0.0078829	1232.7	1469.2	3.1003	1.091	1.3112	554.17	0.011347	47.613	0.085798	supercritical
1166.7	30	126.67	0.0078942	1234.6	1471.4	3.1022	1.0913	1.3114	554.52	0.010014	47.654	0.085899	supercritical
1168.3	30	126.49	0.0079055	1236.4	1473.6	3.1041	1.0917	1.3116	554.88	0.0086859	47.695	0.086	supercritical
1170	30	126.31	0.0079168	1238.3	1475.8	3.106	1.092	1.3118	555.23	0.0073626	47.736	0.0861	supercritical
1171.7	30	126.13	0.0079281	1240.1	1478	3.1078	1.0923	1.3121	555.58	0.0060438	47.777	0.086201	supercritical
1173.3	30	125.95	0.0079394	1242	1480.1	3.1097	1.0926	1.3123	555.93	0.0047296	47.817	0.086302	supercritical
1175	30	125.78	0.0079507	1243.8	1482.3	3.1116	1.0929	1.3125	556.28	0.00342	47.858	0.086403	supercritical
1176.7	30	125.6	0.007962	1245.7	1484.5	3.1134	1.0933	1.3127	556.62	0.0021149	47.899	0.086504	supercritical
1178.3	30	125.42	0.0079732	1247.5	1486.7	3.1153	1.0936	1.3129	556.97	0.00081429	47.94	0.086604	supercritical
1180	30	125.24	0.0079845	1249.4	1488.9	3.1171	1.0939	1.3131	557.32	-0.00048183	47.98	0.086705	supercritical
1181.7	30	125.07	0.0079958	1251.2	1491.1	3.119	1.0942	1.3133	557.67	-0.0017735	48.021	0.086806	supercritical
1183.3	30	124.89	0.0080071	1253.1	1493.3	3.1208	1.0945	1.3136	558.02	-0.0030607	48.062	0.086906	supercritical
1185	30	124.71	0.0080183	1254.9	1495.5	3.1227	1.0948	1.3138	558.37	-0.0043435	48.103	0.087007	supercritical
1186.7	30	124.54	0.0080296	1256.8	1497.6	3.1245	1.0951	1.314	558.71	-0.005622	48.143	0.087107	supercritical
1188.3	30	124.36	0.0080409	1258.6	1499.8	3.1264	1.0954	1.3142	559.06	-0.006896	48.184	0.087208	supercritical
1190	30	124.19	0.0080521	1260.5	1502	3.1282	1.0958	1.3144	559.41	-0.0081657	48.225	0.087308	supercritical
1191.7	30	124.02	0.0080634	1262.3	1504.2	3.1301	1.0961	1.3146	559.75	-0.0094311	48.265	0.087409	supercritical
1193.3	30	123.84	0.0080747	1264.2	1506.4	3.1319	1.0964	1.3148	560.1	-0.010692	48.306	0.087509	supercritical
1195	30	123.67	0.0080859	1266	1508.6	3.1337	1.0967	1.315	560.45	-0.011949	48.347	0.087609	supercritical
1196.7	30	123.5	0.0080972	1267.9	1510.8	3.1356	1.097	1.3152	560.79	-0.013202	48.387	0.08771	supercritical
1198.3	30	123.33	0.0081084	1269.7	1513	3.1374	1.0973	1.3155	561.14	-0.01445	48.428	0.08781	supercritical
1200	30	123.16	0.0081197	1271.6	1515.2	3.1392	1.0976	1.3157	561.48	-0.015694	48.468	0.08791	supercritical
1201.7	30	122.99	0.0081309	1273.4	1517.4	3.141	1.0979	1.3159	561.83	-0.016934	48.509	0.08801	supercritical
1203.3	30	122.82	0.0081422	1275.3	1519.6	3.1429	1.0982	1.3161	562.17	-0.01817	48.55	0.088111	supercritical
1205	30	122.65	0.0081534	1277.2	1521.8	3.1447	1.0985	1.3163	562.52	-0.019401	48.59	0.088211	supercritical
1206.7	30	122.48	0.0081646	1279	1524	3.1465	1.0988	1.3165	562.86	-0.020629	48.631	0.088311	supercritical
1208.3	30	122.31	0.0081759	1280.9	1526.1	3.1483	1.0991	1.3167	563.21	-0.021852	48.671	0.088411	supercritical
1210	30	122.14	0.0081871	1282.7	1528.3	3.1501	1.0994	1.3169	563.55	-0.023071	48.712	0.088511	supercritical
1211.7	30	121.98	0.0081984	1284.6	1530.5	3.152	1.0997	1.3171	563.89	-0.024286	48.752	0.088611	supercritical
1213.3	30	121.81	0.0082096	1286.4	1532.7	3.1538	1.1	1.3173	564.24	-0.025497	48.793	0.088711	supercritical
1215	30	121.64	0.0082208	1288.3	1534.9	3.1556	1.1003	1.3175	564.58	-0.026705	48.833	0.088811	supercritical
1216.7	30	121.48	0.008232	1290.2	1537.1	3.1574	1.1006	1.3177	564.92	-0.027908	48.874	0.08891	supercritical
1218.3	30	121.31	0.0082433	1292	1539.3	3.1592	1.1009	1.3179	565.26	-0.029107	48.914	0.08901	supercritical
1220	30	121.15	0.0082545	1293.9	1541.5	3.161	1.1012	1.3182	565.61	-0.030302	48.955	0.08911	supercritical
1221.7	30	120.98	0.0082657	1295.7	1543.7	3.1628	1.1015	1.3184	565.95	-0.031493	48.995	0.08921	supercritical
1223.3	30	120.82	0.0082769	1297.6	1545.9	3.1646	1.1018	1.3186	566.29	-0.03268	49.035	0.089309	supercritical
1225	30	120.65	0.0082881	1299.5	1548.1	3.1664	1.1021	1.3188	566.63	-0.033864	49.076	0.089409	supercritical
1226.7	30	120.49	0.0082994	1301.3	1550.3	3.1682	1.1024	1.319	566.97	-0.035043	49.116	0.089509	supercritical
1228.3	30	120.33	0.0083106	1303.2	1552.5	3.17	1.1027	1.3192	567.31	-0.036219	49.157	0.089608	supercritical
1230	30	120.17	0.0083218	1305.1	1554.7	3.1718	1.103	1.3194	567.65	-0.03739	49.197	0.089708	supercritical
1231.7	30	120	0.008333	1306.9	1556.9	3.1735	1.1033	1.3196	567.99	-0.038558	49.237	0.089807	supercritical
1233.3	30	119.84	0.0083442	1308.8	1559.1	3.1753	1.1035	1.3198	568.33	-0.039722	49.278	0.089907	supercritical
1235	30	119.68	0.0083554	1310.6	1561.3	3.1771	1.1038	1.32	568.67	-0.040883	49.318	0.090006	supercritical
1236.7	30	119.52	0.0083666	1312.5	1563.5	3.1789	1.1041	1.3202	569.01	-0.042039	49.358	0.090106	supercritical
1238.3	30	119.36	0.0083778	1314.4	1565.7	3.1807	1.1044	1.3204	569.35	-0.043192	49.399	0.090205	supercritical
1240	30	119.2	0.008389	1316.2	1567.9	3.1824	1.1047	1.3206	569.69	-0.044341	49.439	0.090304	supercritical
1241.7	30	119.04	0.0084002	1318.1	1570.1	3.1842	1.105	1.3208	570.03	-0.045486	49.479	0.090403	supercritical
1243.3	30	118.89	0.0084114	1320	1572.3	3.186	1.1053	1.321	570.37	-0.046628	49.519	0.090503	supercritical
1245	30	118.73	0.0084226	1321.8	1574.5	3.1878	1.1056	1.3212	570.71	-0.047765	49.56	0.090602	supercritical
1246.7	30	118.57	0.0084338	1323.7	1576.7	3.1895	1.1058	1.3214	571.04	-0.0489	49.6	0.090701	supercritical
1248.3	30	118.41	0.008445	1325.6	1578.9	3.1913	1.1061	1.3216	571.38	-0.05003	49.64	0.0908	supercritical
1250	30	118.26	0.0084561	1327.4	1581.1	3.1931	1.1064	1.3218	571.72	-0.051157	49.68	0.090899	supercritical
1251.7	30	118.1	0.0084673	1329.3	1583.3	3.1948	1.1067	1.322	572.06	-0.05228	49.721	0.090998	supercritical
1253.3	30	117.95	0.0084785	1331.2	1585.5	3.1966	1.107	1.3222	572.39	-0.0534	49.761	0.091097	supercritical
1255	30	117.79	0.0084897	1333	1587.7	3.1983	1.1072	1.3224	572.73	-0.054516	49.801	0.091196	supercritical
1256.7	30	117.64	0.0085009	1334.9	1589.9	3.2001	1.1075	1.3226	573.07	-0.055629	49.841	0.091295	supercritical
1258.3	30	117.48	0.008512	1336.8	1592.1	3.2018	1.1078	1.3228	573.4	-0.056738	49.881	0.091394	supercritical
1260	30	117.33	0.0085232	1338.6	1594.3	3.2036	1.1081	1.323	573.74	-0.057843	49.921	0.091493	supercritical
1261.7	30	117.17	0.0085344	1340.5	1596.5	3.2053	1.1084	1.3232	574.07	-0.058945	49.961	0.091591	supercritical
1263.3	30	117.02	0.0085456	1342.4	1598.8	3.2071	1.1086	1.3234	574.41	-0.060043	50.002	0.09169	supercritical
1265	30	116.87	0.0085567	1344.3	1601	3.2088	1.1089	1.3236	574.74	-0.061138	50.042	0.091789	supercritical
1266.7	30	116.71	0.0085679	1346.1	1603.2	3.2106	1.1092	1.3238	575.08	-0.06223	50.082	0.091888	supercritical
1268.3	30	116.56	0.0085791	1348	1605.4	3.2123	1.1095	1.324	575.41	-0.063318	50.122	0.091986	supercritical
1270	30	116.41	0.0085902	1349.9	1607.6	3.2141	1.1097	1.3242	575.75	-0.064403	50.162	0.092085	supercritical
1271.7	30	116.26	0.0086014	1351.7	1609.8	3.2158	1.11	1.3244	576.08	-0.065484	50.202	0.092183	supercritical
1273.3	30	116.11	0.0086125	1353.6	1612	3.2175	1.1103	1.3245	576.42	-0.066562	50.242	0.092282	supercritical
1275	30	115.96	0.0086237	1355.5	1614.2	3.2193	1.1106	1.3247	576.75	-0.067636	50.282	0.09238	supercritical
1276.7	30	115.81	0.0086349	1357.4	1616.4	3.221	1.1108	1.3249	577.08	-0.068707	50.322	0.092479	supercritical
1278.3	30	115.66	0.008646	1359.2	1618.6	3.2227	1.1111	1.3251	577.42	-0.069775	50.362	0.092577	supercritical
1280	30	115.51	0.0086572	1361.1	1620.8	3.2244	1.1114	1.3253	577.75	-0.070839	50.402	0.092675	supercritical
1281.7	30	115.36	0.0086683	1363	1623	3.2262	1.1116	1.3255	578.08	-0.0719	50.442	0.092774	supercritical
1283.3	30	115.21	0.0086795	1364.9	1625.2	3.2279	1.1119	1.3257	578.41	-0.072958	50.482	0.092872	supercritical
1285	30	115.07	0.0086906	1366.7	1627.5	3.2296	1.1122	1.3259	578.75	-0.074012	50.522	0.09297	supercritical
1286.7	30	114.92	0.0087017	1368.6	1629.7	3.2313	1.1124	1.3261	579.08	-0.075064	50.562	0.093068	supercritical
1288.3	30	114.77	0.0087129	1370.5	1631.9	3.233	1.1127	1.3263	579.41	-0.076111	50.602	0.093167	supercritical
1290	30	114.63	0.008724	1372.4	1634.1	3.2348	1.113	1.3265	579.74	-0.077156	50.641	0.093265	supercritical
1291.7	30	114.48	0.0087352	1374.2	1636.3	3.2365	1.1132	1.3267	580.07	-0.078198	50.681	0.093363	supercritical
1293.3	30	114.33	0.0087463	1376.1	1638.5	3.2382	1.1135	1.3269	580.4	-0.079236	50.721	0.093461	supercritical
1295	30	114.19	0.0087574	1378	1640.7	3.2399	1.1138	1.327	580.73	-0.080271	50.761	0.093559	supercritical
1296.7	30	114.04	0.0087686	1379.9	1642.9	3.2416	1.114	1.3272	581.06	-0.081303	50.801	0.093657	supercritical
1298.3	30	113.9	0.0087797	1381.7	1645.1	3.2433	1.1143	1.3274	581.39	-0.082331	50.841	0.093754	supercritical
1300	30	113.75	0.0087908	1383.6	1647.4	3.245	1.1145	1.3276	581.72	-0.083357	50.881	0.093852	supercritical
